c4:0a:cb:25:b5:54,0,9270,1399221,0,0,4238,1019064,5032,380157
ff:ff:ff:ff:ff:ff,0,106896,22950904,0,0,1175,96180,105721,22854724
b0:be:83:4e:69:e6,0,109,66457,0,0,109,66457,0,0
33:33:00:00:00:fb,0,16414,6577769,0,0,0,0,16414,6577769
f2:c5:4e:cf:00:28,0,8,3336,0,0,8,3336,0,0
bc:d0:74:30:f2:12,0,146,70060,0,0,146,70060,0,0
01:00:5e:7f:ff:fa,0,5199,1705123,0,0,0,0,5199,1705123
b0:60:88:da:69:f2,0,1627,250936,0,0,1627,250936,0,0
50:ed:3c:59:eb:06,0,89,62040,0,0,89,62040,0,0
01:00:5e:00:00:fb,0,25465,10361398,0,0,0,0,25465,10361398
70:a8:d3:c7:73:47,0,9,2430,0,0,9,2430,0,0
c4:0a:cb:2d:ca:81,0,1794,607310,0,0,1780,606330,14,980
c4:0a:cb:25:b5:52,0,2906,997127,0,0,2901,996777,5,350
7f:15:2d:22:b5:52,0,1,70,0,0,1,70,0,0
f8:89:d2:c7:07:75,0,11093,2082746,0,0,1277,196161,9816,1886585
f8:89:d2:c7:07:93,0,2,630,0,0,1,179,1,451
30:7f:29:33:13:b9,0,1,179,0,0,0,0,1,179
b5:54:04:00:10:77,0,1,88,0,0,1,88,0,0
88:f0:31:04:19:97,0,9222,3038624,0,0,9220,3038274,2,350
cb:25:b5:54:8e:e9,0,3,228,0,0,3,228,0,0
b4:00:1c:01:f8:89,0,3,228,0,0,0,0,3,228
27:85:b5:54:8e:e9,0,2,140,0,0,2,140,0,0
c4:00:f2:00:c4:0a,0,2,140,0,0,0,0,2,140
ff:ff:ff:ff:de:b0,0,1,84,0,0,1,84,0,0
d2:c7:07:75:05:00,0,343,28812,0,0,0,0,343,28812
c4:0a:cb:2d:ca:83,0,1874,544334,0,0,1863,543564,11,770
c4:0a:cb:25:b5:51,0,2899,992266,0,0,2896,992056,3,210
56:04:b2:b5:b5:51,0,1,70,0,0,1,70,0,0
56:04:b2:b5:b5:54,0,1,70,0,0,1,70,0,0
f8:89:d2:47:8d:56,0,1,1063,0,0,1,1063,0,0
ef:8a:55:64:22:4a,0,1,1063,0,0,0,0,1,1063
b5:54:04:00:50:77,0,1,88,0,0,1,88,0,0
d4:8a:39:57:2e:d2,0,10408,859521,0,0,8287,677551,2121,181970
c4:0a:cb:25:b5:55,0,11523,1448627,0,0,2445,724952,9078,723675
39:57:2e:d2:85:84,0,6739,471730,0,0,6739,471730,0,0
83:40:cb:25:b5:55,0,6707,469490,0,0,0,0,6707,469490
d2:c7:07:75:df:e2,0,1,70,0,0,1,70,0,0
3b:b7:cb:25:b5:55,0,1,70,0,0,0,0,1,70
d2:c7:07:75:71:ec,0,547,38290,0,0,547,38290,0,0
d4:87:cb:25:b5:55,0,212,14840,0,0,0,0,212,14840
c4:0a:cb:2d:ca:85,0,4774,753418,0,0,4010,697334,764,56084
10:ec:81:9b:a3:a6,0,86,13089,0,0,86,13089,0,0
e8:5a:8b:6e:7a:0d,0,217,60020,0,0,217,60020,0,0
10:ec:81:f4:8c:2c,0,11,2503,0,0,11,2503,0,0
2c:a7:ef:92:d1:93,0,245,43917,0,0,245,43917,0,0
f0:1f:c7:9d:0e:c2,0,69,23439,0,0,69,23439,0,0
9c:28:f7:1f:c2:7a,0,221,39257,0,0,221,39257,0,0
c4:0a:cb:25:b5:53,0,2523,740716,0,0,2522,740646,1,70
71:ec:d4:87:b5:53,0,78,5460,0,0,78,5460,0,0
b4:f9:f0:b2:b5:53,0,1,70,0,0,1,70,0,0
7e:8f:c1:9f:6d:25,0,1045,126561,0,0,724,97862,321,28699
b4:bb:07:14:6d:25,0,301,21070,0,0,301,21070,0,0
c4:0a:cb:2d:ca:80,0,1916,651580,0,0,1905,650810,11,770
bc:f7:30:0d:69:96,0,297,45150,0,0,297,45150,0,0
68:db:f5:3f:de:9b,0,5,1620,0,0,5,1620,0,0
dc:91:bf:99:79:ce,0,3,972,0,0,3,972,0,0
e4:0c:fd:a4:7d:e9,0,374,56672,0,0,374,56672,0,0
a0:78:17:b8:18:45,0,39,14702,0,0,39,14702,0,0
64:dd:e9:9f:35:76,0,355,54858,0,0,355,54858,0,0
d0:49:7c:9f:9b:f7,0,403,64693,0,0,403,64693,0,0
68:bf:85:f6:9b:f7,0,1,76,0,0,1,76,0,0
a0:02:dc:1b:96:b7,0,816,180989,0,0,757,156449,59,24540
c4:0a:cb:2d:ca:82,0,1386,470779,0,0,1375,470009,11,770
c4:0a:cb:25:b5:50,0,3149,1023521,0,0,2972,1009637,177,13884
c0:e4:34:f1:1f:93,0,36,7043,0,0,35,6709,1,334
33:33:00:01:00:02,0,303,74565,0,0,0,0,303,74565
34:6f:24:c0:30:f5,0,105,20527,0,0,105,20527,0,0
90:78:41:04:75:c7,0,2,622,0,0,2,622,0,0
3c:06:30:30:82:c0,0,114,59206,0,0,114,59206,0,0
38:87:d5:cc:1c:d0,0,102,20617,0,0,102,20617,0,0
33:33:00:00:00:16,0,2602,511364,0,0,0,0,2602,511364
d2:c7:07:75:92:d7,0,11,770,0,0,11,770,0,0
b0:0b:cb:25:b5:55,0,10,700,0,0,0,0,10,700
98:8f:e5:70:b5:54,0,1,70,0,0,1,70,0,0
ff:ff:ff:f7:9c:3c,0,1,84,0,0,1,84,0,0
ff:ff:ff:fb:5f:f1,0,6,464,0,0,6,464,0,0
07:75:c4:0a:cb:25,0,1046,80216,0,0,0,0,1046,80216
b5:54:45:88:bd:62,0,4,280,0,0,0,0,4,280
20:c1:9b:76:72:67,0,12,2828,0,0,12,2828,0,0
10:07:b6:96:35:48,0,105,15864,0,0,105,15864,0,0
8c:de:f9:51:91:4e,0,1553,700987,0,0,1551,700779,2,208
34:fe:77:10:ec:37,0,65,22817,0,0,65,22817,0,0
ac:c0:48:02:eb:b1,0,229,34510,0,0,229,34510,0,0
38:38:4b:6f:38:99,0,390,58632,0,0,390,58632,0,0
38:d5:7a:57:46:fd,0,224,41399,0,0,224,41399,0,0
a4:c3:f0:9e:cd:6b,0,11,2876,0,0,11,2876,0,0
5c:ba:ef:0a:1b:77,0,44,9456,0,0,44,9456,0,0
54:6c:eb:e4:2b:1d,0,18,4725,0,0,18,4725,0,0
1c:57:dc:48:55:ab,0,12,3978,0,0,12,3978,0,0
9c:50:d1:9d:2d:b5,0,154,20366,0,0,113,17352,41,3014
4c:63:71:4b:d5:0b,0,38,8001,0,0,38,8001,0,0
b0:e5:f9:73:e1:09,0,28,7410,0,0,28,7410,0,0
80:ad:16:a8:30:66,0,248,40259,0,0,248,40259,0,0
9c:28:f7:bb:f7:bd,0,175,27566,0,0,175,27566,0,0
f8:89:d2:bf:d0:8f,0,1,220,0,0,1,220,0,0
5d:bf:67:63:0f:ca,0,1,220,0,0,0,0,1,220
b5:54:04:00:a0:77,0,4,352,0,0,4,352,0,0
9c:89:f2:87:32:34,0,1,220,0,0,1,220,0,0
c5:04:0d:0f:4c:75,0,1,220,0,0,0,0,1,220
f8:89:d2:c7:07:f5,0,1,220,0,0,1,220,0,0
df:35:ce:fb:02:b9,0,1,220,0,0,0,0,1,220
f8:83:f4:6f:df:7d,0,1,173,0,0,1,173,0,0
00:00:0c:07:ac:28,0,1357,324065,0,0,57,8464,1300,315601
b5:54:b7:e3:d5:7e,0,7,526,0,0,7,526,0,0
ff:ff:ff:ff:df:b9,0,1,84,0,0,1,84,0,0
ff:ff:ff:ff:37:38,0,1,84,0,0,1,84,0,0
a4:4b:d5:4a:b4:2b,0,184,29632,0,0,184,29632,0,0
88:a3:03:8c:98:52,0,15,4595,0,0,15,4595,0,0
2c:be:eb:60:b4:0f,0,20,3264,0,0,20,3264,0,0
70:5e:55:b9:70:eb,0,58,8848,0,0,58,8848,0,0
10:ec:81:17:21:9e,0,235,36182,0,0,235,36182,0,0
3c:19:5e:4f:e1:20,0,206,38542,0,0,206,38542,0,0
71:ec:d4:87:b5:50,0,74,5180,0,0,74,5180,0,0
f8:89:d2:51:0e:c7,0,26,4967,0,0,26,4967,0,0
9c:3e:53:92:9e:a1,0,51,16384,0,0,51,16384,0,0
54:6c:eb:cb:31:0d,0,126,24680,0,0,126,24680,0,0
b0:be:83:18:7a:f1,0,87,46112,0,0,87,46112,0,0
c4:0a:cb:5c:11:f3,0,696,53466,0,0,5,392,691,53074
3c:19:5e:1d:02:48,0,6,924,0,0,6,924,0,0
48:bc:e1:11:3e:10,0,147,22971,0,0,147,22971,0,0
c8:2a:dd:ab:2c:ac,0,200,33609,0,0,200,33609,0,0
e0:1f:88:2c:e9:8d,0,153,33631,0,0,153,33631,0,0
60:7e:c9:e2:fa:d4,0,145,33209,0,0,145,33209,0,0
10:00:20:00:e9:89,0,140,52543,0,0,140,52543,0,0
34:e9:11:7a:6f:cb,0,310,47162,0,0,310,47162,0,0
5c:17:cf:28:4a:87,0,244,57709,0,0,244,57709,0,0
2c:a7:ef:9c:28:37,0,163,25218,0,0,163,25218,0,0
a4:fc:14:ac:1d:f2,0,30,7883,0,0,30,7883,0,0
20:cd:6e:38:bf:5b,0,342,51912,0,0,342,51912,0,0
60:6e:e8:e9:eb:b6,0,275,42064,0,0,275,42064,0,0
d0:49:7c:82:21:79,0,354,54096,0,0,354,54096,0,0
dc:6d:cd:e0:a7:33,0,64,9740,0,0,64,9740,0,0
e8:f7:91:b9:c4:9c,0,137,25574,0,0,137,25574,0,0
f2:76:17:3f:00:3c,0,13,5421,0,0,13,5421,0,0
e0:80:6b:e3:0d:2e,0,3,462,0,0,3,462,0,0
92:2e:bb:6a:4c:60,0,532,83933,0,0,532,83933,0,0
10:82:d7:81:d9:f1,0,273,41645,0,0,273,41645,0,0
a4:55:90:3b:bc:0a,0,326,49908,0,0,326,49908,0,0
a4:55:90:2e:6e:02,0,143,21518,0,0,143,21518,0,0
14:dd:9c:cc:df:4b,0,254,38652,0,0,254,38652,0,0
94:8a:c6:28:b3:17,0,27,4926,0,0,27,4926,0,0
e4:ec:e8:11:04:5b,0,93,14238,0,0,93,14238,0,0
f2:c5:4e:cf:00:3c,0,10,4170,0,0,10,4170,0,0
c4:0a:cb:2d:ca:84,0,1794,551571,0,0,1769,549821,25,1750
8c:e0:42:96:a1:33,0,20,2996,0,0,20,2996,0,0
f2:c5:52:ef:00:3c,0,15,6255,0,0,15,6255,0,0
f2:76:16:1f:00:3c,0,13,5421,0,0,13,5421,0,0
94:52:44:a8:5f:57,0,173,26650,0,0,173,26650,0,0
00:93:37:d9:d4:74,0,36,8127,0,0,36,8127,0,0
a4:fc:77:43:53:17,0,4,1087,0,0,4,1087,0,0
5c:e9:1e:b1:e4:c0,0,122,56984,0,0,122,56984,0,0
ac:67:84:66:ee:38,0,1565,653676,0,0,1563,653321,2,355
0e:d3:45:db:a3:51,0,114,17700,0,0,114,17700,0,0
48:9d:d1:3f:28:19,0,6,1248,0,0,6,1248,0,0
33:33:00:00:00:02,0,1319,215236,0,0,0,0,1319,215236
d4:35:38:15:16:ce,0,1484,701447,0,0,1483,701273,1,174
48:74:12:33:62:11,0,47,7617,0,0,47,7617,0,0
1c:d1:07:46:54:2d,0,208,32667,0,0,208,32667,0,0
04:bd:bf:77:05:ec,0,366,56344,0,0,366,56344,0,0
2c:9d:65:48:c6:85,0,256,39344,0,0,254,39088,2,256
dc:b5:4f:0c:2f:d2,0,31,8878,0,0,31,8878,0,0
e4:84:d3:9c:24:d6,0,161,29852,0,0,161,29852,0,0
04:c8:07:2a:40:1c,0,224,70227,0,0,224,70227,0,0
88:a3:03:71:fe:6e,0,356,54068,0,0,356,54068,0,0
e4:9c:67:24:11:40,0,16,6512,0,0,16,6512,0,0
74:f2:fa:2d:3e:06,0,27,6042,0,0,27,6042,0,0
30:ab:6a:42:aa:bb,0,19,2926,0,0,19,2926,0,0
a8:4a:28:eb:0a:de,0,33,8229,0,0,33,8229,0,0
74:cb:f3:53:a8:8d,0,238,36492,0,0,238,36492,0,0
04:00:b0:d3:ff:ff,0,2,176,0,0,2,176,0,0
f4:1a:9c:e3:ee:4e,0,28,4144,0,0,28,4144,0,0
3c:19:5e:65:14:5e,0,107,16386,0,0,107,16386,0,0
5c:ed:f4:d6:54:a8,0,54,8240,0,0,54,8240,0,0
9a:72:20:54:54:a8,0,1,76,0,0,1,76,0,0
ff:ff:ff:ff:0f:ba,0,1,84,0,0,1,84,0,0
74:b5:87:8a:3e:de,0,31,9802,0,0,31,9802,0,0
f8:4e:73:20:39:72,0,48,15022,0,0,48,15022,0,0
08:54:bb:21:b9:07,0,3073,1364417,0,0,3062,1360806,11,3611
04:c8:07:1e:b6:f0,0,241,36442,0,0,241,36442,0,0
50:49:b0:d0:60:35,0,366,55784,0,0,366,55784,0,0
88:a3:03:e7:5c:63,0,147,22134,0,0,147,22134,0,0
38:8b:59:5e:f4:a8,0,1218,493017,0,0,1218,493017,0,0
90:78:b2:b1:bf:fd,0,271,45238,0,0,271,45238,0,0
48:4b:aa:cd:86:96,0,20,5771,0,0,20,5771,0,0
18:69:d4:8f:b6:3b,0,394,61798,0,0,394,61798,0,0
94:17:00:ef:7f:9b,0,29,4724,0,0,29,4724,0,0
a4:55:90:3e:1a:79,0,103,20163,0,0,103,20163,0,0
d4:ba:fa:23:85:75,0,72,12205,0,0,72,12205,0,0
d0:49:7c:d8:ea:cf,0,1,164,0,0,1,164,0,0
d0:49:7c:7d:5b:56,0,172,36871,0,0,172,36871,0,0
ba:01:d6:fa:91:44,0,346,52276,0,0,346,52276,0,0
c8:3d:dc:fe:45:62,0,246,37002,0,0,246,37002,0,0
28:16:7f:05:0a:39,0,271,43336,0,0,271,43336,0,0
b2:ef:b1:cc:0a:39,0,2,152,0,0,2,152,0,0
11:ad:85:03:0a:39,0,4,304,0,0,4,304,0,0
b4:c4:fc:ba:a6:18,0,247,42138,0,0,247,42138,0,0
04:b1:a1:d4:19:25,0,30,7962,0,0,30,7962,0,0
ac:c0:48:13:65:d3,0,60,9669,0,0,60,9669,0,0
74:c5:30:0e:92:2d,0,31,5058,0,0,31,5058,0,0
2c:be:eb:60:b1:0d,0,11,1786,0,0,11,1786,0,0
11:ad:85:03:b1:0d,0,1,76,0,0,1,76,0,0
00:00:0c:07:ac:14,0,650,150560,0,0,1,156,649,150404
bc:f7:30:b2:13:5b,0,135,20394,0,0,135,20394,0,0
04:00:c0:d3:ff:ff,0,2,158,0,0,2,158,0,0
11:ad:85:03:f4:a8,0,2,152,0,0,2,152,0,0
10:ec:81:86:d3:c2,0,400,60088,0,0,400,60088,0,0
e4:8c:73:20:47:8d,0,329,66773,0,0,329,66773,0,0
a4:f0:5e:3a:35:95,0,85,13282,0,0,85,13282,0,0
fc:d9:08:b3:49:1f,0,72,17379,0,0,72,17379,0,0
28:02:d8:b7:b8:ac,0,563,85259,0,0,563,85259,0,0
4c:2e:5e:d1:b5:93,0,4,616,0,0,4,616,0,0
7c:b0:73:6f:4f:f1,0,73,12290,0,0,73,12290,0,0
11:ad:85:03:4f:f1,0,1,76,0,0,1,76,0,0
fc:e2:6c:c1:e8:e4,0,174,59849,0,0,174,59849,0,0
11:ad:85:03:e8:e4,0,1,76,0,0,1,76,0,0
f2:78:5e:2f:00:3c,0,16,6672,0,0,16,6672,0,0
48:74:12:41:3b:03,0,43,6914,0,0,43,6914,0,0
60:95:bd:2f:b0:b8,0,212,82924,0,0,212,82924,0,0
11:ad:85:03:b0:b8,0,3,222,0,0,3,222,0,0
00:00:00:00:00:00,0,273,23616,0,0,269,23318,4,298
c6:0a:cb:25:b5:50,0,87,8178,0,0,0,0,87,8178
85:84:83:40:00:00,0,5,350,0,0,5,350,0,0
1c:cc:d6:ec:67:7e,0,101,17230,0,0,101,17230,0,0
d4:5d:64:13:10:f3,0,39,5754,0,0,39,5754,0,0
44:16:fa:20:c1:ea,0,36,5480,0,0,36,5480,0,0
44:46:87:a1:46:59,0,26,5801,0,0,26,5801,0,0
10:ec:81:1f:75:8e,0,115,17468,0,0,115,17468,0,0
6c:d1:99:38:21:4b,0,267,50866,0,0,267,50866,0,0
88:a3:03:40:8f:41,0,68,10998,0,0,68,10998,0,0
d4:3a:2c:bf:e1:9b,0,124,19122,0,0,124,19122,0,0
b0:e5:ef:4a:8a:8f,0,189,66039,0,0,189,66039,0,0
33:33:ff:9e:78:51,0,5,900,0,0,0,0,5,900
88:a3:03:8f:eb:f4,0,36,5460,0,0,36,5460,0,0
d0:49:7c:34:7b:19,0,354,53350,0,0,354,53350,0,0
38:6a:77:36:63:69,0,138,20609,0,0,138,20609,0,0
1c:71:25:6b:e2:56,0,41,16289,0,0,41,16289,0,0
74:f2:fa:66:81:c8,0,340,51688,0,0,340,51688,0,0
5c:17:cf:ce:f4:93,0,149,23098,0,0,149,23098,0,0
64:a2:f9:d4:fc:bb,0,410,62468,0,0,410,62468,0,0
04:bd:bf:33:2a:dc,0,73,11242,0,0,73,11242,0,0
ac:c0:48:10:9c:d5,0,19,2926,0,0,19,2926,0,0
e8:5a:8b:4d:ad:b7,0,101,26864,0,0,101,26864,0,0
ea:d4:c6:4b:e2:ee,0,342,51408,0,0,342,51408,0,0
5c:17:cf:48:c3:42,0,46,7332,0,0,46,7332,0,0
01:00:5e:00:00:fa,0,8,1444,0,0,0,0,8,1444
04:bd:bf:a2:c0:40,0,165,25288,0,0,165,25288,0,0
88:52:eb:08:96:ee,0,519,80953,0,0,519,80953,0,0
a4:55:90:44:34:1f,0,5162,569457,0,0,151,22020,5011,547437
c4:35:d9:9c:04:52,0,95,53050,0,0,95,53050,0,0
b2:c8:7c:0d:e3:53,0,4,1588,0,0,4,1588,0,0
33:33:00:00:00:0c,0,219,172220,0,0,0,0,219,172220
f8:89:d2:e6:4e:21,0,36,6870,0,0,36,6870,0,0
c8:44:43:d8:b5:51,0,2,140,0,0,2,140,0,0
a0:c5:3a:1e:07:75,0,3,210,0,0,3,210,0,0
71:ec:d4:87:07:75,0,410,28696,0,0,410,28696,0,0
5a:cb:70:9a:07:75,0,2,140,0,0,2,140,0,0
74:d1:fb:2d:07:75,0,2,140,0,0,2,140,0,0
6d:f2:ca:44:07:75,0,1,70,0,0,1,70,0,0
d4:87:0c:07:ac:28,0,241,16870,0,0,1,70,240,16800
6f:d2:ee:af:b5:54,0,1,70,0,0,1,70,0,0
52:81:a7:30:b5:54,0,1,70,0,0,1,70,0,0
6f:d2:ee:af:ca:85,0,1,70,0,0,1,70,0,0
d2:c7:07:75:89:e9,0,2,140,0,0,2,140,0,0
c7:43:cb:25:b5:55,0,1,70,0,0,0,0,1,70
d2:c7:07:75:c4:0a,0,365,28436,0,0,365,28436,0,0
cb:25:b5:54:9a:72,0,44,3344,0,0,2,152,42,3192
bc:6e:ff:3b:34:1f,0,65,4550,0,0,65,4550,0,0
9a:72:20:54:ca:85,0,2,152,0,0,0,0,2,152
ff:ff:ff:ff:97:3f,0,1,84,0,0,1,84,0,0
99:f7:a7:48:b5:51,0,12,840,0,0,12,840,0,0
89:e9:c7:43:b5:51,0,1,70,0,0,1,70,0,0
10:ec:81:59:39:b8,0,150,22344,0,0,150,22344,0,0
dc:b7:2e:8f:ef:e6,0,68,12547,0,0,68,12547,0,0
cb:25:b5:54:dd:6a,0,14,980,0,0,14,980,0,0
5f:7f:b5:54:9a:72,0,13,910,0,0,0,0,13,910
00:00:01:00:00:00,0,9,846,0,0,9,846,0,0
14:dd:9c:de:f0:3b,0,418,71251,0,0,418,71251,0,0
cc:69:fa:80:8d:f9,0,402,138190,0,0,402,138190,0,0
20:34:fb:48:18:17,0,533,81326,0,0,533,81326,0,0
9a:72:20:54:00:3c,0,2,152,0,0,2,152,0,0
a4:34:d9:df:e3:3c,0,117,18430,0,0,115,18116,2,314
a0:d0:5b:7f:ad:01,0,6,804,0,0,0,0,6,804
c7:43:b5:54:9a:72,0,1,70,0,0,0,0,1,70
47:32:ac:c4:07:75,0,1,223,0,0,1,223,0,0
00:00:8c:15:4a:ce,0,1,223,0,0,0,0,1,223
d2:c7:07:75:73:77,0,1,70,0,0,1,70,0,0
c9:4e:cb:25:b5:55,0,1,70,0,0,0,0,1,70
d2:c7:07:75:02:bf,0,3,210,0,0,3,210,0,0
2e:23:cb:25:b5:55,0,3,210,0,0,0,0,3,210
d2:c7:07:75:80:e3,0,1,70,0,0,1,70,0,0
6d:8a:cb:25:b5:55,0,1,70,0,0,0,0,1,70
58:24:29:69:36:8b,0,310,47664,0,0,310,47664,0,0
9a:72:20:54:36:8b,0,2,146,0,0,2,146,0,0
c8:44:43:d8:ca:80,0,1,70,0,0,1,70,0,0
80:54:9c:30:59:b9,0,373,59630,0,0,373,59630,0,0
08:cc:27:a5:66:27,0,538,80426,0,0,538,80426,0,0
40:b0:76:cb:64:f2,0,366,55618,0,0,366,55618,0,0
cb:25:b5:54:ab:2f,0,11,836,0,0,1,76,10,760
cb:25:b5:54:27:26,0,1,70,0,0,1,70,0,0
e2:5d:b5:54:ab:2f,0,1,70,0,0,0,0,1,70
cb:25:b5:54:9d:5a,0,2,152,0,0,1,76,1,76
07:75:8c:d5:61:21,0,1,70,0,0,0,0,1,70
b5:54:04:00:60:78,0,1,88,0,0,1,88,0,0
b5:54:81:fd:8c:4d,0,4,298,0,0,4,298,0,0
f2:c5:50:4f:00:28,0,9,3753,0,0,9,3753,0,0
24:f6:77:0e:2c:02,0,74,17485,0,0,74,17485,0,0
34:2e:b7:15:0c:de,0,44,10841,0,0,44,10841,0,0
a8:be:27:ce:69:ba,0,53,27206,0,0,53,27206,0,0
4d:b3:31:04:19:97,0,1,70,0,0,1,70,0,0
c4:00:73:03:f8:89,0,1,70,0,0,0,0,1,70
c7:a6:31:04:19:97,0,1,70,0,0,1,70,0,0
c4:00:7d:03:f8:89,0,1,70,0,0,0,0,1,70
d4:87:31:04:19:97,0,35,2450,0,0,35,2450,0,0
d4:00:00:00:f8:89,0,116,8120,0,0,0,0,116,8120
e0:5a:3c:42:19:97,0,4,298,0,0,4,298,0,0
6b:41:0c:32:b5:54,0,1,70,0,0,1,70,0,0
ff:ff:ff:ff:a5:26,0,1,84,0,0,1,84,0,0
cb:25:b5:54:e6:cb,0,1,76,0,0,0,0,1,76
cb:25:b5:54:fc:f1,0,1,70,0,0,1,70,0,0
bc:dd:b5:54:e6:cb,0,1,70,0,0,0,0,1,70
ff:ff:ff:ff:3d:a3,0,1,84,0,0,1,84,0,0
a4:c6:9a:ee:bb:ab,0,182,27356,0,0,182,27356,0,0
76:e1:94:17:7e:28,0,77,29257,0,0,77,29257,0,0
60:8e:08:f4:68:59,0,100,15242,0,0,100,15242,0,0
50:3d:c6:24:cc:ba,0,40,10858,0,0,40,10858,0,0
e0:1f:88:2e:9c:cb,0,179,27072,0,0,179,27072,0,0
20:32:c6:71:fc:de,0,19,6460,0,0,19,6460,0,0
f2:c5:50:af:00:28,0,10,4170,0,0,10,4170,0,0
f2:c5:51:0f:00:28,0,13,5421,0,0,13,5421,0,0
f2:c5:51:6f:00:28,0,9,3753,0,0,9,3753,0,0
f2:d1:20:5f:00:28,0,10,2782,0,0,10,2782,0,0
9c:29:76:c9:ae:a5,0,62,14863,0,0,62,14863,0,0
04:30:20:63:00:00,0,1,88,0,0,1,88,0,0
c4:0a:cb:2d:d4:d3,0,95,7636,0,0,0,0,95,7636
c8:16:da:38:2b:09,0,377,58059,0,0,377,58059,0,0
3c:19:5e:0f:d7:94,0,357,53718,0,0,357,53718,0,0
b0:4a:6a:e0:e1:ef,0,318,48844,0,0,318,48844,0,0
56:5c:1f:33:d2:3f,0,182,27671,0,0,182,27671,0,0
78:02:8b:91:18:70,0,39,13736,0,0,39,13736,0,0
d4:d7:cf:0f:98:fc,0,143,21891,0,0,143,21891,0,0
18:ab:1d:28:2c:09,0,342,51996,0,0,342,51996,0,0
30:ab:6a:fe:60:20,0,123,18606,0,0,123,18606,0,0
f4:30:8b:94:5b:11,0,44,6876,0,0,44,6876,0,0
94:d3:31:18:35:1e,0,239,36310,0,0,239,36310,0,0
f8:7d:76:d5:bf:67,0,45,14546,0,0,45,14546,0,0
5c:10:c5:8f:06:ff,0,202,30614,0,0,202,30614,0,0
90:df:7d:be:58:3d,0,132,20405,0,0,132,20405,0,0
9c:28:f7:30:14:c6,0,263,51318,0,0,263,51318,0,0
28:02:2e:5f:c0:1b,0,93,32736,0,0,93,32736,0,0
ac:d6:18:b2:5e:4f,0,364,55465,0,0,364,55465,0,0
d0:5a:fd:64:22:07,0,127,28222,0,0,127,28222,0,0
74:f2:fa:3f:f7:b5,0,2,308,0,0,2,308,0,0
b4:c4:fc:aa:31:42,0,29,6585,0,0,29,6585,0,0
50:57:8a:92:06:f4,0,70,25116,0,0,70,25116,0,0
ac:d6:18:77:e4:37,0,68,10807,0,0,68,10807,0,0
40:f6:bc:e6:ec:1e,0,268,40804,0,0,268,40804,0,0
28:c5:38:d9:5c:d2,0,56,19936,0,0,56,19936,0,0
f2:c5:4f:8f:00:28,0,6,2502,0,0,6,2502,0,0
9c:3e:53:92:eb:8a,0,71,28968,0,0,71,28968,0,0
f2:76:17:9f:00:28,0,10,4170,0,0,10,4170,0,0
d4:57:63:ef:8d:a7,0,31,9159,0,0,31,9159,0,0
04:00:a0:78:ff:ff,0,2,158,0,0,2,158,0,0
68:d3:60:01:ff:ff,0,2,146,0,0,2,146,0,0
f0:65:ae:06:dc:e2,0,354,54012,0,0,354,54012,0,0
81:fd:8c:4d:35:76,0,2,152,0,0,2,152,0,0
a7:cd:cb:80:35:76,0,3,222,0,0,3,222,0,0
b5:54:75:ee:fb:5b,0,1,70,0,0,0,0,1,70
b5:54:9c:c4:fe:2b,0,1,70,0,0,0,0,1,70
ff:ff:ff:ff:a4:2f,0,2,154,0,0,2,154,0,0
11:f3:a1:23:8a:c9,0,1,70,0,0,0,0,1,70
06:0b:4d:0a:91:35,0,194,70358,0,0,194,70358,0,0
99:f7:a7:48:b5:53,0,15,1050,0,0,15,1050,0,0
20:a6:0c:95:00:a2,0,22,3388,0,0,22,3388,0,0
78:fb:d8:9c:19:65,0,168,51874,0,0,168,51874,0,0
fc:19:99:45:b8:8a,0,134,21075,0,0,134,21075,0,0
74:ef:4b:7a:31:2d,0,16,3397,0,0,16,3397,0,0
2c:5a:0f:2f:25:ff,0,148,25051,0,0,148,25051,0,0
01:00:5e:00:00:02,0,276,43018,0,0,0,0,276,43018
84:b8:b8:02:06:d8,0,393,60186,0,0,393,60186,0,0
b4:31:61:28:61:ed,0,189,30082,0,0,189,30082,0,0
34:1c:f0:7c:07:e3,0,264,39900,0,0,264,39900,0,0
e0:bd:a0:ef:d8:03,0,264,87320,0,0,264,87320,0,0
b4:85:e1:c8:a1:da,0,43,13498,0,0,43,13498,0,0
40:44:fd:41:19:ef,0,532,80366,0,0,532,80366,0,0
f0:65:ae:b1:77:50,0,23,5494,0,0,15,2928,8,2566
a8:ab:b5:e2:d8:32,0,49,11818,0,0,49,11818,0,0
74:f2:fa:39:ac:5e,0,90,14120,0,0,90,14120,0,0
78:e3:de:c2:8c:6b,0,378,149388,0,0,378,149388,0,0
44:90:bb:1e:6a:ef,0,55,19276,0,0,55,19276,0,0
18:e7:b0:da:fd:b3,0,26,8674,0,0,26,8674,0,0
c6:0a:cb:2d:ca:80,0,12,1128,0,0,0,0,12,1128
90:81:58:0d:de:ba,0,138,54374,0,0,138,54374,0,0
2c:a7:ef:b3:b5:6b,0,174,26494,0,0,174,26494,0,0
40:4e:36:93:5a:02,0,99,11822,0,0,99,11822,0,0
18:e7:b0:93:79:8f,0,65,15322,0,0,65,15322,0,0
34:b9:8d:6c:be:8e,0,56,13225,0,0,56,13225,0,0
88:20:0d:63:d1:e8,0,45,13065,0,0,45,13065,0,0
33:33:ff:6b:48:a0,0,14,2520,0,0,0,0,14,2520
44:16:fa:34:8e:82,0,78,12012,0,0,78,12012,0,0
f2:6d:13:9f:00:3c,0,17,6742,0,0,17,6742,0,0
58:85:a2:1f:6f:13,0,465,120661,0,0,465,120661,0,0
46:2e:9c:97:d4:05,0,21,7426,0,0,21,7426,0,0
b8:94:e7:29:e6:fa,0,34,5952,0,0,34,5952,0,0
f2:76:0f:5f:00:3c,0,17,7089,0,0,17,7089,0,0
24:95:2f:7b:26:72,0,8,1232,0,0,8,1232,0,0
fc:b3:bc:e2:a9:c8,0,52,25769,0,0,52,25769,0,0
f2:c5:51:9f:00:28,0,5,2085,0,0,5,2085,0,0
80:30:49:3b:c4:4f,0,15,2964,0,0,15,2964,0,0
5c:17:cf:26:23:2c,0,187,28052,0,0,187,28052,0,0
64:a2:f9:7d:70:69,0,29,4482,0,0,29,4482,0,0
33:e3:c7:40:70:69,0,2,146,0,0,2,146,0,0
b5:54:04:00:e0:78,0,1,88,0,0,1,88,0,0
58:64:c4:3a:94:e3,0,42,15818,0,0,42,15818,0,0
58:e6:ba:02:b0:c5,0,44,12656,0,0,44,12656,0,0
f0:d7:93:3d:84:5f,0,70,24377,0,0,70,24377,0,0
a8:fe:9d:dc:3a:d3,0,53,16435,0,0,53,16435,0,0
d8:32:e3:51:a5:6e,0,428,69485,0,0,428,69485,0,0
b8:c7:4a:ae:e0:a9,0,71,10996,0,0,71,10996,0,0
5c:ed:f4:2b:2d:a1,0,16,2564,0,0,16,2564,0,0
ef:85:8b:2b:2d:a1,0,2,146,0,0,2,146,0,0
04:00:10:79:ff:ff,0,7,616,0,0,6,528,1,88
f8:0f:f9:e2:88:7e,0,114,18218,0,0,114,18218,0,0
48:78:5e:33:23:7a,0,290,45767,0,0,290,45767,0,0
70:22:fe:33:7e:81,0,29,8835,0,0,29,8835,0,0
85:84:83:40:b5:55,0,21,1470,0,0,21,1470,0,0
74:f2:fa:b1:0a:aa,0,128,19050,0,0,128,19050,0,0
01:00:5e:7f:ff:fb,0,11,1978,0,0,0,0,11,1978
20:64:cb:b2:d2:41,0,347,52682,0,0,347,52682,0,0
f2:6d:22:cf:00:3c,0,17,7089,0,0,17,7089,0,0
f2:76:13:4f:00:3c,0,11,4587,0,0,11,4587,0,0
f2:6d:19:0f:00:3c,0,14,5838,0,0,14,5838,0,0
dc:f5:05:ed:24:49,0,7,2177,0,0,7,2177,0,0
e0:9d:31:14:5e:f4,0,106,19297,0,0,106,19297,0,0
08:5b:d6:86:12:a8,0,81,15354,0,0,81,15354,0,0
f2:6d:27:af:00:28,0,9,3406,0,0,9,3406,0,0
a9:a3:7c:ba:b5:54,0,1,70,0,0,1,70,0,0
ff:ff:ff:ff:3c:aa,0,2,154,0,0,2,154,0,0
2e:d2:85:84:83:40,0,44,3080,0,0,0,0,44,3080
71:ec:d4:87:ca:80,0,36,2520,0,0,36,2520,0,0
74:b5:87:17:ec:ab,0,36,12640,0,0,36,12640,0,0
7c:fd:6b:57:26:ea,0,144,22143,0,0,144,22143,0,0
1c:86:82:36:97:31,0,35,7645,0,0,35,7645,0,0
d2:c7:07:75:85:1b,0,1,70,0,0,1,70,0,0
67:a6:cb:25:b5:55,0,1,70,0,0,0,0,1,70
b5:54:04:00:30:79,0,2,176,0,0,2,176,0,0
a0:59:50:13:b6:ea,0,264,48259,0,0,264,48259,0,0
d8:f3:bc:59:fa:fb,0,44,7530,0,0,44,7530,0,0
14:d4:24:22:59:86,0,63,13186,0,0,63,13186,0,0
94:b8:6d:3d:9b:cc,0,120,19013,0,0,120,19013,0,0
80:65:7c:c7:09:d4,0,36,11177,0,0,36,11177,0,0
74:4c:a1:7a:b9:29,0,7,1145,0,0,7,1145,0,0
9a:72:20:54:b9:29,0,9,678,0,0,9,678,0,0
73:30:29:ef:b9:29,0,1,76,0,0,1,76,0,0
dd:6a:5f:7f:b5:54,0,13,910,0,0,13,910,0,0
ff:ff:ff:ff:d4:2b,0,1,84,0,0,1,84,0,0
85:84:83:40:b5:51,0,285,19950,0,0,285,19950,0,0
10:ec:81:70:ae:e8,0,56,19081,0,0,56,19081,0,0
8a:33:e8:a8:f6:73,0,2,308,0,0,2,308,0,0
28:c2:1f:e8:8c:f7,0,400,60508,0,0,400,60508,0,0
50:5a:65:ab:90:6d,0,8,2238,0,0,8,2238,0,0
48:e7:da:0e:0e:db,0,111,19005,0,0,111,19005,0,0
80:2b:f9:c2:5f:ad,0,13,7458,0,0,13,7458,0,0
f2:76:16:7f:00:28,0,10,4170,0,0,10,4170,0,0
ec:2e:98:c1:3d:07,0,20,5745,0,0,20,5745,0,0
90:de:80:86:d1:39,0,9,2799,0,0,9,2799,0,0
9f:43:43:a1:b5:51,0,1,70,0,0,1,70,0,0
f0:65:ae:48:85:b8,0,168,26711,0,0,157,25191,11,1520
14:87:6a:6b:a7:d0,0,39,14837,0,0,39,14837,0,0
d6:1c:de:ee:25:71,0,54,12607,0,0,54,12607,0,0
04:00:10:52:ff:ff,0,1,88,0,0,0,0,1,88
a4:c6:9a:c9:bf:13,0,6,1182,0,0,6,1182,0,0
dc:54:d7:b5:57:a7,0,288,44587,0,0,288,44587,0,0
85:84:83:40:b5:50,0,74,5180,0,0,74,5180,0,0
74:70:fd:be:96:50,0,21,4932,0,0,21,4932,0,0
f2:6d:1a:ef:00:28,0,7,2919,0,0,7,2919,0,0
8c:f8:c5:01:d0:e7,0,11,3093,0,0,11,3093,0,0
f2:76:13:4f:00:28,0,12,5004,0,0,12,5004,0,0
f2:6d:28:3f:00:28,0,11,4240,0,0,11,4240,0,0
34:b3:1e:cd:b5:52,0,1,70,0,0,1,70,0,0
f0:65:ae:b4:2f:68,0,132,20352,0,0,132,20352,0,0
10:f6:05:23:09:4b,0,9,1831,0,0,9,1831,0,0
f2:77:ae:7f:00:28,0,6,2502,0,0,6,2502,0,0
f2:c5:52:2f:00:28,0,11,4587,0,0,11,4587,0,0
48:e7:da:a7:c1:5f,0,283,53678,0,0,281,53470,2,208
d0:ab:d5:59:d4:09,0,11,3156,0,0,11,3156,0,0
f2:6d:13:cf:00:28,0,8,3336,0,0,8,3336,0,0
84:14:4d:b2:be:c5,0,7,2174,0,0,7,2174,0,0
50:c2:e8:32:55:75,0,32,7538,0,0,32,7538,0,0
01:00:5e:4d:4d:4d,0,160,38720,0,0,0,0,160,38720
40:e9:9b:17:4c:36,0,77,11858,0,0,77,11858,0,0
d4:8a:39:74:14:cc,0,161,24122,0,0,161,24122,0,0
28:ea:2d:c6:df:a4,0,14,2879,0,0,14,2879,0,0
00:0c:29:34:ba:c8,0,141,18714,0,0,141,18714,0,0
04:bd:bf:bb:91:21,0,131,19838,0,0,131,19838,0,0
08:1c:6e:40:a9:70,0,73,10906,0,0,73,10906,0,0
e4:84:d3:a1:c0:3d,0,10,1724,0,0,10,1724,0,0
f4:1a:9c:4f:ed:77,0,337,51478,0,0,337,51478,0,0
3e:7a:04:cf:3e:41,0,200,69992,0,0,200,69992,0,0
e4:ec:e8:dc:5f:ca,0,9,1617,0,0,9,1617,0,0
08:1c:6e:4f:27:18,0,84,12778,0,0,84,12778,0,0
04:00:30:52:ff:ff,0,2,176,0,0,2,176,0,0
04:00:40:52:ff:ff,0,3,264,0,0,3,264,0,0
c4:9d:ed:08:63:c1,0,87,25744,0,0,87,25744,0,0
d4:8a:39:7f:33:62,0,34,5627,0,0,34,5627,0,0
99:f7:a7:48:b5:54,0,2,140,0,0,2,140,0,0
28:39:26:49:f5:eb,0,8,2488,0,0,8,2488,0,0
f8:89:d2:57:25:5f,0,44,10659,0,0,44,10659,0,0
5c:62:8b:d7:46:54,0,5,1430,0,0,5,1430,0,0
1c:57:dc:36:e4:a5,0,130,82361,0,0,130,82361,0,0
04:00:70:52:ff:ff,0,3,246,0,0,3,246,0,0
04:00:80:52:ff:ff,0,1,88,0,0,1,88,0,0
04:00:90:52:ff:ff,0,1,88,0,0,1,88,0,0
04:00:a0:52:ff:ff,0,1,88,0,0,1,88,0,0
04:00:c0:52:ff:ff,0,2,176,0,0,2,176,0,0
d4:8a:39:9b:79:b5,0,294,44100,0,0,294,44100,0,0
04:00:d0:52:ff:ff,0,3,264,0,0,3,264,0,0
04:00:e0:52:ff:ff,0,1,88,0,0,1,88,0,0
04:00:f0:52:ff:ff,0,2,176,0,0,2,176,0,0
34:b9:8d:b0:ac:d7,0,138,22974,0,0,138,22974,0,0
d4:67:d3:d3:2a:13,0,45,7006,0,0,45,7006,0,0
98:b3:79:30:cd:d3,0,1,154,0,0,1,154,0,0
c0:44:42:b8:9c:ef,0,3,784,0,0,3,784,0,0
dc:80:84:83:5c:80,0,18,4808,0,0,18,4808,0,0
04:00:20:53:ff:ff,0,2,176,0,0,2,176,0,0
d0:9c:ae:36:ab:fd,0,88,13552,0,0,88,13552,0,0
f2:78:5f:1f:00:3c,0,13,5074,0,0,13,5074,0,0
05:00:f0:9d:01:00,0,2,158,0,0,2,158,0,0
05:00:00:9e:01:00,0,2,158,0,0,2,158,0,0
05:00:10:9e:01:00,0,1,88,0,0,1,88,0,0
50:ed:3c:4d:a0:e8,0,32,18810,0,0,32,18810,0,0
f2:6d:10:ff:00:28,0,9,3753,0,0,9,3753,0,0
60:e3:2b:a9:52:2c,0,32,6340,0,0,32,6340,0,0
b4:8c:9d:65:31:7d,0,192,38577,0,0,192,38577,0,0
05:00:20:9e:03:00,0,1,88,0,0,1,88,0,0
98:b3:79:68:1b:1c,0,16,3755,0,0,16,3755,0,0
98:b8:bc:27:33:e3,0,3,802,0,0,3,802,0,0
33:33:ff:21:fa:42,0,1,180,0,0,0,0,1,180
48:74:12:96:91:b7,0,46,8077,0,0,46,8077,0,0
20:32:c6:7e:39:e7,0,57,19332,0,0,57,19332,0,0
48:01:c5:53:a8:57,0,1,154,0,0,1,154,0,0
50:49:b0:01:69:d3,0,121,19000,0,0,121,19000,0,0
56:d2:f2:8d:4f:8d,0,538,81867,0,0,538,81867,0,0
5c:8f:40:1b:f9:e7,0,110,16856,0,0,110,16856,0,0
05:00:40:9e:01:00,0,1,88,0,0,1,88,0,0
30:bb:7d:c0:5c:47,0,126,19193,0,0,126,19193,0,0
f2:78:17:7f:00:3c,0,12,5004,0,0,12,5004,0,0
cb:5c:11:f3:a1:23,0,3,210,0,0,3,210,0,0
8a:c9:cb:25:b5:55,0,2,140,0,0,0,0,2,140
cb:5c:11:f3:a0:02,0,63,5544,0,0,63,5544,0,0
dc:1b:96:b7:05:00,0,64,5632,0,0,1,88,63,5544
90:44:34:1f:bc:6e,0,82,5740,0,0,82,5740,0,0
ff:3b:96:b7:05:00,0,1,70,0,0,0,0,1,70
dc:1b:96:b7:c8:44,0,17,1190,0,0,17,1190,0,0
43:d8:96:b7:05:00,0,1,70,0,0,0,0,1,70
8a:c9:96:b7:05:00,0,1,70,0,0,0,0,1,70
5c:e9:1e:b5:d3:6d,0,122,66416,0,0,122,66416,0,0
05:00:80:9e:01:00,0,1,88,0,0,1,88,0,0
a1:23:8a:c9:b5:52,0,2,140,0,0,2,140,0,0
48:02:86:da:4c:a5,0,187,28378,0,0,187,28378,0,0
30:ab:6a:1d:60:4a,0,359,54362,0,0,359,54362,0,0
1c:d1:07:e4:97:b7,0,55,9453,0,0,55,9453,0,0
bc:6e:ff:3b:b5:50,0,29,2030,0,0,29,2030,0,0
e0:cc:f8:44:f9:ea,0,111,19808,0,0,111,19808,0,0
14:20:5e:02:f6:e4,0,26,11027,0,0,26,11027,0,0
50:e7:b7:67:a2:9b,0,200,30390,0,0,200,30390,0,0
4e:23:ba:3c:44:05,0,61,15724,0,0,61,15724,0,0
2b:12:25:c5:b5:52,0,1,70,0,0,1,70,0,0
cb:2d:d4:d3:2b:12,0,1,70,0,0,1,70,0,0
25:c5:cb:25:b5:55,0,1,70,0,0,0,0,1,70
cb:2d:d4:d3:a4:34,0,5,428,0,0,5,428,0,0
d9:df:e3:3c:04:00,0,3,264,0,0,0,0,3,264
5c:ed:f4:75:c7:71,0,756,194644,0,0,167,17904,589,176740
cf:a7:ff:e6:c7:71,0,118,8260,0,0,118,8260,0,0
ec:c0:94:87:b5:55,0,8,584,0,0,0,0,8,584
02:ac:e4:be:c7:71,0,3,210,0,0,3,210,0,0
71:ec:d4:87:c7:71,0,3,210,0,0,3,210,0,0
04:00:e0:e8:07:00,0,1,88,0,0,0,0,1,88
c0:68:31:04:19:97,0,143,10010,0,0,143,10010,0,0
d4:00:00:00:c4:0a,0,740,51800,0,0,0,0,740,51800
cb:25:b5:55:93:a8,0,2,152,0,0,1,76,1,76
b4:00:a0:00:5c:ed,0,1,76,0,0,0,0,1,76
74:67:b5:55:93:a8,0,2,140,0,0,1,70,1,70
c4:00:74:00:c4:0a,0,1,70,0,0,0,0,1,70
03:00:00:00:00:00,0,199,16144,0,0,190,15382,9,762
b5:55:5c:ed:f4:75,0,192,16860,0,0,0,0,192,16860
dc:1b:96:b7:c4:0a,0,8,620,0,0,8,620,0,0
cb:5c:11:f3:04:00,0,1,88,0,0,0,0,1,88
68:87:1c:41:28:9f,0,146,26677,0,0,146,26677,0,0
04:00:e0:e8:0f:00,0,1,88,0,0,1,88,0,0
6e:9a:1b:1f:0f:00,0,2,146,0,0,2,146,0,0
b7:b7:01:6d:c7:71,0,2,140,0,0,2,140,0,0
4d:b9:4b:e9:c7:71,0,1,70,0,0,1,70,0,0
5c:4d:83:d8:d8:71,0,1,174,0,0,1,174,0,0
00:00:0c:07:ac:3c,0,355,106358,0,0,63,9628,292,96730
b5:55:93:a8:f7:4a,0,8,584,0,0,8,584,0,0
07:00:00:00:00:00,0,71,5702,0,0,69,5526,2,176
c7:71:ab:c1:1c:6b,0,1,70,0,0,0,0,1,70
3f:00:00:00:00:00,0,15,1254,0,0,13,1078,2,176
c7:71:c4:0a:cb:25,0,94,7576,0,0,0,0,94,7576
c7:71:48:b8:8f:41,0,1,70,0,0,0,0,1,70
7f:06:1b:47:78:c7,0,1,393,0,0,1,393,0,0
91:de:b9:96:a6:3c,0,3,539,0,0,0,0,3,539
c7:71:80:fc:26:e1,0,2,146,0,0,2,146,0,0
00:80:ef:03:ac:3c,0,1,393,0,0,0,0,1,393
b5:55:04:00:e0:e8,0,19,1618,0,0,19,1618,0,0
7f:00:00:00:00:00,0,20,1652,0,0,10,832,10,820
0f:00:00:00:00:00,0,67,5440,0,0,59,4784,8,656
b6:b7:2d:40:0b:e0,0,1,166,0,0,1,166,0,0
ca:62:4e:89:f8:ea,0,1,166,0,0,0,0,1,166
ff:00:00:00:00:00,0,24,1926,0,0,11,908,13,1018
b5:55:0a:7d:d4:cb,0,11,806,0,0,11,806,0,0
1f:00:00:00:00:00,0,61,4840,0,0,56,4430,5,410
b5:55:04:1b:1f:98,0,4,280,0,0,0,0,4,280
ff:01:00:00:00:00,0,10,826,0,0,5,422,5,404
f4:75:c7:71:c4:0a,0,18,1464,0,0,18,1464,0,0
cb:25:b5:55:04:00,0,74,6512,0,0,43,3784,31,2728
b4:01:3e:e3:b5:55,0,28,1960,0,0,28,1960,0,0
01:0b:85:00:00:00,0,27,3744,0,0,0,0,27,3744
ae:48:85:b8:9f:43,0,2,140,0,0,2,140,0,0
43:a1:cb:25:b5:55,0,2,140,0,0,0,0,2,140
cb:25:b5:55:be:39,0,2,152,0,0,0,0,2,152
cb:25:b5:55:fe:15,0,2,140,0,0,2,140,0,0
55:1c:b5:55:be:39,0,2,140,0,0,0,0,2,140
ff:03:00:00:00:00,0,20,1616,0,0,11,890,9,726
ff:0f:00:00:00:00,0,12,1002,0,0,11,914,1,88
ff:1f:00:00:00:00,0,15,1218,0,0,7,580,8,638
cb:25:b5:55:0a:7d,0,5,380,0,0,3,228,2,152
cb:25:b5:55:b4:01,0,3,210,0,0,3,210,0,0
3e:e3:b5:55:0a:7d,0,4,280,0,0,2,140,2,140
ff:07:00:00:00:00,0,4,352,0,0,3,264,1,88
ff:3f:00:00:00:00,0,12,978,0,0,10,802,2,176
b5:55:b4:01:3e:e3,0,23,1610,0,0,0,0,23,1610
b5:55:e7:62:8c:b2,0,3,210,0,0,0,0,3,210
ca:85:99:f7:a7:48,0,14,980,0,0,0,0,14,980
04:00:80:53:ff:ff,0,1,88,0,0,1,88,0,0
5c:ed:f4:75:c7:d9,0,1,166,0,0,1,166,0,0
98:3f:0c:07:ac:3c,0,1,166,0,0,0,0,1,166
00:00:0c:07:ac:cc,0,1,166,0,0,0,0,1,166
ff:ff:01:00:00:00,0,7,564,0,0,1,88,6,476
34:1f:c4:0a:cb:2d,0,139,12232,0,0,0,0,139,12232
b5:55:fb:14:91:b4,0,5,350,0,0,0,0,5,350
ff:ff:00:00:00:00,0,10,802,0,0,8,644,2,158
a0:80:69:b6:6d:c2,0,11,2213,0,0,11,2213,0,0
c4:75:ab:49:83:ab,0,10,2624,0,0,10,2624,0,0
f4:d1:08:20:b8:5e,0,56,21754,0,0,56,21754,0,0
05:b6:c5:17:34:1f,0,1,70,0,0,1,70,0,0
74:d6:37:89:fc:4e,0,300,48532,0,0,300,48532,0,0
0c:c6:fd:38:58:98,0,11,1610,0,0,11,1610,0,0
d4:8a:39:43:64:60,0,272,43163,0,0,272,43163,0,0
64:a2:f9:d2:9a:41,0,220,33720,0,0,220,33720,0,0
58:85:e9:ca:aa:73,0,20,3090,0,0,20,3090,0,0
04:00:20:54:ff:ff,0,3,246,0,0,3,246,0,0
c8:44:43:d8:b5:50,0,2,140,0,0,2,140,0,0
14:13:33:16:19:87,0,36,7191,0,0,36,7191,0,0
f8:4d:89:63:06:c6,0,126,85916,0,0,126,85916,0,0
01:00:5e:12:83:c2,0,86,67768,0,0,0,0,86,67768
18:47:3d:a4:b8:29,0,14,3467,0,0,14,3467,0,0
23:3d:3e:c6:b5:51,0,11,770,0,0,11,770,0,0
5a:bf:f4:63:e2:56,0,2,146,0,0,2,146,0,0
f2:c5:50:af:00:3c,0,16,6672,0,0,16,6672,0,0
10:b5:88:54:47:6c,0,26,6646,0,0,26,6646,0,0
e4:b3:18:be:1b:26,0,23,13881,0,0,23,13881,0,0
64:a2:f9:d0:17:63,0,155,24202,0,0,155,24202,0,0
2c:9d:65:34:b4:75,0,139,21528,0,0,139,21528,0,0
4c:e0:db:28:1e:a8,0,186,29682,0,0,186,29682,0,0
05:00:00:a1:01:00,0,2,158,0,0,2,158,0,0
85:84:83:40:b5:53,0,102,7140,0,0,102,7140,0,0
a1:23:8a:c9:ca:85,0,1,70,0,0,1,70,0,0
71:ec:d4:87:b5:54,0,87,6090,0,0,87,6090,0,0
f2:78:5e:bf:00:28,0,7,2919,0,0,7,2919,0,0
94:10:00:00:c4:0a,0,1,88,0,0,0,0,1,88
cb:25:b5:54:38:a2,0,1,76,0,0,1,76,0,0
b4:00:1a:01:f8:89,0,1,76,0,0,0,0,1,76
cb:25:b5:54:86:d5,0,1,76,0,0,1,76,0,0
b4:00:18:04:f8:89,0,1,76,0,0,0,0,1,76
db:9f:b5:54:86:d5,0,1,70,0,0,1,70,0,0
c4:00:ee:03:c4:0a,0,1,70,0,0,0,0,1,70
cb:5c:11:f3:bf:ff,0,1,70,0,0,1,70,0,0
94:e5:cb:25:b5:55,0,1,70,0,0,0,0,1,70
83:40:96:b7:05:00,0,2,140,0,0,0,0,2,140
71:ec:d4:87:b5:51,0,167,11690,0,0,167,11690,0,0
f4:02:28:4b:f9:62,0,138,21552,0,0,138,21552,0,0
80:54:9c:81:45:f9,0,130,20270,0,0,130,20270,0,0
f2:78:be:5f:00:3c,0,18,6465,0,0,18,6465,0,0
05:00:d0:a1:01:00,0,1,88,0,0,1,88,0,0
2c:3b:70:de:29:11,0,92,22293,0,0,92,22293,0,0
f2:76:12:8f:00:28,0,13,5421,0,0,13,5421,0,0
e4:5e:37:54:91:7e,0,45,8845,0,0,45,8845,0,0
f2:76:18:bf:00:28,0,13,5421,0,0,13,5421,0,0
5c:ba:ef:25:74:e9,0,12,3156,0,0,12,3156,0,0
f2:76:13:7f:00:28,0,9,3406,0,0,9,3406,0,0
23:66:3c:61:00:28,0,4,286,0,0,4,286,0,0
f8:48:aa:23:b5:52,0,2,140,0,0,2,140,0,0
d3:d1:51:7c:b5:54,0,2,140,0,0,2,140,0,0
ff:ff:ff:ff:88:9b,0,5,382,0,0,5,382,0,0
b5:54:1b:99:79:2a,0,1,70,0,0,0,0,1,70
ff:ff:ff:ff:60:1a,0,1,84,0,0,1,84,0,0
87:3c:ee:1e:b5:51,0,1,70,0,0,1,70,0,0
71:ec:d4:87:ca:85,0,69,4830,0,0,69,4830,0,0
e8:5a:8b:62:93:ed,0,147,22409,0,0,147,22409,0,0
04:bd:bf:9c:95:0c,0,79,11998,0,0,79,11998,0,0
b4:bb:07:14:b5:50,0,4,280,0,0,4,280,0,0
30:89:4a:29:46:ae,0,61,12363,0,0,61,12363,0,0
f2:6d:23:8f:00:28,0,9,3753,0,0,9,3753,0,0
fc:e2:6c:02:bd:e7,0,60,27618,0,0,60,27618,0,0
04:00:80:79:ff:ff,0,2,158,0,0,2,158,0,0
71:ec:d4:87:b5:52,0,120,8400,0,0,120,8400,0,0
83:02:f8:34:ca:80,0,1,70,0,0,1,70,0,0
c8:44:43:d8:b5:55,0,1,70,0,0,1,70,0,0
88:a3:03:80:3e:9a,0,3,462,0,0,3,462,0,0
08:1c:6e:3e:37:a6,0,54,8500,0,0,54,8500,0,0
54:eb:e9:87:a9:86,0,28,8825,0,0,28,8825,0,0
cb:25:b5:54:30:1e,0,1,76,0,0,1,76,0,0
b4:00:f0:06:f8:89,0,1,76,0,0,0,0,1,76
3c:a6:f6:35:2e:fb,0,36,15909,0,0,36,15909,0,0
a0:78:17:68:f7:2e,0,29,11413,0,0,29,11413,0,0
a0:78:17:91:57:22,0,32,27079,0,0,32,27079,0,0
c8:89:f3:ec:3a:db,0,20,5324,0,0,20,5324,0,0
f8:89:d2:71:18:d5,0,5164,1125179,0,0,2040,310835,3124,814344
ac:91:84:4f:3a:db,0,5,374,0,0,5,374,0,0
ff:ff:ff:ff:59:91,0,2,154,0,0,2,154,0,0
07:75:27:b2:49:7c,0,1,70,0,0,0,0,1,70
b3:e4:13:8a:b5:54,0,1,70,0,0,1,70,0,0
a5:c3:8b:5d:18:d5,0,981,68670,0,0,981,68670,0,0
85:84:83:40:18:d5,0,28,1960,0,0,28,1960,0,0
bc:6e:ff:3b:18:d5,0,5,350,0,0,5,350,0,0
23:66:3c:61:b5:54,0,2,146,0,0,0,0,2,146
d2:c7:07:75:a0:c5,0,3,210,0,0,3,210,0,0
3a:1e:0c:07:ac:28,0,1,70,0,0,0,0,1,70
a4:c6:f0:aa:de:3b,0,35,12624,0,0,35,12624,0,0
9f:43:43:a1:ca:84,0,2,140,0,0,2,140,0,0
43:d8:cb:25:b5:55,0,3,210,0,0,0,0,3,210
e0:bb:9e:d7:d3:8b,0,104,52962,0,0,104,52962,0,0
33:33:ff:4f:ea:16,0,1,180,0,0,0,0,1,180
2c:3b:70:d7:f7:c7,0,14,2940,0,0,14,2940,0,0
5c:1b:f4:e8:63:97,0,70,32414,0,0,70,32414,0,0
cb:5c:11:f3:60:7b,0,3,210,0,0,3,210,0,0
6b:1e:cb:25:b5:55,0,2,140,0,0,0,0,2,140
e8:5a:8b:6f:06:2f,0,17,3521,0,0,17,3521,0,0
d4:1b:81:61:bc:6b,0,13,3284,0,0,13,3284,0,0
02:12:08:60:b5:52,0,1,70,0,0,1,70,0,0
b5:54:04:00:00:7a,0,2,176,0,0,2,176,0,0
b5:54:9a:72:20:54,0,8,596,0,0,8,596,0,0
b5:54:21:22:89:61,0,2,146,0,0,2,146,0,0
b5:54:c5:0d:14:a4,0,3,210,0,0,0,0,3,210
6b:85:99:15:19:97,0,15,1128,0,0,15,1128,0,0
ac:86:a3:9d:26:35,0,50,7319,0,0,45,6819,5,500
ad:09:70:da:26:35,0,9,630,0,0,9,630,0,0
cc:11:c0:68:b5:55,0,10,700,0,0,10,700,0,0
5c:87:9c:e3:a1:52,0,14,3216,0,0,14,3216,0,0
6b:85:99:15:0e:c7,0,1,76,0,0,1,76,0,0
d2:c7:07:75:bc:e7,0,22,1540,0,0,22,1540,0,0
cf:df:cb:25:b5:55,0,7,490,0,0,0,0,7,490
80:54:9c:22:ed:37,0,46,7842,0,0,46,7842,0,0
f2:6d:1e:af:00:3c,0,12,5004,0,0,12,5004,0,0
f2:6d:24:af:00:28,0,8,2989,0,0,8,2989,0,0
14:d4:24:a4:0e:63,0,15,4033,0,0,15,4033,0,0
e8:6f:38:cd:1e:7f,0,10,6076,0,0,10,6076,0,0
f2:6d:0f:4f:00:28,0,9,3753,0,0,9,3753,0,0
f9:05:31:04:19:97,0,2,140,0,0,2,140,0,0
c4:00:7a:00:c4:0a,0,14,980,0,0,0,0,14,980
3b:ee:a0:19:07:75,0,9,630,0,0,9,630,0,0
22:b3:8d:d4:07:75,0,1,70,0,0,1,70,0,0
cb:25:b5:54:f8:89,0,130,9916,0,0,130,9916,0,0
d2:c7:07:75:0a:e9,0,2,152,0,0,0,0,2,152
d2:c7:07:75:3b:ee,0,2,140,0,0,2,140,0,0
a0:19:07:75:0a:e9,0,2,140,0,0,0,0,2,140
d4:87:07:75:0a:e9,0,1,70,0,0,0,0,1,70
e4:ec:e8:b3:cf:ba,0,23,7263,0,0,23,7263,0,0
5c:ed:f4:8c:13:b0,0,33,7603,0,0,21,3809,12,3794
cc:c9:5d:91:b3:a2,0,48,15958,0,0,48,15958,0,0
43:e5:aa:18:b5:50,0,11,770,0,0,11,770,0,0
5a:21:c7:1f:b5:54,0,20,1400,0,0,20,1400,0,0
6f:84:a4:f6:b5:52,0,5,350,0,0,5,350,0,0
d5:d5:ad:6f:b5:51,0,3,210,0,0,3,210,0,0
f9:b4:a3:81:b5:53,0,1,70,0,0,1,70,0,0
78:2b:46:10:0e:b9,0,52,22276,0,0,52,22276,0,0
f2:76:0e:6f:00:28,0,14,5838,0,0,14,5838,0,0
d2:c7:07:75:22:b3,0,1,70,0,0,1,70,0,0
8d:d4:cb:25:b5:55,0,1,70,0,0,0,0,1,70
cb:25:b5:54:6b:85,0,11,836,0,0,7,532,4,304
f2:c5:4f:bf:00:3c,0,17,7089,0,0,17,7089,0,0
30:bb:7d:d8:ba:eb,0,10,1456,0,0,10,1456,0,0
18:19:d6:1c:67:88,0,108,16580,0,0,108,16580,0,0
3b:90:bc:bd:07:75,0,2,140,0,0,2,140,0,0
cb:25:b5:54:ea:2d,0,3,210,0,0,3,210,0,0
f9:05:b5:54:6b:85,0,4,280,0,0,3,210,1,70
b0:cb:29:e4:19:97,0,2,152,0,0,2,152,0,0
ff:ff:ff:ff:53:0a,0,1,84,0,0,1,84,0,0
33:33:00:01:00:03,0,503,93392,0,0,0,0,503,93392
01:00:5e:00:00:fc,0,498,82208,0,0,0,0,498,82208
58:a0:23:f7:67:00,0,90,18350,0,0,90,18350,0,0
f2:6d:13:3f:00:28,0,9,3753,0,0,9,3753,0,0
7b:00:62:34:00:28,0,2,146,0,0,2,146,0,0
ff:ff:ff:ff:83:09,0,3,230,0,0,3,230,0,0
b5:54:f8:89:d2:c7,0,405,34888,0,0,0,0,405,34888
07:75:e5:7a:cd:97,0,1,70,0,0,0,0,1,70
b5:54:04:00:80:7a,0,5,404,0,0,5,404,0,0
07:75:5a:cb:70:9a,0,2,140,0,0,0,0,2,140
07:75:71:ec:d4:87,0,192,13440,0,0,0,0,192,13440
ff:ff:ff:ff:f2:04,0,1,84,0,0,1,84,0,0
5a:cb:70:9a:b5:52,0,1,70,0,0,1,70,0,0
f2:78:5e:5f:00:3c,0,9,3753,0,0,9,3753,0,0
70:31:7f:82:c7:d5,0,24,8836,0,0,24,8836,0,0
a4:4b:d5:37:8f:28,0,55,10072,0,0,55,10072,0,0
cb:5c:11:f3:d0:61,0,7,490,0,0,7,490,0,0
4a:65:cb:25:b5:55,0,3,210,0,0,0,0,3,210
d8:32:e3:55:d5:6c,0,69,12743,0,0,69,12743,0,0
f2:c5:51:ff:00:28,0,11,4240,0,0,11,4240,0,0
85:84:83:40:b5:52,0,183,12810,0,0,183,12810,0,0
f2:78:5e:bf:00:3c,0,13,5074,0,0,13,5074,0,0
87:3c:ee:1e:ca:84,0,1,70,0,0,1,70,0,0
cb:2d:d4:d3:87:3c,0,10,700,0,0,10,700,0,0
ee:1e:cb:25:b5:55,0,4,280,0,0,0,0,4,280
f2:78:18:6f:00:28,0,11,4587,0,0,11,4587,0,0
34:6f:24:c6:f3:3b,0,4,1087,0,0,4,1087,0,0
0e:f7:c9:4b:3a:db,0,2,146,0,0,2,146,0,0
ff:ff:ff:ff:ca:86,0,1,84,0,0,1,84,0,0
c0:47:54:92:40:f3,0,4,1208,0,0,0,0,4,1208
bf:ff:94:e5:96:b7,0,1,70,0,0,1,70,0,0
d0:61:4a:65:ca:82,0,1,70,0,0,1,70,0,0
60:7b:6b:1e:b5:50,0,1,70,0,0,1,70,0,0
38:fc:98:85:d0:ef,0,32,7093,0,0,32,7093,0,0
33:33:00:00:00:01,0,69,12420,0,0,0,0,69,12420
cb:5c:11:f3:03:00,0,1,76,0,0,1,76,0,0
b4:00:8c:01:a0:02,0,1,76,0,0,0,0,1,76
cc:3b:11:f3:03:00,0,2,140,0,0,2,140,0,0
c4:10:60:01:c4:0a,0,2,140,0,0,0,0,2,140
81:91:11:f3:03:00,0,1,70,0,0,1,70,0,0
c4:10:c0:01:c4:0a,0,1,70,0,0,0,0,1,70
43:d8:11:f3:03:00,0,1,70,0,0,1,70,0,0
d4:00:00:00:a0:02,0,1,70,0,0,0,0,1,70
a5:c3:8b:5d:b5:52,0,59,4130,0,0,59,4130,0,0
c7:1f:31:04:19:97,0,484,33880,0,0,484,33880,0,0
8b:5d:31:04:19:97,0,50,3500,0,0,50,3500,0,0
d2:71:18:d5:c4:0a,0,115,8896,0,0,115,8896,0,0
cb:25:b5:54:17:96,0,82,6232,0,0,22,1672,60,4560
cb:25:b5:54:3b:12,0,55,3850,0,0,55,3850,0,0
08:fd:b5:54:17:96,0,72,5040,0,0,19,1330,53,3710
01:00:00:00:00:00,0,1461,116388,0,0,1437,114456,24,1932
b5:54:f8:89:d2:71,0,851,73904,0,0,0,0,851,73904
11:f3:d0:61:4a:65,0,2,140,0,0,0,0,2,140
11:f3:79:0c:b2:b0,0,1,70,0,0,0,0,1,70
05:00:00:00:00:00,0,3,246,0,0,3,246,0,0
11:f3:a0:02:dc:1b,0,28,2542,0,0,0,0,28,2542
11:f3:db:db:80:ce,0,1,70,0,0,0,0,1,70
a5:c3:8b:5d:b5:51,0,11,770,0,0,11,770,0,0
0c:60:46:ba:7c:da,0,98,16268,0,0,98,16268,0,0
b0:a4:60:b4:48:26,0,33,7533,0,0,33,7533,0,0
23:66:3c:61:48:26,0,3,216,0,0,3,216,0,0
c4:a0:52:74:d0:a1,0,197,30254,0,0,197,30254,0,0
04:00:f0:54:ff:ff,0,2,158,0,0,2,158,0,0
04:00:00:55:ff:ff,0,2,158,0,0,2,158,0,0
f2:c5:51:9f:00:3c,0,9,3753,0,0,9,3753,0,0
04:00:70:55:ff:ff,0,2,158,0,0,2,158,0,0
90:44:34:1f:c4:0a,0,587,51656,0,0,587,51656,0,0
cb:2d:ca:85:04:00,0,715,62920,0,0,114,10032,601,52888
cb:2d:ca:85:99:f7,0,70,4900,0,0,70,4900,0,0
a7:48:ca:85:04:00,0,37,2590,0,0,1,70,36,2520
44:16:fa:1d:d7:62,0,223,33418,0,0,223,33418,0,0
a8:4a:28:eb:04:85,0,71,23428,0,0,71,23428,0,0
04:00:f0:55:ff:ff,0,1,88,0,0,1,88,0,0
99:f7:a7:48:ca:80,0,5,350,0,0,5,350,0,0
54:0e:2d:47:a4:8d,0,24,6948,0,0,24,6948,0,0
f2:6d:14:8f:00:3c,0,12,4657,0,0,12,4657,0,0
bc:6e:ff:3b:96:b7,0,1,70,0,0,1,70,0,0
85:84:83:40:96:b7,0,8,560,0,0,8,560,0,0
e8:b5:67:e4:b5:50,0,1,70,0,0,1,70,0,0
94:08:53:53:04:7f,0,8,2006,0,0,8,2006,0,0
0e:f7:c9:4b:04:7f,0,2,146,0,0,2,146,0,0
94:00:00:00:a4:55,0,137,12056,0,0,0,0,137,12056
d4:87:0c:07:ac:14,0,12,840,0,0,0,0,12,840
f2:76:0f:8f:00:3c,0,15,6255,0,0,15,6255,0,0
5c:ed:f4:80:e0:9f,0,109,16542,0,0,109,16542,0,0
99:f7:a7:48:ca:85,0,151,10570,0,0,151,10570,0,0
c0:38:96:81:40:95,0,11,1507,0,0,11,1507,0,0
99:f7:a7:48:b5:50,0,16,1120,0,0,16,1120,0,0
10:f6:0a:ea:ab:19,0,4,744,0,0,4,744,0,0
c8:34:8e:4c:de:ad,0,49,9418,0,0,49,9418,0,0
f2:6d:19:3f:00:28,0,7,2919,0,0,7,2919,0,0
f2:6d:13:ff:00:28,0,11,4587,0,0,11,4587,0,0
c8:89:f3:e5:24:a9,0,28,19210,0,0,28,19210,0,0
0a:e9:e1:ed:ae:a5,0,2,146,0,0,2,146,0,0
bf:ff:94:e5:ca:80,0,1,70,0,0,1,70,0,0
10:07:b6:ec:c4:2d,0,17,3196,0,0,17,3196,0,0
1c:0d:7d:75:eb:34,0,102,37893,0,0,102,37893,0,0
f2:76:18:5f:00:3c,0,18,7506,0,0,18,7506,0,0
cb:5c:11:f3:31:38,0,1,70,0,0,1,70,0,0
fd:a4:cb:25:b5:55,0,1,70,0,0,0,0,1,70
cb:5c:11:f3:92:ff,0,1,70,0,0,1,70,0,0
5d:af:cb:25:b5:55,0,1,70,0,0,0,0,1,70
85:84:83:40:ca:85,0,92,6440,0,0,92,6440,0,0
f2:c5:4b:ff:00:28,0,11,4587,0,0,11,4587,0,0
f2:c5:52:8f:00:28,0,11,4587,0,0,11,4587,0,0
c0:e4:34:64:c4:41,0,10,2717,0,0,10,2717,0,0
74:73:b4:91:7f:a6,0,7,2485,0,0,7,2485,0,0
04:00:70:59:ff:ff,0,1,88,0,0,1,88,0,0
04:00:90:59:ff:ff,0,2,176,0,0,2,176,0,0
04:00:a0:59:ff:ff,0,2,176,0,0,2,176,0,0
04:00:e0:59:ff:ff,0,2,176,0,0,2,176,0,0
04:00:f0:59:ff:ff,0,2,176,0,0,2,176,0,0
ef:d0:95:49:07:75,0,1,70,0,0,1,70,0,0
0c:19:f8:90:9c:61,0,14,3788,0,0,14,3788,0,0
04:00:b0:5a:ff:ff,0,3,264,0,0,3,264,0,0
99:f7:a7:48:ca:84,0,11,770,0,0,11,770,0,0
d9:87:a1:46:b5:50,0,1,70,0,0,1,70,0,0
94:e2:3c:4c:94:92,0,4,1244,0,0,4,1244,0,0
f2:c5:51:cf:00:28,0,9,3753,0,0,9,3753,0,0
f2:78:5f:7f:00:28,0,7,2919,0,0,7,2919,0,0
a4:c6:f0:08:40:9a,0,91,46210,0,0,91,46210,0,0
04:00:20:5b:ff:ff,0,1,88,0,0,1,88,0,0
04:00:30:5b:ff:ff,0,2,176,0,0,2,176,0,0
f2:c5:52:8f:00:3c,0,18,6812,0,0,18,6812,0,0
d5:60:8e:cd:ca:85,0,1,70,0,0,1,70,0,0
f8:da:0c:37:36:19,0,29,5760,0,0,29,5760,0,0
f2:c5:4f:bf:00:28,0,9,3753,0,0,9,3753,0,0
10:a5:1d:72:6d:ca,0,35,10189,0,0,35,10189,0,0
f2:6d:1f:3f:00:28,0,10,3823,0,0,10,3823,0,0
a4:42:3b:37:e2:13,0,60,12754,0,0,60,12754,0,0
ff:ff:ff:ff:1a:40,0,1,84,0,0,1,84,0,0
f2:c5:4d:7f:00:3c,0,12,5004,0,0,12,5004,0,0
f2:76:16:4f:00:3c,0,17,6742,0,0,17,6742,0,0
f0:18:98:85:1d:85,0,142,71575,0,0,142,71575,0,0
f2:6d:13:9f:00:28,0,14,5838,0,0,14,5838,0,0
90:e8:68:55:f4:33,0,10,2604,0,0,10,2604,0,0
98:b3:79:37:ec:10,0,6,1482,0,0,6,1482,0,0
f2:d1:21:df:00:28,0,8,3336,0,0,8,3336,0,0
0a:e9:e1:ed:f3:3b,0,2,146,0,0,2,146,0,0
ff:ff:ff:ff:f2:c1,0,1,84,0,0,1,84,0,0
cb:5c:11:f3:04:5f,0,1,70,0,0,1,70,0,0
7f:35:ca:85:04:00,0,1,70,0,0,0,0,1,70
10:68:38:90:44:58,0,22,4498,0,0,22,4498,0,0
2c:6d:c1:43:7c:95,0,9,2171,0,0,9,2171,0,0
bc:f1:71:84:a6:16,0,10,2429,0,0,10,2429,0,0
5c:ed:f4:6c:91:89,0,1,164,0,0,1,164,0,0
8c:aa:b5:58:57:ea,0,44,11622,0,0,44,11622,0,0
bc:6a:d1:86:93:25,0,309,47184,0,0,309,47184,0,0
10:ec:81:0a:0c:18,0,118,18188,0,0,118,18188,0,0
88:a3:03:79:9b:46,0,89,13982,0,0,89,13982,0,0
30:bb:7d:e8:bd:f1,0,10,1724,0,0,10,1724,0,0
f2:6d:18:af:00:3c,0,14,5838,0,0,14,5838,0,0
f2:c5:51:ff:00:3c,0,15,5908,0,0,15,5908,0,0
f2:76:17:9f:00:3c,0,13,5074,0,0,13,5074,0,0
f2:78:0a:bf:00:3c,0,15,6255,0,0,15,6255,0,0
f2:6d:10:9f:00:3c,0,15,6255,0,0,15,6255,0,0
fc:aa:b6:aa:ae:55,0,289,43750,0,0,289,43750,0,0
98:b3:79:26:a9:8e,0,155,50616,0,0,155,50616,0,0
98:69:8a:61:ac:58,0,42,10845,0,0,42,10845,0,0
dc:b7:2e:c0:9b:72,0,54,12752,0,0,54,12752,0,0
70:72:fe:47:2f:7f,0,9,7307,0,0,9,7307,0,0
f4:02:28:6d:52:c1,0,88,14928,0,0,88,14928,0,0
26:b0:cb:0d:6c:61,0,24,6820,0,0,24,6820,0,0
80:19:70:9e:81:fa,0,146,22378,0,0,146,22378,0,0
4f:5a:8e:07:2b:09,0,1,76,0,0,1,76,0,0
3b:c4:54:7a:b5:52,0,1,70,0,0,1,70,0,0
9a:72:20:54:18:17,0,2,146,0,0,2,146,0,0
b5:54:dd:6a:5f:7f,0,15,1050,0,0,0,0,15,1050
3e:b3:0d:de:6e:02,0,1,76,0,0,1,76,0,0
f2:6d:11:5f:00:3c,0,17,6395,0,0,17,6395,0,0
a8:ab:b5:8b:86:5c,0,33,8917,0,0,33,8917,0,0
3e:b3:0d:de:2d:b5,0,2,146,0,0,2,146,0,0
58:85:a2:16:b6:1d,0,39,5742,0,0,39,5742,0,0
fc:d4:36:1f:65:0f,0,149,22710,0,0,149,22710,0,0
a8:4a:28:bf:ce:a4,0,61,21036,0,0,61,21036,0,0
e4:f1:d4:2b:26:c5,0,179,26894,0,0,179,26894,0,0
74:f2:fa:42:9f:05,0,18,3997,0,0,18,3997,0,0
60:d4:e9:42:3a:a5,0,64,16681,0,0,64,16681,0,0
90:78:41:fe:84:04,0,10,2012,0,0,10,2012,0,0
f2:6d:2c:2f:00:3c,0,16,6672,0,0,16,6672,0,0
b4:19:74:46:85:38,0,157,56318,0,0,157,56318,0,0
bc:f7:30:b2:13:47,0,169,25616,0,0,169,25616,0,0
a8:5b:b7:98:01:5e,0,9,2718,0,0,9,2718,0,0
d4:d7:cf:11:09:72,0,160,24572,0,0,160,24572,0,0
30:bb:7d:19:a0:01,0,8,1583,0,0,8,1583,0,0
88:46:04:45:15:87,0,33,7514,0,0,33,7514,0,0
1c:86:82:27:ef:58,0,106,36455,0,0,106,36455,0,0
e8:5a:8b:68:80:93,0,40,13023,0,0,40,13023,0,0
1a:87:21:fa:76:04,0,193,29287,0,0,193,29287,0,0
b4:fa:48:ae:3e:6d,0,45,11674,0,0,45,11674,0,0
0c:ec:8d:53:3c:da,0,187,28669,0,0,187,28669,0,0
f2:6d:1f:ff:00:28,0,9,3753,0,0,9,3753,0,0
f2:d1:20:8f:00:28,0,10,4170,0,0,10,4170,0,0
50:5a:65:f6:1c:d9,0,254,48886,0,0,254,48886,0,0
18:3e:ef:cf:40:09,0,137,77057,0,0,137,77057,0,0
34:47:9a:3f:d7:77,0,11,2142,0,0,11,2142,0,0
2c:be:eb:33:5f:35,0,26,6196,0,0,26,6196,0,0
a8:ab:b5:10:a1:b8,0,124,34231,0,0,124,34231,0,0
68:4a:e9:e1:50:29,0,23,3786,0,0,23,3786,0,0
62:c8:79:9e:3c:9a,0,8,1232,0,0,8,1232,0,0
1c:f8:d0:bf:ee:3d,0,237,36088,0,0,237,36088,0,0
33:33:ff:41:7b:de,0,6,1080,0,0,0,0,6,1080
04:42:1a:e1:37:93,0,10,3469,0,0,10,3469,0,0
c8:58:95:a3:c7:36,0,62,16300,0,0,62,16300,0,0
d4:8a:39:90:c2:32,0,279,42638,0,0,279,42638,0,0
5c:ed:f4:65:3d:27,0,135,21418,0,0,135,21418,0,0
b0:be:83:6a:ea:30,0,100,61222,0,0,100,61222,0,0
68:3e:26:c6:e7:7e,0,16,3563,0,0,16,3563,0,0
f2:78:bc:af:00:28,0,13,5074,0,0,13,5074,0,0
50:ed:3c:55:39:da,0,108,61212,0,0,108,61212,0,0
f2:6d:1d:2f:00:3c,0,18,7506,0,0,18,7506,0,0
f2:6d:1a:ef:00:3c,0,13,5421,0,0,13,5421,0,0
d0:2b:20:8a:b6:8f,0,11,3899,0,0,11,3899,0,0
5c:10:c5:b1:2c:81,0,134,20142,0,0,134,20142,0,0
f2:c5:4d:4f:00:3c,0,14,5491,0,0,14,5491,0,0
30:ab:6a:4d:7b:9e,0,276,46062,0,0,276,46062,0,0
8a:12:e6:af:d6:30,0,115,19599,0,0,115,19599,0,0
b4:31:61:e1:ee:85,0,298,44800,0,0,298,44800,0,0
14:88:e6:0e:13:a9,0,396,130326,0,0,396,130326,0,0
f2:6d:2b:cf:00:3c,0,14,5838,0,0,14,5838,0,0
4c:4f:ee:4a:01:ec,0,59,9749,0,0,59,9749,0,0
dc:b7:2e:bd:81:f2,0,37,11559,0,0,37,11559,0,0
f2:76:1c:1f:00:28,0,12,5004,0,0,12,5004,0,0
8e:43:7b:d5:b5:54,0,46,3364,0,0,0,0,46,3364
5f:36:1c:d6:b5:54,0,36,2520,0,0,36,2520,0,0
18:d5:c4:0a:cb:25,0,452,34640,0,0,0,0,452,34640
b5:54:a5:38:56:52,0,31,2170,0,0,0,0,31,2170
b9:b2:e3:b0:b5:54,0,1,70,0,0,1,70,0,0
f2:c5:52:2f:00:3c,0,10,4170,0,0,10,4170,0,0
bc:6e:ff:3b:ca:84,0,26,1820,0,0,26,1820,0,0
cc:6b:1e:98:d2:6b,0,12,3755,0,0,12,3755,0,0
f2:76:16:4f:00:28,0,9,3753,0,0,9,3753,0,0
1c:57:dc:5a:1a:67,0,427,307763,0,0,427,307763,0,0
52:7f:fe:6a:b5:52,0,2,140,0,0,2,140,0,0
d2:c7:07:75:7f:41,0,1,70,0,0,1,70,0,0
c5:e5:0c:07:ac:14,0,1,70,0,0,0,0,1,70
cb:5c:11:f3:57:68,0,2,140,0,0,2,140,0,0
25:a3:0c:07:ac:14,0,2,140,0,0,0,0,2,140
50:49:b0:42:46:eb,0,146,22912,0,0,146,22912,0,0
94:00:00:00:5c:ed,0,6,528,0,0,0,0,6,528
f2:6d:25:ff:00:28,0,11,4587,0,0,11,4587,0,0
b4:f9:f0:b2:6d:25,0,22,1540,0,0,22,1540,0,0
bc:6e:ff:3b:6d:25,0,3,210,0,0,3,210,0,0
44:c0:f5:e6:ca:80,0,1,70,0,0,1,70,0,0
f2:6d:25:3f:00:28,0,11,4587,0,0,11,4587,0,0
58:73:d8:13:00:c9,0,100,46699,0,0,100,46699,0,0
33:33:ff:5b:31:c0,0,1,180,0,0,0,0,1,180
1c:57:dc:77:a9:57,0,8,2172,0,0,7,2082,1,90
33:33:ff:cb:64:a1,0,1,180,0,0,0,0,1,180
73:30:29:ef:a9:57,0,3,216,0,0,3,216,0,0
05:00:60:a9:01:00,0,1,88,0,0,1,88,0,0
41:e0:88:bc:b5:52,0,1,70,0,0,1,70,0,0
e0:07:0c:5c:b5:52,0,1,70,0,0,1,70,0,0
02:6e:0d:03:b5:52,0,1,70,0,0,1,70,0,0
15:5b:14:2a:b5:52,0,1,70,0,0,1,70,0,0
ce:ce:bd:0c:96:b7,0,1,70,0,0,1,70,0,0
a2:02:dc:1b:96:b7,0,1,166,0,0,1,166,0,0
f2:c5:51:6f:00:3c,0,14,5838,0,0,14,5838,0,0
f2:6d:10:cf:00:3c,0,17,7089,0,0,17,7089,0,0
08:8e:dc:86:2c:b4,0,9,2048,0,0,9,2048,0,0
5c:17:cf:7b:7d:73,0,34,5370,0,0,34,5370,0,0
f2:6d:11:8f:00:3c,0,13,5421,0,0,13,5421,0,0
fc:d4:36:13:98:46,0,97,14770,0,0,97,14770,0,0
cb:5c:11:f3:32:9d,0,1,76,0,0,0,0,1,76
cb:5c:11:f3:4b:4a,0,1,70,0,0,1,70,0,0
d0:62:11:f3:32:9d,0,1,70,0,0,0,0,1,70
90:df:7d:07:1b:21,0,212,31892,0,0,212,31892,0,0
90:e8:68:c9:98:0b,0,74,16659,0,0,74,16659,0,0
33:33:ff:f9:8c:5f,0,1,172,0,0,0,0,1,172
d8:c0:a6:d6:cf:93,0,17,3570,0,0,17,3570,0,0
34:cf:f6:8f:b9:b6,0,3,933,0,0,3,933,0,0
c8:89:f3:0e:cb:ff,0,19,7919,0,0,19,7919,0,0
c2:f8:20:25:fe:ec,0,3,603,0,0,3,603,0,0
f2:6d:1b:1f:00:3c,0,11,4587,0,0,11,4587,0,0
b4:19:74:52:c5:44,0,25,6752,0,0,25,6752,0,0
33:33:ff:81:2f:ed,0,2,360,0,0,0,0,2,360
a8:5b:b7:3f:4f:3e,0,75,25084,0,0,75,25084,0,0
f2:6d:1e:df:00:3c,0,14,5838,0,0,14,5838,0,0
1c:91:80:b9:42:40,0,14,7346,0,0,14,7346,0,0
33:33:ff:fe:0e:ce,0,6,1080,0,0,0,0,6,1080
10:82:d7:f7:31:21,0,165,25250,0,0,165,25250,0,0
f2:6d:1e:1f:00:3c,0,18,7159,0,0,18,7159,0,0
d0:97:fe:ee:73:51,0,240,42496,0,0,240,42496,0,0
f2:6d:21:df:00:3c,0,16,6672,0,0,16,6672,0,0
38:65:b2:0f:9e:f5,0,61,19122,0,0,61,19122,0,0
a8:30:bc:9f:22:d1,0,1,164,0,0,1,164,0,0
73:30:29:ef:19:65,0,2,146,0,0,2,146,0,0
05:00:f0:a9:01:00,0,1,88,0,0,1,88,0,0
33:33:ff:36:0c:95,0,5,900,0,0,0,0,5,900
d4:8a:39:95:4f:42,0,56,13207,0,0,56,13207,0,0
f2:d1:21:df:00:3c,0,15,5561,0,0,15,5561,0,0
3c:19:5e:74:79:7a,0,259,39382,0,0,259,39382,0,0
d4:8a:39:18:5d:90,0,167,26100,0,0,167,26100,0,0
48:74:12:9a:e4:ab,0,123,18968,0,0,123,18968,0,0
d0:61:4a:65:ca:80,0,1,70,0,0,1,70,0,0
e8:78:65:b0:15:9c,0,22,8330,0,0,22,8330,0,0
93:a8:f7:4a:b5:55,0,20,1460,0,0,0,0,20,1460
4e:0f:74:67:b5:55,0,16,1120,0,0,16,1120,0,0
ff:ff:07:00:00:00,0,9,732,0,0,1,88,8,644
f2:6d:29:2f:00:28,0,8,3336,0,0,8,3336,0,0
ff:ff:1f:00:00:00,0,4,334,0,0,1,88,3,246
71:ec:d4:87:ca:83,0,21,1470,0,0,21,1470,0,0
3e:bb:8c:76:b5:50,0,2,140,0,0,2,140,0,0
3c:58:c2:8d:34:e3,0,10,2458,0,0,10,2458,0,0
f2:76:18:2f:00:28,0,9,3753,0,0,9,3753,0,0
1c:57:dc:69:e8:50,0,120,66059,0,0,120,66059,0,0
50:5a:65:f7:43:a7,0,4,1000,0,0,4,1000,0,0
f2:6d:21:af:00:28,0,11,4587,0,0,11,4587,0,0
f2:78:bd:ff:00:28,0,9,3753,0,0,9,3753,0,0
bc:6e:ff:3b:ca:81,0,16,1120,0,0,16,1120,0,0
3e:bb:8c:76:ca:81,0,1,70,0,0,1,70,0,0
cb:25:b5:54:21:89,0,1,76,0,0,1,76,0,0
b4:00:e8:04:f8:89,0,1,76,0,0,0,0,1,76
05:00:b0:78:ff:ff,0,1,84,0,0,1,84,0,0
b4:00:1c:04:f8:89,0,1,76,0,0,0,0,1,76
cf:b4:b5:54:9d:5a,0,1,70,0,0,1,70,0,0
c4:00:f2:03:c4:0a,0,1,70,0,0,0,0,1,70
5e:8e:ce:80:b5:51,0,2,140,0,0,2,140,0,0
d2:c7:07:75:aa:3b,0,2,140,0,0,2,140,0,0
8a:07:cb:25:b5:55,0,2,140,0,0,0,0,2,140
cb:25:b5:54:b7:e3,0,12,912,0,0,3,228,9,684
cb:25:b5:54:27:64,0,2,140,0,0,2,140,0,0
15:fb:b5:54:b7:e3,0,4,280,0,0,2,140,2,140
ff:ff:ff:ff:83:cc,0,1,84,0,0,1,84,0,0
d2:c7:07:75:68:d9,0,2,140,0,0,2,140,0,0
fa:8f:cb:25:b5:55,0,1,70,0,0,0,0,1,70
71:ec:d4:87:ca:82,0,7,490,0,0,7,490,0,0
f2:c5:52:bf:00:28,0,10,4170,0,0,10,4170,0,0
f2:78:be:5f:00:28,0,9,3753,0,0,9,3753,0,0
f2:6d:1f:6f:00:28,0,13,5421,0,0,13,5421,0,0
ff:ff:ff:ff:b0:bc,0,4,306,0,0,4,306,0,0
d2:c7:07:75:05:30,0,16,1344,0,0,0,0,16,1344
b7:5d:05:74:b5:53,0,1,70,0,0,1,70,0,0
b7:5d:05:74:ca:80,0,1,70,0,0,1,70,0,0
23:3d:3e:c6:96:b7,0,3,210,0,0,3,210,0,0
cb:5c:11:f3:23:3d,0,38,2660,0,0,38,2660,0,0
3e:c6:0c:07:ac:14,0,26,1820,0,0,0,0,26,1820
d2:c7:07:75:df:41,0,1,70,0,0,1,70,0,0
b8:b5:0c:07:ac:14,0,1,70,0,0,0,0,1,70
23:3d:3e:c6:ca:82,0,2,140,0,0,2,140,0,0
23:3d:3e:c6:b5:54,0,1,70,0,0,1,70,0,0
a8:8f:d9:32:70:95,0,110,81911,0,0,110,81911,0,0
d2:c7:07:75:3e:bb,0,12,840,0,0,12,840,0,0
8c:76:cb:25:b5:55,0,7,490,0,0,0,0,7,490
27:64:15:fb:b5:54,0,1,70,0,0,1,70,0,0
ff:ff:ff:ff:53:cf,0,1,84,0,0,1,84,0,0
ff:ff:ff:ff:89:57,0,3,224,0,0,3,224,0,0
07:75:3e:bb:8c:76,0,4,280,0,0,0,0,4,280
f2:78:5e:8f:00:3c,0,13,5421,0,0,13,5421,0,0
33:33:ff:88:26:18,0,2,360,0,0,0,0,2,360
f9:89:1b:76:b5:50,0,1,70,0,0,1,70,0,0
cb:5c:11:f3:5e:5f,0,1,70,0,0,1,70,0,0
ed:a0:96:b7:05:00,0,1,70,0,0,0,0,1,70
f2:6d:25:0f:00:28,0,8,2989,0,0,8,2989,0,0
05:00:c0:ab:1f:00,0,1,88,0,0,1,88,0,0
74:40:bb:e6:78:d9,0,6,1440,0,0,6,1440,0,0
3c:a6:f6:34:0a:65,0,64,19980,0,0,64,19980,0,0
20:75:ed:64:31:7a,0,1,166,0,0,1,166,0,0
91:23:ed:cf:56:85,0,1,166,0,0,0,0,1,166
87:3c:ee:1e:e3:3c,0,4,280,0,0,4,280,0,0
85:84:83:40:ca:80,0,63,4410,0,0,63,4410,0,0
54:14:f3:aa:3a:75,0,45,11731,0,0,45,11731,0,0
d0:88:0c:7e:63:0e,0,20,11134,0,0,20,11134,0,0
08:6a:c5:5c:0d:8c,0,150,41553,0,0,150,41553,0,0
ff:ff:ff:ff:61:d6,0,3,230,0,0,3,230,0,0
b5:54:82:92:c7:c6,0,1,70,0,0,0,0,1,70
ff:ff:ff:ff:c1:d1,0,1,84,0,0,1,84,0,0
c4:b5:c6:f2:b5:54,0,3,210,0,0,3,210,0,0
ff:ff:ff:ff:f9:53,0,2,154,0,0,2,154,0,0
07:75:c4:b5:c6:f2,0,2,140,0,0,0,0,2,140
d2:c7:07:75:5e:8e,0,1,70,0,0,1,70,0,0
ce:80:cb:25:b5:55,0,1,70,0,0,0,0,1,70
d2:c7:07:75:5d:be,0,1,70,0,0,1,70,0,0
78:1e:b5:54:b7:e3,0,1,70,0,0,0,0,1,70
ff:ff:ff:ff:11:d2,0,3,230,0,0,3,230,0,0
b5:54:27:64:15:fb,0,6,420,0,0,0,0,6,420
ff:ff:ff:ff:88:5e,0,2,154,0,0,2,154,0,0
c4:b5:c6:f2:b5:53,0,1,70,0,0,1,70,0,0
cb:5c:11:f3:65:7a,0,4,280,0,0,4,280,0,0
af:b6:0c:07:ac:28,0,1,70,0,0,0,0,1,70
83:40:0c:07:ac:14,0,4,280,0,0,0,0,4,280
bc:6e:ff:3b:b5:54,0,5,350,0,0,5,350,0,0
ac:28:9f:d3:b5:54,0,1,70,0,0,1,70,0,0
ff:ff:ff:ff:35:74,0,1,84,0,0,1,84,0,0
cb:5c:11:f3:5e:a1,0,1,76,0,0,0,0,1,76
6b:1e:11:f3:5e:a1,0,1,70,0,0,0,0,1,70
cb:5c:11:f3:d5:60,0,2,140,0,0,2,140,0,0
8e:cd:11:f3:5e:a1,0,1,70,0,0,0,0,1,70
3c:19:5e:78:a4:5e,0,8,1288,0,0,8,1288,0,0
24:95:2f:b4:1a:f7,0,38,6166,0,0,38,6166,0,0
14:18:c3:87:6b:80,0,6,1801,0,0,6,1801,0,0
3b:12:08:fd:b5:54,0,57,3990,0,0,57,3990,0,0
b5:54:3b:12:08:fd,0,133,9310,0,0,0,0,133,9310
18:d5:a5:c3:8b:5d,0,180,12600,0,0,0,0,180,12600
17:96:58:54:d7:94,0,4,298,0,0,4,298,0,0
7f:b4:c2:94:4c:60,0,1,76,0,0,1,76,0,0
cb:25:b5:54:31:0d,0,1,76,0,0,0,0,1,76
cb:25:b5:54:d3:d1,0,1,70,0,0,1,70,0,0
51:7c:b5:54:31:0d,0,1,70,0,0,0,0,1,70
ff:ff:ff:ff:58:5d,0,2,154,0,0,2,154,0,0
f2:76:17:cf:00:3c,0,13,5421,0,0,13,5421,0,0
f2:78:5f:4f:00:3c,0,14,5838,0,0,14,5838,0,0
04:00:90:5e:ff:ff,0,2,158,0,0,0,0,2,158
d0:61:4a:65:ca:85,0,1,70,0,0,1,70,0,0
05:00:40:ac:01:00,0,1,88,0,0,0,0,1,88
05:00:50:ac:01:00,0,2,158,0,0,2,158,0,0
f2:78:be:ef:00:3c,0,14,5838,0,0,14,5838,0,0
64:d2:c4:ea:e9:ca,0,20,5462,0,0,20,5462,0,0
e2:d5:41:b5:34:e3,0,5,374,0,0,5,374,0,0
ff:ff:ff:ff:28:59,0,2,160,0,0,2,160,0,0
ff:ff:ff:ff:f8:5a,0,1,84,0,0,1,84,0,0
06:57:b6:7a:b5:51,0,1,70,0,0,1,70,0,0
b5:54:04:00:e0:7c,0,1,88,0,0,1,88,0,0
50:29:f5:36:8f:ff,0,14,4006,0,0,14,4006,0,0
9a:72:20:54:23:7a,0,2,146,0,0,2,146,0,0
ff:ff:ff:ff:4c:6b,0,1,84,0,0,1,84,0,0
f2:76:12:ef:00:28,0,9,3753,0,0,9,3753,0,0
28:39:26:c3:17:c9,0,30,11725,0,0,30,11725,0,0
f2:6d:29:ef:00:28,0,9,3753,0,0,9,3753,0,0
30:57:14:30:30:b7,0,15,3236,0,0,15,3236,0,0
c0:95:6d:2a:be:06,0,158,86999,0,0,158,86999,0,0
d2:71:18:d5:a5:c3,0,289,20230,0,0,289,20230,0,0
8b:5d:0c:07:ac:28,0,245,17150,0,0,0,0,245,17150
d2:71:18:d5:05:00,0,5,440,0,0,3,264,2,176
d4:87:18:d5:05:00,0,1,70,0,0,0,0,1,70
ff:ff:ff:ff:a4:ea,0,2,154,0,0,2,154,0,0
94:17:00:e8:82:78,0,370,62904,0,0,370,62904,0,0
a5:0a:ab:b7:5b:7c,0,1,154,0,0,1,154,0,0
03:50:3d:38:9e:c7,0,1,154,0,0,0,0,1,154
b5:54:04:00:40:7d,0,1,88,0,0,1,88,0,0
ff:ff:ff:ff:9c:68,0,7,540,0,0,7,540,0,0
d2:c7:07:75:4c:43,0,2,140,0,0,2,140,0,0
dd:85:b5:54:9a:72,0,1,70,0,0,0,0,1,70
07:75:05:00:50:7a,0,1,84,0,0,1,84,0,0
ff:ff:ff:ff:58:3d,0,3,230,0,0,3,230,0,0
b5:54:92:7f:f0:28,0,5,350,0,0,0,0,5,350
ff:ff:ff:ff:3c:6f,0,1,84,0,0,1,84,0,0
14:c2:13:0b:5a:ee,0,17,6092,0,0,17,6092,0,0
1c:57:dc:85:3d:3e,0,61,32035,0,0,61,32035,0,0
54:8c:32:d9:c4:0a,0,96,7982,0,0,96,7982,0,0
cb:25:e6:35:04:30,0,1,80,0,0,0,0,1,80
34:fe:77:be:5c:f3,0,12,3020,0,0,12,3020,0,0
2c:9d:65:49:00:d1,0,132,20380,0,0,132,20380,0,0
0c:e4:41:ee:3e:dd,0,98,43399,0,0,98,43399,0,0
18:3e:ef:e8:3a:29,0,33,15784,0,0,33,15784,0,0
18:26:49:ae:e7:87,0,4,1723,0,0,4,1723,0,0
4d:53:4f:f0:b5:52,0,1,70,0,0,1,70,0,0
9c:e3:3f:d6:aa:ac,0,31,9662,0,0,31,9662,0,0
f2:6d:25:6f:00:3c,0,15,6255,0,0,15,6255,0,0
3e:bb:8c:76:b5:53,0,4,280,0,0,4,280,0,0
43:d8:0c:07:ac:14,0,13,910,0,0,0,0,13,910
b0:dc:ef:fc:26:96,0,42,10194,0,0,42,10194,0,0
a8:8f:d9:35:6c:12,0,54,19986,0,0,54,19986,0,0
f2:6d:11:5f:00:28,0,13,5421,0,0,13,5421,0,0
b0:be:83:40:09:ff,0,78,38736,0,0,78,38736,0,0
c4:0a:cb:5c:11:f2,0,3,1026,0,0,3,1026,0,0
24:95:2f:6d:08:f7,0,210,34372,0,0,210,34372,0,0
f2:d1:20:8f:00:3c,0,13,5421,0,0,13,5421,0,0
f2:c5:4b:9f:00:3c,0,17,6742,0,0,17,6742,0,0
50:e0:85:bc:a8:09,0,7,1103,0,0,7,1103,0,0
3e:bb:8c:76:07:75,0,2,140,0,0,2,140,0,0
ac:50:de:61:b3:86,0,4,1451,0,0,4,1451,0,0
00:93:37:5c:ef:36,0,22,8289,0,0,22,8289,0,0
d8:f3:bc:6f:47:95,0,27,6941,0,0,27,6941,0,0
22:38:96:81:40:95,0,4,520,0,0,4,520,0,0
3e:bb:8c:76:ca:80,0,1,70,0,0,1,70,0,0
10:00:20:c4:01:d2,0,34,10898,0,0,34,10898,0,0
30:d1:6b:ea:7a:51,0,10,2234,0,0,10,2234,0,0
3e:bb:8c:76:b5:52,0,4,280,0,0,4,280,0,0
f2:6d:11:2f:00:28,0,9,3753,0,0,9,3753,0,0
f2:78:0b:7f:00:28,0,12,5004,0,0,12,5004,0,0
85:84:83:40:ca:83,0,12,840,0,0,12,840,0,0
50:da:d6:8f:aa:50,0,121,19619,0,0,121,19619,0,0
c4:a0:52:76:7e:01,0,125,18998,0,0,125,18998,0,0
6b:76:3b:ed:48:f9,0,2,140,0,0,2,140,0,0
80:4c:cb:25:b5:55,0,2,140,0,0,0,0,2,140
0a:ee:65:29:6f:75,0,7,3052,0,0,7,3052,0,0
f2:76:20:9f:00:28,0,10,4170,0,0,10,4170,0,0
b9:b2:e3:b0:b5:52,0,1,70,0,0,1,70,0,0
d2:c7:07:75:cd:00,0,2,152,0,0,0,0,2,152
d2:c7:07:75:92:fd,0,2,140,0,0,2,140,0,0
44:68:07:75:cd:00,0,1,70,0,0,0,0,1,70
b4:00:e8:00:f8:89,0,3,228,0,0,0,0,3,228
c4:00:be:00:c4:0a,0,2,140,0,0,0,0,2,140
ff:ff:ff:ff:d5:e7,0,2,154,0,0,2,154,0,0
11:f3:23:3d:3e:c6,0,6,420,0,0,0,0,6,420
3e:c6:cb:25:b5:55,0,10,700,0,0,0,0,10,700
cb:5c:11:f3:89:22,0,1,70,0,0,1,70,0,0
87:2b:cb:25:b5:55,0,1,70,0,0,0,0,1,70
9f:aa:2a:34:ca:82,0,1,70,0,0,1,70,0,0
f2:ca:a9:cf:00:28,0,10,4170,0,0,10,4170,0,0
4c:eb:bd:cb:f3:01,0,9,2667,0,0,9,2667,0,0
04:30:e0:f3:1a:a1,0,2,160,0,0,2,160,0,0
c0:47:54:8c:32:d9,0,1538,424704,0,0,91,19400,1447,405304
bc:6e:ff:3b:ca:83,0,21,1470,0,0,21,1470,0,0
f2:76:15:ef:00:28,0,7,2919,0,0,7,2919,0,0
dc:f5:05:b1:2a:f3,0,23,5933,0,0,23,5933,0,0
b9:b2:e3:b0:07:75,0,3,210,0,0,3,210,0,0
d2:c7:07:75:b9:b2,0,1,70,0,0,1,70,0,0
e3:b0:07:75:cd:00,0,1,70,0,0,0,0,1,70
ff:ff:ff:ff:0f:7f,0,3,230,0,0,3,230,0,0
ff:ff:ff:ff:e7:fe,0,1,84,0,0,1,84,0,0
b0:6e:72:22:0b:69,0,5,840,0,0,5,840,0,0
f2:6d:2a:7f:00:28,0,13,5421,0,0,13,5421,0,0
f2:76:17:ff:00:28,0,13,5074,0,0,13,5074,0,0
f2:6d:12:df:00:28,0,8,3336,0,0,8,3336,0,0
f6:4e:92:32:bd:e7,0,4,298,0,0,4,298,0,0
81:fd:8c:4d:bd:e7,0,2,152,0,0,2,152,0,0
ff:ff:ff:ff:82:a5,0,4,306,0,0,4,306,0,0
ff:ff:ff:ff:df:7c,0,1,84,0,0,1,84,0,0
05:00:50:ae:03:00,0,1,88,0,0,1,88,0,0
f2:6d:1e:df:00:28,0,11,4240,0,0,11,4240,0,0
f2:6d:13:6f:00:28,0,7,2919,0,0,7,2919,0,0
1f:74:87:13:07:75,0,1,70,0,0,1,70,0,0
b5:54:04:00:20:7e,0,1,88,0,0,1,88,0,0
b4:00:e4:00:f8:89,0,2,152,0,0,0,0,2,152
ff:3b:cb:25:b5:55,0,74,5180,0,0,0,0,74,5180
2c:18:09:1b:31:4e,0,85,31820,0,0,85,31820,0,0
33:33:ff:94:2f:c5,0,2,360,0,0,0,0,2,360
fa:b8:33:f8:bd:6e,0,80,21404,0,0,80,21404,0,0
20:69:80:36:e1:73,0,18,4653,0,0,18,4653,0,0
f2:6d:11:8f:00:28,0,7,2919,0,0,7,2919,0,0
fc:e2:6c:0c:43:28,0,59,31380,0,0,59,31380,0,0
14:c2:13:12:82:02,0,54,21248,0,0,54,21248,0,0
a0:29:42:4b:bc:66,0,115,104030,0,0,115,104030,0,0
86:29:c0:71:c4:d9,0,94,24069,0,0,94,24069,0,0
bc:6a:d1:04:8e:59,0,35,10208,0,0,35,10208,0,0
10:00:20:0c:c6:1d,0,3,670,0,0,3,670,0,0
b4:c4:fc:9d:e6:c0,0,45,11951,0,0,45,11951,0,0
f8:e7:a0:3a:d7:81,0,70,10292,0,0,70,10292,0,0
33:33:ff:d6:8c:94,0,6,1080,0,0,0,0,6,1080
c0:95:6d:2b:e7:2b,0,35,13859,0,0,35,13859,0,0
78:2b:46:92:44:29,0,92,20027,0,0,92,20027,0,0
f2:76:20:6f:00:28,0,10,4170,0,0,10,4170,0,0
b4:8c:9d:37:28:b1,0,17,6165,0,0,17,6165,0,0
c8:94:02:f8:c6:55,0,18,6218,0,0,18,6218,0,0
a0:92:08:54:70:c2,0,26,8008,0,0,26,8008,0,0
5c:ed:f4:c0:c0:ba,0,118,18372,0,0,118,18372,0,0
08:f8:bc:73:f9:9c,0,156,86320,0,0,156,86320,0,0
f2:6d:1a:bf:00:28,0,14,5838,0,0,14,5838,0,0
cd:00:01:9f:1c:d0,0,5,362,0,0,5,362,0,0
ff:ff:ff:ff:47:f9,0,3,230,0,0,3,230,0,0
ff:ff:ff:ff:7f:7b,0,1,84,0,0,1,84,0,0
8b:5d:cb:25:b5:55,0,12,840,0,0,0,0,12,840
24:5e:48:dd:5f:32,0,32,12265,0,0,32,12265,0,0
0a:05:84:3e:e6:bb,0,8,1984,0,0,8,1984,0,0
33:33:ff:3e:e6:bb,0,1,180,0,0,0,0,1,180
24:95:2f:b4:de:73,0,8,1324,0,0,8,1324,0,0
e4:ec:e8:b0:ba:36,0,6,1101,0,0,6,1101,0,0
f2:76:0e:3f:00:28,0,12,5004,0,0,12,5004,0,0
33:33:ff:08:2a:d0,0,1,180,0,0,0,0,1,180
98:69:8a:e2:80:a3,0,41,12124,0,0,41,12124,0,0
f2:77:ad:ef:00:3c,0,11,4587,0,0,11,4587,0,0
3c:19:5e:cf:bc:f0,0,1,164,0,0,1,164,0,0
48:35:2b:69:09:7c,0,15,3142,0,0,15,3142,0,0
f2:6d:2c:8f:00:28,0,10,4170,0,0,10,4170,0,0
d0:ab:d5:3a:4f:ad,0,13,2473,0,0,13,2473,0,0
a5:ff:60:5f:18:d5,0,5,350,0,0,5,350,0,0
b4:00:9c:00:f8:89,0,22,1672,0,0,0,0,22,1672
c4:00:6e:00:c4:0a,0,19,1330,0,0,0,0,19,1330
b5:54:5f:36:1c:d6,0,61,4270,0,0,0,0,61,4270
b5:54:10:23:b3:81,0,33,2310,0,0,0,0,33,2310
f2:6d:0e:ef:00:28,0,7,2919,0,0,7,2919,0,0
ac:6c:79:67:0d:8c,0,1,76,0,0,1,76,0,0
99:f7:a7:48:ca:81,0,4,280,0,0,4,280,0,0
cb:5c:11:f3:ee:36,0,2,140,0,0,2,140,0,0
25:9e:0c:07:ac:14,0,1,70,0,0,0,0,1,70
ce:bd:54:49:b5:53,0,1,70,0,0,1,70,0,0
5c:e5:0c:40:98:cd,0,59,18164,0,0,59,18164,0,0
f2:6d:1c:cf:00:3c,0,9,3753,0,0,9,3753,0,0
f2:77:ae:1f:00:3c,0,21,8410,0,0,21,8410,0,0
04:00:90:d4:17:88,0,1,80,0,0,1,80,0,0
3c:a6:f6:56:91:9d,0,46,30377,0,0,46,30377,0,0
cb:5c:11:f3:14:38,0,6,420,0,0,6,420,0,0
6f:1a:0c:07:ac:14,0,3,210,0,0,0,0,3,210
a4:55:90:44:19:76,0,240,41780,0,0,240,41780,0,0
a8:ab:b5:0d:a9:c9,0,43,12676,0,0,43,12676,0,0
b8:49:6d:b6:df:b7,0,51,18892,0,0,51,18892,0,0
90:78:b2:b6:66:6f,0,51,11325,0,0,51,11325,0,0
dc:41:a9:63:12:d0,0,2,618,0,0,2,618,0,0
38:d5:7a:0a:c7:3f,0,8,2488,0,0,8,2488,0,0
84:1b:77:2e:8e:f7,0,7,2607,0,0,7,2607,0,0
54:67:06:98:b1:a1,0,4,616,0,0,4,616,0,0
a8:ab:b5:58:6c:7e,0,22,5542,0,0,22,5542,0,0
5c:d0:6e:00:c9:76,0,123,20284,0,0,123,20284,0,0
44:68:0c:07:ac:28,0,1,70,0,0,0,0,1,70
6c:6a:77:88:23:4a,0,49,9540,0,0,49,9540,0,0
1c:57:dc:5b:f0:c4,0,19,9911,0,0,19,9911,0,0
04:00:70:60:ff:ff,0,1,88,0,0,1,88,0,0
58:40:4e:e1:7a:06,0,99,35315,0,0,99,35315,0,0
04:00:d0:60:ff:ff,0,2,176,0,0,2,176,0,0
ee:36:25:9e:96:b7,0,2,140,0,0,2,140,0,0
05:00:30:af:03:00,0,1,88,0,0,0,0,1,88
ca:85:04:00:f0:60,0,1,88,0,0,1,88,0,0
d4:1b:81:59:a5:73,0,14,4366,0,0,14,4366,0,0
6c:7e:67:c0:2c:55,0,112,66238,0,0,112,66238,0,0
14:7d:da:2a:bc:cd,0,17,6964,0,0,17,6964,0,0
f8:10:93:a1:e9:9f,0,14,2673,0,0,14,2673,0,0
04:92:26:a7:39:5b,0,46,7159,0,0,46,7159,0,0
a7:48:cb:25:b5:55,0,30,2100,0,0,0,0,30,2100
5c:e9:1e:b2:4d:4a,0,107,58234,0,0,107,58234,0,0
46:d2:1b:b2:18:d5,0,3,210,0,0,3,210,0,0
65:7a:af:b6:07:75,0,1,70,0,0,1,70,0,0
46:d2:1b:b2:07:75,0,1,70,0,0,1,70,0,0
a5:c3:8b:5d:07:75,0,2,140,0,0,2,140,0,0
af:b6:0c:07:ac:14,0,2,140,0,0,0,0,2,140
f2:78:5d:9f:00:3c,0,15,6255,0,0,15,6255,0,0
cb:5c:11:f3:52:7f,0,6,420,0,0,6,420,0,0
fe:6a:0c:07:ac:14,0,2,140,0,0,0,0,2,140
3c:06:30:1f:63:d7,0,100,55446,0,0,100,55446,0,0
d4:57:63:e0:d6:9f,0,47,22072,0,0,47,22072,0,0
cb:5c:11:f3:9f:74,0,7,490,0,0,7,490,0,0
e5:32:cb:25:b5:55,0,3,210,0,0,0,0,3,210
9f:74:e5:32:18:d5,0,1,70,0,0,1,70,0,0
f2:78:0b:1f:00:28,0,8,3336,0,0,8,3336,0,0
f2:78:be:ef:00:28,0,10,3823,0,0,10,3823,0,0
9f:74:e5:32:b5:52,0,2,140,0,0,2,140,0,0
9f:74:e5:32:b5:51,0,3,210,0,0,3,210,0,0
9f:74:e5:32:b5:53,0,2,140,0,0,2,140,0,0
e5:32:0c:07:ac:14,0,3,210,0,0,0,0,3,210
f2:6d:13:6f:00:3c,0,14,5838,0,0,14,5838,0,0
f2:76:21:2f:00:28,0,8,3336,0,0,8,3336,0,0
05:00:10:b0:01:00,0,1,88,0,0,1,88,0,0
10:ce:71:ef:18:d5,0,4,280,0,0,4,280,0,0
cb:25:b5:54:a3:d2,0,5,380,0,0,5,380,0,0
b4:00:ac:00:f8:89,0,8,608,0,0,0,0,8,608
b3:81:b5:54:a3:d2,0,5,350,0,0,5,350,0,0
c4:00:7e:00:c4:0a,0,6,420,0,0,0,0,6,420
d8:89:d2:71:18:d5,0,1,160,0,0,0,0,1,160
11:f3:52:7f:fe:6a,0,2,140,0,0,0,0,2,140
0c:d5:03:00:b5:51,0,3,210,0,0,3,210,0,0
0c:d5:03:00:96:b7,0,1,70,0,0,1,70,0,0
cb:5c:11:f3:0c:d5,0,1,70,0,0,1,70,0,0
03:00:0c:07:ac:14,0,1,70,0,0,0,0,1,70
cb:5c:11:f3:b9:ce,0,1,70,0,0,1,70,0,0
e6:d3:96:b7:05:00,0,1,70,0,0,0,0,1,70
ff:3b:0c:07:ac:14,0,2,140,0,0,0,0,2,140
2c:be:eb:30:bb:53,0,146,33736,0,0,146,33736,0,0
30:86:2d:d0:a3:f1,0,114,8908,0,0,0,0,114,8908
d2:c7:07:75:f8:48,0,1,70,0,0,1,70,0,0
aa:23:0c:07:ac:14,0,1,70,0,0,0,0,1,70
cb:25:e6:35:04:00,0,74,6504,0,0,14,1232,60,5272
ff:ff:ff:ff:e6:f7,0,1,84,0,0,1,84,0,0
cb:5c:11:f3:2f:6e,0,1,70,0,0,1,70,0,0
c4:49:0c:07:ac:14,0,1,70,0,0,0,0,1,70
05:00:10:b1:01:00,0,1,88,0,0,1,88,0,0
cb:5c:11:f3:58:97,0,2,140,0,0,2,140,0,0
51:12:96:b7:05:00,0,1,70,0,0,0,0,1,70
d4:87:96:b7:05:00,0,4,280,0,0,0,0,4,280
2d:d0:a3:f1:40:4e,0,56,4388,0,0,56,4388,0,0
36:93:5a:02:6a:5e,0,1,76,0,0,0,0,1,76
d4:87:5a:02:6a:5e,0,1,70,0,0,0,0,1,70
cb:5c:11:f3:f3:da,0,1,70,0,0,1,70,0,0
8d:2c:0c:07:ac:14,0,1,70,0,0,0,0,1,70
f2:78:5e:8f:00:28,0,11,4240,0,0,11,4240,0,0
05:00:60:b1:07:00,0,1,88,0,0,1,88,0,0
36:93:5a:02:04:00,0,2,176,0,0,0,0,2,176
cb:5c:11:f3:1a:09,0,1,70,0,0,1,70,0,0
46:d8:96:b7:05:00,0,1,70,0,0,0,0,1,70
bf:ff:94:e5:ca:83,0,1,70,0,0,1,70,0,0
bf:ff:94:e5:b5:51,0,1,70,0,0,1,70,0,0
cb:5c:11:f3:53:2d,0,1,70,0,0,1,70,0,0
9b:b9:cb:25:b5:55,0,1,70,0,0,0,0,1,70
f2:76:1c:1f:00:3c,0,17,7089,0,0,17,7089,0,0
b4:31:61:e3:ac:b3,0,130,32625,0,0,130,32625,0,0
f2:c5:4e:9f:00:3c,0,13,5421,0,0,13,5421,0,0
20:4e:f6:47:5f:91,0,7,1889,0,0,7,1889,0,0
b4:8c:9d:91:8f:55,0,16,3720,0,0,16,3720,0,0
d2:c7:07:75:ef:84,0,1,70,0,0,1,70,0,0
7d:8e:0c:07:ac:14,0,1,70,0,0,0,0,1,70
cb:25:b5:54:74:14,0,16,1216,0,0,11,836,5,380
b4:00:cc:00:f8:89,0,12,912,0,0,0,0,12,912
cb:25:b5:54:dd:ce,0,4,304,0,0,4,304,0,0
b4:00:a2:00:f8:89,0,4,304,0,0,0,0,4,304
a7:49:b5:54:dd:ce,0,1,70,0,0,1,70,0,0
c4:00:f3:00:30:86,0,1,70,0,0,0,0,1,70
dc:47:b5:54:dd:ce,0,1,70,0,0,1,70,0,0
c4:00:78:00:c4:0a,0,1,70,0,0,0,0,1,70
cb:5c:11:f3:44:e1,0,1,70,0,0,1,70,0,0
4c:14:96:b7:05:00,0,1,70,0,0,0,0,1,70
cb:5c:11:f3:a5:b8,0,1,70,0,0,1,70,0,0
fb:d5:96:b7:05:00,0,1,70,0,0,0,0,1,70
60:0b:96:1b:96:b7,0,1,166,0,0,1,166,0,0
2d:d0:a3:f1:91:c4,0,1,70,0,0,1,70,0,0
20:b5:cb:25:b5:55,0,1,70,0,0,0,0,1,70
04:60:d0:01:3a:28,0,2,160,0,0,2,160,0,0
36:93:5a:02:04:60,0,27,2160,0,0,0,0,27,2160
f2:6d:28:ff:00:28,0,12,5004,0,0,12,5004,0,0
76:33:6a:c4:9e:49,0,95,52245,0,0,95,52245,0,0
70:a8:d3:4d:57:ab,0,37,7842,0,0,37,7842,0,0
36:93:5a:02:59:4c,0,1,76,0,0,0,0,1,76
cb:5c:11:f3:b2:74,0,1,70,0,0,1,70,0,0
2c:78:5a:02:59:4c,0,1,70,0,0,0,0,1,70
cb:5c:11:f3:29:5f,0,1,70,0,0,1,70,0,0
b6:7f:96:b7:05:00,0,1,70,0,0,0,0,1,70
2d:d0:a3:f1:8d:b2,0,1,70,0,0,1,70,0,0
3d:b3:5a:02:04:60,0,1,70,0,0,0,0,1,70
d9:02:6a:a1:b5:53,0,1,70,0,0,1,70,0,0
05:00:70:b2:05:00,0,1,88,0,0,1,88,0,0
f2:d0:a4:3f:00:28,0,18,6465,0,0,18,6465,0,0
18:3e:ef:d6:11:30,0,26,11956,0,0,26,11956,0,0
36:93:5a:02:46:dd,0,4,304,0,0,0,0,4,304
f9:2a:98:74:b5:53,0,2,140,0,0,2,140,0,0
2c:a7:ef:9a:d8:05,0,41,11375,0,0,41,11375,0,0
f2:6d:13:ff:00:3c,0,13,5421,0,0,13,5421,0,0
d4:24:f4:7f:b5:50,0,1,70,0,0,1,70,0,0
52:7f:fe:6a:b5:50,0,2,140,0,0,2,140,0,0
4a:65:5a:02:04:60,0,4,280,0,0,0,0,4,280
8e:cd:5a:02:04:60,0,1,70,0,0,0,0,1,70
fe:6a:5a:02:04:60,0,1,70,0,0,0,0,1,70
b4:8c:9d:08:87:1b,0,16,4248,0,0,16,4248,0,0
3c:22:fb:07:3b:8b,0,34,12945,0,0,34,12945,0,0
36:93:5a:02:32:f3,0,1,76,0,0,0,0,1,76
32:f3:07:4a:b8:ac,0,2,152,0,0,2,152,0,0
64:a2:f9:d9:b1:aa,0,8,1956,0,0,8,1956,0,0
32:f3:07:4a:bd:6e,0,3,222,0,0,3,222,0,0
9f:74:e5:32:b5:50,0,3,210,0,0,3,210,0,0
79:0c:b2:b0:b5:50,0,1,70,0,0,1,70,0,0
50:ed:3c:45:f3:ba,0,29,11420,0,0,29,11420,0,0
5a:21:c7:1f:18:d5,0,3,210,0,0,3,210,0,0
8b:5d:0c:07:ac:14,0,2,140,0,0,0,0,2,140
c1:9f:6d:25:60:c7,0,1,70,0,0,1,70,0,0
c5:e2:0c:07:ac:14,0,1,70,0,0,0,0,1,70
17:96:58:54:ca:85,0,2,146,0,0,0,0,2,146
d4:d7:cf:a4:8b:fd,0,145,22088,0,0,145,22088,0,0
34:42:62:68:f7:76,0,11,4000,0,0,11,4000,0,0
00:f3:76:df:f7:76,0,1,76,0,0,1,76,0,0
0c:9a:3c:80:00:e3,0,9,2095,0,0,9,2095,0,0
64:6a:3d:c3:b5:52,0,1,70,0,0,1,70,0,0
40:46:34:33:52:02,0,1,411,0,0,1,411,0,0
00:02:ac:85:ae:9e,0,1,411,0,0,0,0,1,411
36:93:5a:02:7f:d7,0,2,152,0,0,0,0,2,152
cb:5c:11:f3:c0:8c,0,1,70,0,0,1,70,0,0
7d:8b:cb:25:b5:55,0,1,70,0,0,0,0,1,70
48:8a:e8:1d:63:77,0,60,10018,0,0,60,10018,0,0
1c:0d:7d:81:32:35,0,84,27941,0,0,84,27941,0,0
04:60:30:02:6c:8a,0,1,80,0,0,1,80,0,0
5a:02:59:4c:ac:69,0,1,76,0,0,1,76,0,0
74:4c:a1:48:a8:2d,0,14,3692,0,0,14,3692,0,0
59:4c:ac:69:a8:2d,0,2,146,0,0,2,146,0,0
04:00:80:61:ff:ff,0,2,176,0,0,2,176,0,0
04:60:60:02:38:d7,0,2,160,0,0,2,160,0,0
cb:5c:11:f3:69:e1,0,2,140,0,0,2,140,0,0
85:5e:0c:07:ac:14,0,1,70,0,0,0,0,1,70
36:93:5a:02:18:e1,0,1,76,0,0,0,0,1,76
ca:85:04:00:c0:61,0,1,88,0,0,1,88,0,0
65:7a:af:b6:ca:80,0,1,70,0,0,1,70,0,0
f2:76:12:bf:00:3c,0,21,8063,0,0,21,8063,0,0
f2:78:bf:4f:00:28,0,8,3336,0,0,8,3336,0,0
04:00:d0:61:ff:ff,0,1,88,0,0,1,88,0,0
ff:ff:ff:ff:ae:71,0,1,84,0,0,1,84,0,0
83:40:5a:02:04:60,0,1,70,0,0,0,0,1,70
36:93:5a:02:c0:99,0,10,760,0,0,0,0,10,760
05:00:40:b4:81:01,0,1,88,0,0,1,88,0,0
c0:99:8f:e8:81:01,0,5,380,0,0,5,380,0,0
a9:a9:59:3c:81:01,0,1,76,0,0,1,76,0,0
f2:6d:27:1f:00:28,0,11,4240,0,0,11,4240,0,0
10:b5:88:69:3e:e0,0,27,7304,0,0,27,7304,0,0
c4:23:60:2f:16:c4,0,9,2485,0,0,9,2485,0,0
e0:d0:45:5e:52:f4,0,23,6331,0,0,23,6331,0,0
14:7d:da:c7:bf:47,0,37,15528,0,0,37,15528,0,0
f2:6d:12:7f:00:28,0,8,3336,0,0,8,3336,0,0
04:60:60:02:bd:ca,0,1,80,0,0,1,80,0,0
99:f7:a7:48:5a:02,0,2,140,0,0,2,140,0,0
3e:bb:8c:76:5a:02,0,1,70,0,0,1,70,0,0
1c:cc:d6:e6:22:95,0,5,1018,0,0,5,1018,0,0
f2:76:0d:df:00:3c,0,13,5421,0,0,13,5421,0,0
f2:78:5e:ef:00:28,0,8,3336,0,0,8,3336,0,0
f2:6d:1a:2f:00:28,0,9,3753,0,0,9,3753,0,0
c0:99:8f:e8:bd:e7,0,1,76,0,0,1,76,0,0
c0:99:8f:e8:b6:ea,0,1,76,0,0,1,76,0,0
8c:76:0c:07:ac:14,0,2,140,0,0,0,0,2,140
36:93:5a:02:71:d1,0,1,76,0,0,0,0,1,76
40:4e:16:93:5a:02,0,1,190,0,0,1,190,0,0
20:10:09:87:ac:34,0,1,190,0,0,0,0,1,190
04:60:b0:02:27:12,0,3,230,0,0,3,230,0,0
04:60:b0:02:a2:0f,0,1,80,0,0,1,80,0,0
14:98:77:41:b5:7e,0,102,68575,0,0,102,68575,0,0
cb:5c:11:f3:42:d0,0,2,140,0,0,2,140,0,0
3e:22:0c:07:ac:14,0,1,70,0,0,0,0,1,70
8c:df:2c:c2:47:41,0,83,12698,0,0,83,12698,0,0
36:93:5a:02:f3:8b,0,2,152,0,0,0,0,2,152
3e:22:5a:02:f3:8b,0,1,70,0,0,0,0,1,70
fe:6a:5a:02:f3:8b,0,1,70,0,0,0,0,1,70
58:6c:25:fc:d7:44,0,17,3964,0,0,17,3964,0,0
f2:6d:22:6f:00:28,0,9,3753,0,0,9,3753,0,0
fc:d9:08:b8:60:05,0,34,9808,0,0,34,9808,0,0
8c:b8:4a:46:f0:45,0,38,5684,0,0,38,5684,0,0
c0:95:6d:44:0a:b4,0,26,10530,0,0,26,10530,0,0
50:2f:9b:16:c5:d3,0,70,30097,0,0,70,30097,0,0
33:33:ff:09:8b:11,0,41,7372,0,0,0,0,41,7372
f3:8b:b2:69:57:ab,0,1,76,0,0,1,76,0,0
35:d0:65:fd:b5:53,0,1,70,0,0,1,70,0,0
f2:6d:22:0f:00:3c,0,17,7089,0,0,17,7089,0,0
33:33:ff:93:6f:4e,0,3,540,0,0,0,0,3,540
c4:0a:cb:25:e6:35,0,347,33487,0,0,347,33487,0,0
df:35:eb:7d:42:4b,0,2,763,0,0,2,763,0,0
2e:15:8c:32:1e:6a,0,1,683,0,0,0,0,1,683
00:69:32:61:1e:6a,0,1,80,0,0,0,0,1,80
98:7d:e8:d5:6d:25,0,1,70,0,0,1,70,0,0
71:ec:d4:87:ca:84,0,32,2240,0,0,32,2240,0,0
71:ec:d4:87:5a:02,0,2,140,0,0,2,140,0,0
14:d4:24:1b:8c:23,0,10,2357,0,0,10,2357,0,0
cc:6b:1e:76:a3:f5,0,50,14629,0,0,50,14629,0,0
6c:d1:99:5b:5b:71,0,101,18888,0,0,101,18888,0,0
f2:6d:1c:3f:00:3c,0,14,5838,0,0,14,5838,0,0
f2:6d:22:6f:00:3c,0,13,5074,0,0,13,5074,0,0
48:68:4a:70:a2:9c,0,56,11783,0,0,56,11783,0,0
60:c7:c5:e2:6d:25,0,1,70,0,0,1,70,0,0
cb:5c:11:f3:28:b6,0,1,70,0,0,1,70,0,0
ea:8e:cb:25:b5:55,0,1,70,0,0,0,0,1,70
04:60:d0:02:80:79,0,5,400,0,0,3,240,2,160
36:93:5a:02:78:54,0,2,152,0,0,0,0,2,152
cb:5c:11:f3:8d:e3,0,1,70,0,0,1,70,0,0
bb:b1:5a:02:78:54,0,1,70,0,0,0,0,1,70
ec:28:d3:c3:cb:fa,0,196,64431,0,0,196,64431,0,0
f2:6d:0f:4f:00:3c,0,16,6325,0,0,16,6325,0,0
05:00:a0:b4:01:80,0,1,88,0,0,1,88,0,0
78:54:17:3e:01:80,0,2,146,0,0,2,146,0,0
1c:91:80:dd:57:17,0,165,121526,0,0,165,121526,0,0
f2:76:1b:8f:00:28,0,9,3753,0,0,9,3753,0,0
b0:be:83:21:a6:a8,0,129,78907,0,0,129,78907,0,0
33:33:ff:10:72:28,0,55,9900,0,0,0,0,55,9900
cb:25:b5:55:d4:8a,0,23,1748,0,0,23,1748,0,0
39:57:2e:d2:bd:6c,0,18,1368,0,0,7,532,11,836
36:93:5a:02:2c:58,0,1,70,0,0,1,70,0,0
85:70:2e:d2:bd:6c,0,1,70,0,0,0,0,1,70
39:57:2e:d2:07:9a,0,11,770,0,0,11,770,0,0
37:4f:2e:d2:bd:6c,0,16,1120,0,0,6,420,10,700
b5:55:04:00:80:31,0,1,88,0,0,1,88,0,0
f2:6d:0e:ef:00:3c,0,13,5421,0,0,13,5421,0,0
f2:6d:24:7f:00:3c,0,16,6672,0,0,16,6672,0,0
04:60:d0:02:05:64,0,3,240,0,0,2,160,1,80
67:c5:93:81:80:79,0,1,76,0,0,1,76,0,0
b4:8c:9d:e7:db:d1,0,6,1866,0,0,6,1866,0,0
f2:76:1b:5f:00:28,0,14,5838,0,0,14,5838,0,0
f2:6d:2c:2f:00:28,0,12,5004,0,0,12,5004,0,0
67:c5:93:81:1c:d9,0,1,76,0,0,1,76,0,0
cb:5c:11:f3:fc:5a,0,1,76,0,0,0,0,1,76
cb:5c:11:f3:46:38,0,1,70,0,0,1,70,0,0
a6:7b:11:f3:fc:5a,0,1,70,0,0,0,0,1,70
5a:02:04:60:d0:02,0,3,240,0,0,3,240,0,0
80:79:ad:c1:ac:14,0,3,236,0,0,0,0,3,236
05:64:0c:c8:ac:14,0,1,80,0,0,0,0,1,80
a0:02:dc:1b:16:fd,0,1,166,0,0,1,166,0,0
11:f3:a5:e5:9b:77,0,1,76,0,0,1,76,0,0
ee:e8:ea:98:ca:80,0,1,70,0,0,1,70,0,0
52:7f:fe:6a:ca:80,0,1,70,0,0,1,70,0,0
69:bb:c8:d8:5a:02,0,1,70,0,0,1,70,0,0
85:84:83:40:5a:02,0,3,210,0,0,3,210,0,0
b2:20:3f:4d:8a:cc,0,49,13718,0,0,49,13718,0,0
ac:c4:bd:7c:21:67,0,89,13725,0,0,89,13725,0,0
28:d0:ea:1e:cc:a1,0,46,36070,0,0,46,36070,0,0
ff:3b:ca:85:04:00,0,1,70,0,0,0,0,1,70
4c:79:75:e7:54:79,0,21,4703,0,0,21,4703,0,0
67:c5:93:81:54:79,0,1,76,0,0,1,76,0,0
f2:c5:4e:3f:00:3c,0,15,5908,0,0,15,5908,0,0
f2:78:bf:4f:00:3c,0,13,5421,0,0,13,5421,0,0
10:b5:88:6f:d1:cc,0,17,10034,0,0,17,10034,0,0
f2:6d:1e:1f:00:28,0,10,4170,0,0,10,4170,0,0
30:05:05:b0:dc:d6,0,8,2488,0,0,8,2488,0,0
18:3e:ef:e9:e9:d4,0,23,16302,0,0,23,16302,0,0
36:93:5a:02:67:c5,0,2,152,0,0,0,0,2,152
5a:02:67:c5:93:81,0,4,304,0,0,4,304,0,0
20:7c:4b:d6:6f:be,0,1,166,0,0,1,166,0,0
99:f7:a7:48:b5:52,0,16,1120,0,0,16,1120,0,0
fc:d4:36:13:6f:84,0,60,14353,0,0,60,14353,0,0
a4:c6:9a:f5:d3:a9,0,12,1958,0,0,12,1958,0,0
bc:1d:89:65:dd:99,0,4,822,0,0,4,822,0,0
54:09:10:5d:9d:e3,0,10,4416,0,0,10,4416,0,0
4c:02:20:7e:8f:2f,0,427,67650,0,0,427,67650,0,0
cb:25:b5:55:ac:86,0,1,76,0,0,1,76,0,0
a3:9d:26:35:97:ee,0,1,76,0,0,0,0,1,76
67:c5:93:81:81:c8,0,1,76,0,0,1,76,0,0
b5:55:04:00:30:00,0,3,264,0,0,3,264,0,0
54:6c:eb:8f:5e:d0,0,18,3567,0,0,18,3567,0,0
67:c5:93:81:91:44,0,1,76,0,0,1,76,0,0
f2:76:17:6f:00:3c,0,10,4170,0,0,10,4170,0,0
7c:ab:60:42:3f:71,0,15,4268,0,0,15,4268,0,0
04:bd:bf:82:42:a8,0,112,22617,0,0,112,22617,0,0
bb:5c:ae:dc:7d:e9,0,2,146,0,0,2,146,0,0
e6:77:05:07:ac:28,0,1,171,0,0,0,0,1,171
b5:54:04:00:10:7f,0,1,88,0,0,1,88,0,0
2e:36:f6:ff:19:97,0,3,228,0,0,3,228,0,0
67:c5:93:81:19:97,0,1,76,0,0,1,76,0,0
90:c1:de:a7:19:97,0,2,152,0,0,2,152,0,0
b5:54:f0:6a:96:35,0,1,70,0,0,0,0,1,70
b0:a4:60:5d:43:eb,0,15,3878,0,0,15,3878,0,0
f6:87:d6:db:d2:3f,0,1,76,0,0,1,76,0,0
90:df:7d:51:91:71,0,128,19484,0,0,128,19484,0,0
10:3f:44:dd:81:4d,0,53,11023,0,0,53,11023,0,0
5b:8f:0a:28:b5:53,0,1,70,0,0,1,70,0,0
f6:87:d6:db:c0:40,0,1,76,0,0,1,76,0,0
f2:76:0e:0f:00:3c,0,14,5838,0,0,14,5838,0,0
b0:be:83:1e:6e:f0,0,52,24048,0,0,52,24048,0,0
04:00:50:7f:ff:ff,0,3,264,0,0,3,264,0,0
f6:87:d6:db:11:f3,0,1,76,0,0,0,0,1,76
3c:6d:89:86:78:ca,0,68,20174,0,0,68,20174,0,0
b4:8c:9d:8c:8f:57,0,3,863,0,0,3,863,0,0
c8:94:02:6b:52:e9,0,49,9666,0,0,49,9666,0,0
f6:87:d6:db:bd:e7,0,3,228,0,0,3,228,0,0
74:f2:fa:b8:88:1c,0,139,21462,0,0,139,21462,0,0
f2:76:13:1f:00:28,0,8,3336,0,0,8,3336,0,0
98:dd:60:38:96:be,0,56,19838,0,0,56,19838,0,0
f2:6d:26:2f:00:28,0,14,5838,0,0,14,5838,0,0
f2:6d:1c:3f:00:28,0,14,5838,0,0,14,5838,0,0
c8:94:02:ab:b8:6b,0,1,911,0,0,1,911,0,0
f6:87:d6:db:4f:8d,0,1,76,0,0,1,76,0,0
fc:e2:6c:03:21:1a,0,31,10604,0,0,31,10604,0,0
a8:4a:28:58:59:59,0,50,17835,0,0,50,17835,0,0
05:00:70:b8:07:00,0,2,158,0,0,2,158,0,0
05:00:a0:b7:75:03,0,1,88,0,0,1,88,0,0
42:ad:69:99:75:03,0,3,216,0,0,3,216,0,0
23:3d:3e:c6:b5:50,0,7,490,0,0,7,490,0,0
00:20:17:e1:db:99,0,3,318,0,0,0,0,3,318
ec:92:7c:6c:0b:17,0,1,178,0,0,1,178,0,0
e2:bb:e0:fd:ad:14,0,1,178,0,0,0,0,1,178
34:2e:b7:24:11:07,0,47,35680,0,0,47,35680,0,0
cb:5c:11:f3:01:2d,0,1,70,0,0,1,70,0,0
52:d8:0c:07:ac:14,0,1,70,0,0,0,0,1,70
69:31:ef:19:b5:52,0,1,70,0,0,1,70,0,0
f2:77:ad:8f:00:3c,0,15,5908,0,0,15,5908,0,0
f8:4e:73:13:02:9f,0,205,47591,0,0,205,47591,0,0
cb:5c:11:f3:ce:bd,0,1,70,0,0,1,70,0,0
54:49:0c:07:ac:14,0,1,70,0,0,0,0,1,70
10:6f:d9:e7:b4:33,0,39,9245,0,0,39,9245,0,0
00:45:e2:19:47:67,0,5,1555,0,0,5,1555,0,0
b8:90:47:40:1d:ff,0,15,5509,0,0,15,5509,0,0
d4:8a:39:97:e6:40,0,62,9849,0,0,62,9849,0,0
8c:6a:3b:ea:5a:c7,0,124,19022,0,0,124,19022,0,0
30:bb:7d:69:46:87,0,109,27272,0,0,109,27272,0,0
b0:e5:f9:71:a3:75,0,20,4686,0,0,20,4686,0,0
f2:6d:11:2f:00:3c,0,17,7089,0,0,17,7089,0,0
8c:e0:42:27:5a:27,0,19,3902,0,0,19,3902,0,0
8c:b8:4a:fb:d9:61,0,177,26848,0,0,177,26848,0,0
b0:35:b5:9e:43:ae,0,21,5771,0,0,21,5771,0,0
05:00:90:bd:01:00,0,1,88,0,0,1,88,0,0
05:00:a0:bd:07:00,0,1,88,0,0,1,88,0,0
05:00:d0:bd:01:00,0,2,158,0,0,2,158,0,0
38:6a:77:ad:5f:df,0,2,492,0,0,2,492,0,0
b4:ae:c1:60:f1:fa,0,8,1668,0,0,8,1668,0,0
f2:78:5e:ef:00:3c,0,19,7923,0,0,19,7923,0,0
05:00:e0:bd:01:00,0,1,88,0,0,1,88,0,0
ac:45:00:85:73:f7,0,30,9662,0,0,30,9662,0,0
f2:76:18:bf:00:3c,0,17,7089,0,0,17,7089,0,0
1c:36:bb:ba:be:84,0,99,34768,0,0,99,34768,0,0
f2:76:1b:5f:00:3c,0,16,6672,0,0,16,6672,0,0
f2:6d:25:3f:00:3c,0,14,5838,0,0,14,5838,0,0
10:ec:81:15:36:9a,0,3,1204,0,0,3,1204,0,0
05:00:00:be:01:00,0,2,158,0,0,2,158,0,0
05:00:10:be:07:00,0,1,88,0,0,1,88,0,0
bc:6a:d1:95:3c:4b,0,87,29586,0,0,87,29586,0,0
05:00:40:be:01:00,0,1,88,0,0,1,88,0,0
f2:76:1b:8f:00:3c,0,14,5838,0,0,14,5838,0,0
04:99:bb:68:19:3d,0,56,16058,0,0,56,16058,0,0
1c:86:82:35:c5:81,0,21,6872,0,0,21,6872,0,0
f2:6d:24:4f:00:3c,0,15,6255,0,0,15,6255,0,0
b0:3f:64:ba:bc:93,0,15,4910,0,0,15,4910,0,0
cb:5c:11:f3:29:d5,0,2,140,0,0,2,140,0,0
91:be:cb:25:b5:55,0,1,70,0,0,0,0,1,70
cb:5c:11:f3:2c:d4,0,2,140,0,0,2,140,0,0
55:16:96:b7:05:00,0,2,140,0,0,0,0,2,140
91:be:96:b7:05:00,0,1,70,0,0,0,0,1,70
a0:02:dc:1b:96:57,0,1,166,0,0,1,166,0,0
77:fd:0c:07:ac:14,0,1,166,0,0,0,0,1,166
00:00:0c:07:ac:00,0,2,236,0,0,0,0,2,236
7b:fc:fc:1c:b5:53,0,1,70,0,0,1,70,0,0
7c:63:05:4e:92:26,0,15,5587,0,0,15,5587,0,0
50:2f:9b:a4:96:38,0,28,5306,0,0,28,5306,0,0
33:33:ff:8a:15:0e,0,1,172,0,0,0,0,1,172
a4:cf:99:7f:ca:a0,0,54,32087,0,0,54,32087,0,0
48:f9:80:4c:b5:51,0,1,70,0,0,1,70,0,0
e0:80:6b:76:3b:ed,0,75,25448,0,0,70,25098,5,350
33:33:ff:fc:bc:4a,0,2,360,0,0,0,0,2,360
84:1b:77:2c:10:87,0,8,1613,0,0,8,1613,0,0
f2:76:1b:bf:00:28,0,10,4170,0,0,10,4170,0,0
fc:d9:08:b8:6b:39,0,166,29343,0,0,166,29343,0,0
04:30:30:e8:c2:dd,0,1,80,0,0,0,0,1,80
04:30:30:e8:00:00,0,1,88,0,0,0,0,1,88
14:d4:24:8e:e2:65,0,5,1084,0,0,5,1084,0,0
74:4c:a1:60:42:ad,0,39,11199,0,0,39,11199,0,0
71:ec:d4:87:26:35,0,1,70,0,0,1,70,0,0
62:80:f8:d7:3d:19,0,1,114,0,0,1,114,0,0
8f:13:f5:1d:b5:54,0,1,70,0,0,1,70,0,0
5c:fb:3a:cc:d9:05,0,16,4473,0,0,16,4473,0,0
f2:78:bd:6f:00:28,0,11,4587,0,0,11,4587,0,0
f2:78:0a:bf:00:28,0,9,3753,0,0,9,3753,0,0
f2:6d:28:9f:00:28,0,10,4170,0,0,10,4170,0,0
70:5e:55:54:3a:01,0,1,164,0,0,1,164,0,0
24:95:2f:4f:f9:a2,0,144,21948,0,0,144,21948,0,0
f2:6d:29:bf:00:3c,0,18,7506,0,0,18,7506,0,0
0c:e0:dc:ba:5e:51,0,8,1232,0,0,8,1232,0,0
cd:00:01:9f:64:60,0,2,146,0,0,2,146,0,0
cc:8c:bf:3d:54:78,0,30,9930,0,0,30,9930,0,0
f0:a3:5a:41:9f:ff,0,93,32399,0,0,93,32399,0,0
a8:51:ab:85:77:dc,0,7,1303,0,0,7,1303,0,0
ec:28:d3:74:ca:77,0,10,6777,0,0,10,6777,0,0
b4:70:64:af:80:56,0,38,8111,0,0,38,8111,0,0
b0:be:83:47:4c:68,0,38,17989,0,0,38,17989,0,0
f2:78:5f:4f:00:28,0,10,4170,0,0,10,4170,0,0
98:43:fa:95:a1:2d,0,1,273,0,0,1,273,0,0
05:00:60:c2:01:00,0,1,88,0,0,1,88,0,0
e4:fd:a1:32:5b:00,0,26,7448,0,0,26,7448,0,0
33:33:ff:1f:70:91,0,1,180,0,0,0,0,1,180
ee:36:25:9e:ca:84,0,2,140,0,0,2,140,0,0
14:13:33:15:9d:cd,0,5,1834,0,0,5,1834,0,0
c8:e2:65:5f:75:e4,0,59,11476,0,0,59,11476,0,0
29:d5:91:be:b5:51,0,1,70,0,0,1,70,0,0
1c:91:80:e1:cb:a5,0,4,1628,0,0,4,1628,0,0
f4:21:ca:8c:6e:87,0,86,36239,0,0,80,35631,6,608
ae:48:85:b8:60:5a,0,1,70,0,0,1,70,0,0
d2:ec:cb:25:b5:55,0,1,70,0,0,0,0,1,70
25:9e:cb:25:b5:55,0,1,70,0,0,0,0,1,70
cb:5c:11:f3:04:83,0,1,76,0,0,0,0,1,76
cb:5c:11:f3:a4:22,0,3,210,0,0,3,210,0,0
4e:61:11:f3:04:83,0,1,70,0,0,0,0,1,70
cb:5c:11:f3:ae:88,0,1,70,0,0,1,70,0,0
16:bf:11:f3:04:83,0,1,70,0,0,0,0,1,70
64:85:0a:f5:b5:50,0,1,70,0,0,1,70,0,0
e0:9d:31:14:7e:08,0,2,538,0,0,2,538,0,0
60:5a:d2:ec:b5:52,0,1,70,0,0,1,70,0,0
f2:76:18:ef:00:3c,0,13,5421,0,0,13,5421,0,0
cc:ab:f9:9f:6d:25,0,3,210,0,0,3,210,0,0
79:b0:1c:4c:6d:25,0,3,210,0,0,3,210,0,0
33:33:ff:2f:04:37,0,8,1440,0,0,0,0,8,1440
6c:b1:33:a2:39:98,0,39,18846,0,0,39,18846,0,0
e8:5a:8b:4e:cf:b7,0,169,40560,0,0,169,40560,0,0
05:00:f0:c2:01:00,0,1,88,0,0,1,88,0,0
80:54:9c:04:94:3d,0,16,2748,0,0,16,2748,0,0
14:dd:9c:cc:dc:8f,0,6,1108,0,0,6,1108,0,0
8a:32:23:56:9b:b1,0,61,20627,0,0,61,20627,0,0
f2:6d:14:bf:00:3c,0,19,7576,0,0,19,7576,0,0
b4:fa:48:4d:ec:8d,0,13,3115,0,0,13,3115,0,0
f2:6d:12:7f:00:3c,0,14,5838,0,0,14,5838,0,0
f2:78:bd:9f:00:3c,0,13,5074,0,0,13,5074,0,0
02:f9:f4:4c:c9:6b,0,5,1046,0,0,5,1046,0,0
33:33:ff:1e:74:54,0,1,180,0,0,0,0,1,180
f2:6d:12:4f:00:3c,0,17,6742,0,0,17,6742,0,0
2c:be:eb:60:b8:7a,0,373,71711,0,0,373,71711,0,0
9c:fc:28:9a:bb:78,0,31,7052,0,0,31,7052,0,0
cd:00:01:9f:35:76,0,4,286,0,0,4,286,0,0
f2:6d:1f:cf:00:3c,0,17,7089,0,0,17,7089,0,0
f2:76:2b:1f:00:3c,0,18,6812,0,0,18,6812,0,0
f2:78:5d:ff:00:3c,0,14,5838,0,0,14,5838,0,0
f2:76:21:2f:00:3c,0,16,6672,0,0,16,6672,0,0
f2:78:18:ff:00:3c,0,12,5004,0,0,12,5004,0,0
84:f3:eb:78:bf:df,0,53,16052,0,0,53,16052,0,0
f2:78:0b:1f:00:3c,0,13,5421,0,0,13,5421,0,0
f2:76:2a:8f:00:3c,0,10,4170,0,0,10,4170,0,0
c8:e2:65:20:b9:03,0,19,8334,0,0,19,8334,0,0
33:33:ff:61:d2:05,0,2,360,0,0,0,0,2,360
d2:c7:07:75:d9:9b,0,1,76,0,0,0,0,1,76
d2:c7:07:75:9c:38,0,1,70,0,0,1,70,0,0
56:cf:07:75:d9:9b,0,1,70,0,0,0,0,1,70
cb:25:b5:54:ac:6c,0,2,152,0,0,0,0,2,152
cb:25:b5:54:f8:e0,0,5,350,0,0,5,350,0,0
ea:00:b5:54:ac:6c,0,2,140,0,0,0,0,2,140
ff:ff:ff:ff:52:a6,0,3,230,0,0,3,230,0,0
ff:ff:ff:ff:b6:16,0,6,434,0,0,6,434,0,0
11:f3:a3:03:ae:22,0,1,70,0,0,0,0,1,70
f2:c5:50:1f:00:3c,0,12,4657,0,0,12,4657,0,0
f2:6d:24:4f:00:28,0,11,4587,0,0,11,4587,0,0
f2:78:5d:ff:00:28,0,7,2919,0,0,7,2919,0,0
f2:6d:1b:1f:00:28,0,10,4170,0,0,10,4170,0,0
70:a8:d3:d9:47:7a,0,24,5309,0,0,24,5309,0,0
2c:2d:9b:92:b5:51,0,2,140,0,0,2,140,0,0
ac:6c:79:67:c5:d3,0,5,374,0,0,5,374,0,0
04:00:a0:63:ff:ff,0,2,176,0,0,2,176,0,0
d8:63:75:e0:79:2e,0,36,8820,0,0,36,8820,0,0
d0:88:0c:a4:11:dd,0,25,11509,0,0,25,11509,0,0
84:14:4d:0b:37:7c,0,12,3200,0,0,12,3200,0,0
17:96:58:54:b5:54,0,50,3692,0,0,0,0,50,3692
11:f3:ee:36:25:9e,0,1,70,0,0,0,0,1,70
ee:36:25:9e:b5:51,0,1,70,0,0,1,70,0,0
84:8c:8d:95:83:d4,0,10,3695,0,0,10,3695,0,0
b4:31:61:bc:d0:3d,0,58,14095,0,0,58,14095,0,0
f2:76:16:df:00:3c,0,16,6672,0,0,16,6672,0,0
f2:76:17:0f:00:28,0,11,4587,0,0,11,4587,0,0
74:d8:3e:5a:93:c1,0,36,7528,0,0,36,7528,0,0
f2:6d:19:9f:00:28,0,5,2085,0,0,5,2085,0,0
04:00:00:d6:ff:ff,0,2,176,0,0,2,176,0,0
a8:ab:b5:56:c0:8c,0,14,3680,0,0,14,3680,0,0
04:00:10:d6:ff:ff,0,1,88,0,0,1,88,0,0
04:00:20:d6:ff:ff,0,2,176,0,0,1,88,1,88
04:00:f0:63:ff:ff,0,1,88,0,0,1,88,0,0
f2:6d:28:cf:00:28,0,8,3336,0,0,8,3336,0,0
76:40:9c:24:f1:dd,0,14,3180,0,0,14,3180,0,0
f2:78:18:ff:00:28,0,13,5421,0,0,13,5421,0,0
f2:c5:53:1f:00:28,0,10,4170,0,0,10,4170,0,0
dc:f5:05:f9:7b:a7,0,8,1428,0,0,8,1428,0,0
f2:c5:52:bf:00:3c,0,16,6672,0,0,16,6672,0,0
f2:6d:2c:8f:00:3c,0,15,5908,0,0,15,5908,0,0
04:00:90:64:ff:ff,0,2,176,0,0,1,88,1,88
f2:6d:1c:6f:00:3c,0,13,5421,0,0,13,5421,0,0
f2:6d:1a:bf:00:3c,0,13,5421,0,0,13,5421,0,0
f2:6d:22:3f:00:3c,0,16,6672,0,0,16,6672,0,0
04:00:10:65:ff:ff,0,1,88,0,0,1,88,0,0
04:00:40:65:ff:ff,0,4,298,0,0,4,298,0,0
fc:e2:6c:2a:ec:47,0,87,46925,0,0,87,46925,0,0
ff:ff:ff:ff:c7:1b,0,1,84,0,0,1,84,0,0
dc:54:d7:ff:5c:0c,0,42,11026,0,0,42,11026,0,0
f2:77:81:4f:00:28,0,10,4170,0,0,10,4170,0,0
04:00:b0:65:ff:ff,0,11,788,0,0,0,0,11,788
04:00:e0:65:ff:ff,0,7,508,0,0,0,0,7,508
04:00:70:66:ff:ff,0,1,88,0,0,1,88,0,0
04:00:80:66:ff:ff,0,1,88,0,0,1,88,0,0
04:00:a0:66:ff:ff,0,3,228,0,0,3,228,0,0
d4:87:ca:85:04:00,0,14,980,0,0,2,140,12,840
40:01:7a:53:d3:00,0,1,70,0,0,0,0,1,70
04:00:10:68:ff:ff,0,2,158,0,0,2,158,0,0
04:00:20:68:ff:ff,0,2,176,0,0,2,176,0,0
04:00:60:68:ff:ff,0,2,176,0,0,2,176,0,0
f4:26:79:36:a3:fd,0,9,2739,0,0,9,2739,0,0
d4:57:63:f3:70:7a,0,72,34022,0,0,72,34022,0,0
04:00:00:69:ff:ff,0,2,158,0,0,2,158,0,0
f2:c5:50:7f:00:3c,0,21,8063,0,0,21,8063,0,0
04:00:50:6a:ff:ff,0,1,88,0,0,1,88,0,0
a4:42:3b:38:02:ed,0,22,4713,0,0,22,4713,0,0
04:00:b0:6a:ff:ff,0,1,88,0,0,1,88,0,0
04:00:c0:6a:ff:ff,0,2,176,0,0,2,176,0,0
04:00:d0:6a:ff:ff,0,2,176,0,0,2,176,0,0
83:40:ca:85:04:00,0,8,560,0,0,0,0,8,560
04:00:00:6c:ff:ff,0,1,88,0,0,1,88,0,0
04:00:50:6c:ff:ff,0,3,264,0,0,3,264,0,0
04:68:65:87:59:07,0,52,14217,0,0,52,14217,0,0
04:00:70:6c:ff:ff,0,2,176,0,0,2,176,0,0
04:00:80:6c:ff:ff,0,2,176,0,0,2,176,0,0
04:00:90:6c:ff:ff,0,2,176,0,0,2,176,0,0
87:3c:ee:1e:ca:82,0,1,70,0,0,1,70,0,0
04:00:f0:6d:ff:ff,0,1,88,0,0,1,88,0,0
44:e7:61:72:66:7f,0,142,21112,0,0,142,21112,0,0
2c:a7:ef:9e:5a:3f,0,106,24949,0,0,106,24949,0,0
33:33:ff:a8:30:66,0,1,180,0,0,0,0,1,180
b0:48:1a:db:a0:46,0,8,2620,0,0,8,2620,0,0
04:00:20:6e:ff:ff,0,1,88,0,0,1,88,0,0
a0:78:17:60:66:74,0,59,26718,0,0,59,26718,0,0
33:33:ff:98:d2:5e,0,1,180,0,0,0,0,1,180
bc:6e:ff:3b:00:00,0,4,280,0,0,4,280,0,0
cb:2d:ca:85:a4:55,0,2,160,0,0,2,160,0,0
90:44:34:1f:04:00,0,2,160,0,0,0,0,2,160
30:bb:7d:e9:06:05,0,202,40210,0,0,202,40210,0,0
33:33:ff:9a:57:d8,0,3,540,0,0,0,0,3,540
f2:77:ae:af:00:28,0,9,3753,0,0,9,3753,0,0
5c:ba:ef:1f:af:bd,0,31,7291,0,0,31,7291,0,0
f2:c5:4f:5f:00:28,0,5,2085,0,0,5,2085,0,0
04:00:d0:6e:ff:ff,0,1,88,0,0,1,88,0,0
23:3d:3e:c6:ca:80,0,6,420,0,0,6,420,0,0
04:00:e0:6e:ff:ff,0,1,88,0,0,1,88,0,0
f2:77:ad:8f:00:28,0,8,3336,0,0,8,3336,0,0
f2:76:20:3f:00:28,0,8,3336,0,0,8,3336,0,0
48:f9:80:4c:ca:80,0,1,70,0,0,1,70,0,0
46:a4:f9:1d:ff:ff,0,43,3196,0,0,0,0,43,3196
f2:c5:4e:3f:00:28,0,10,4170,0,0,10,4170,0,0
f2:6d:23:ef:00:28,0,8,3336,0,0,8,3336,0,0
f2:76:0e:cf:00:3c,0,12,5004,0,0,12,5004,0,0
f2:6d:23:8f:00:3c,0,17,6742,0,0,17,6742,0,0
04:b1:a1:51:ce:46,0,54,12753,0,0,54,12753,0,0
04:00:e0:6f:ff:ff,0,2,176,0,0,2,176,0,0
54:fc:bc:10:ca:85,0,1,70,0,0,1,70,0,0
ae:f2:f6:94:ca:85,0,2,140,0,0,2,140,0,0
f2:76:2a:5f:00:3c,0,18,7506,0,0,18,7506,0,0
14:ab:c5:07:7f:51,0,15,4301,0,0,15,4301,0,0
dc:71:96:12:83:2e,0,28,6322,0,0,28,6322,0,0
28:85:d4:da:c2:7a,0,2,146,0,0,2,146,0,0
04:00:40:d4:00:00,0,1,88,0,0,1,88,0,0
04:00:f0:6f:ff:ff,0,1,88,0,0,1,88,0,0
f2:6d:26:2f:00:3c,0,8,3336,0,0,8,3336,0,0
f2:6d:24:1f:00:3c,0,13,5421,0,0,13,5421,0,0
04:00:c0:70:ff:ff,0,2,176,0,0,2,176,0,0
04:00:d0:70:ff:ff,0,17,1496,0,0,17,1496,0,0
04:00:e0:70:ff:ff,0,1,88,0,0,1,88,0,0
04:00:f0:70:ff:ff,0,3,264,0,0,3,264,0,0
f2:6d:28:6f:00:3c,0,15,6255,0,0,15,6255,0,0
04:00:00:71:ff:ff,0,2,176,0,0,2,176,0,0
bc:6e:ff:3b:ca:80,0,24,1680,0,0,24,1680,0,0
e8:b5:67:e4:ca:85,0,3,210,0,0,3,210,0,0
f2:6d:28:9f:00:3c,0,15,5908,0,0,15,5908,0,0
04:00:60:71:ff:bf,0,1,88,0,0,1,88,0,0
04:00:80:71:ff:ef,0,2,158,0,0,2,158,0,0
04:00:90:71:ff:f7,0,1,88,0,0,1,88,0,0
86:bf:92:60:6d:25,0,1,70,0,0,1,70,0,0
57:80:63:98:6d:25,0,1,70,0,0,1,70,0,0
04:00:20:72:fb:ff,0,1,88,0,0,1,88,0,0
36:a5:b3:1b:6d:25,0,1,70,0,0,1,70,0,0
04:00:10:73:ff:ff,0,2,176,0,0,1,88,1,88
14:dd:9c:d1:6f:c3,0,15,4106,0,0,15,4106,0,0
ee:06:d1:d3:fc:9b,0,39,9733,0,0,39,9733,0,0
04:00:20:73:ff:ff,0,2,176,0,0,1,88,1,88
83:40:5e:00:00:fb,0,2,140,0,0,0,0,2,140
a7:48:5e:00:00:fb,0,1,70,0,0,0,0,1,70
a6:e3:e8:21:91:44,0,2,146,0,0,2,146,0,0
04:00:90:31:ff:ff,0,2,176,0,0,2,176,0,0
04:00:e0:d6:ff:ff,0,1,88,0,0,1,88,0,0
44:8c:00:09:96:4b,0,26,4586,0,0,26,4586,0,0
00:0a:f5:11:3c:57,0,117,17950,0,0,117,17950,0,0
34:2e:b7:1a:ff:ae,0,7,1398,0,0,7,1398,0,0
99:f7:a7:48:ca:82,0,3,210,0,0,3,210,0,0
10:b5:88:53:5b:fa,0,6,2238,0,0,6,2238,0,0
7c:70:db:e3:b0:16,0,6,1362,0,0,6,1362,0,0
30:03:c8:44:be:9f,0,35,9069,0,0,35,9069,0,0
33:33:ff:b3:41:33,0,12,2160,0,0,0,0,12,2160
48:e7:da:a9:fa:87,0,40,9255,0,0,40,9255,0,0
04:00:b0:73:ff:ff,0,1,88,0,0,1,88,0,0
04:00:c0:73:ff:ff,0,1,88,0,0,1,88,0,0
ca:85:04:00:60:74,0,1,88,0,0,1,88,0,0
ca:85:04:00:80:74,0,1,88,0,0,1,88,0,0
04:00:e0:74:ff:ff,0,3,264,0,0,3,264,0,0
99:f7:a7:48:b5:55,0,4,280,0,0,4,280,0,0
e8:b5:67:e4:34:1f,0,4,280,0,0,4,280,0,0
04:00:60:75:ff:ff,0,3,264,0,0,2,176,1,88
6f:2b:24:91:ff:ff,0,1,76,0,0,0,0,1,76
86:fb:a3:4a:46:76,0,2,250,0,0,2,250,0,0
b0:68:e6:64:0e:e1,0,51,10816,0,0,51,10816,0,0
a4:42:3b:0e:59:39,0,5,1078,0,0,5,1078,0,0
04:6c:59:17:f5:66,0,40,8033,0,0,40,8033,0,0
0d:b4:8d:c2:ff:ae,0,2,146,0,0,2,146,0,0
04:00:30:28:ff:ff,0,1,88,0,0,1,88,0,0
d6:69:bf:7d:18:d5,0,3,210,0,0,3,210,0,0
99:28:f8:ed:18:d5,0,1,70,0,0,1,70,0,0
99:f7:a7:48:46:76,0,2,140,0,0,2,140,0,0
71:ec:d4:87:18:d5,0,26,1820,0,0,26,1820,0,0
cb:2d:ca:85:7e:8f,0,26,2072,0,0,26,2072,0,0
c1:9f:6d:25:04:00,0,9,792,0,0,1,88,8,704
3e:c6:6d:25:04:00,0,1,70,0,0,0,0,1,70
b8:b2:f8:7b:a7:06,0,17,4539,0,0,17,4539,0,0
04:00:10:d7:ff:ff,0,2,176,0,0,2,176,0,0
28:85:d4:da:b5:54,0,2,146,0,0,0,0,2,146
e1:e7:59:c3:ca:85,0,1,70,0,0,1,70,0,0
04:00:d0:d4:00:00,0,1,88,0,0,0,0,1,88
04:00:d0:75:ff:ff,0,1,88,0,0,0,0,1,88
1c:e8:5e:a9:ca:82,0,1,70,0,0,1,70,0,0
50:5a:65:c2:2b:db,0,27,6393,0,0,27,6393,0,0
14:13:33:15:d5:a3,0,10,1849,0,0,10,1849,0,0
d3:e2:89:c5:c4:41,0,2,146,0,0,2,146,0,0
cb:5c:11:f3:c6:b0,0,1,70,0,0,1,70,0,0
fa:5c:0c:07:ac:14,0,1,70,0,0,0,0,1,70
cb:5c:11:f3:33:92,0,1,70,0,0,1,70,0,0
fe:8e:0c:07:ac:14,0,1,70,0,0,0,0,1,70
d0:b1:20:22:b5:52,0,1,70,0,0,1,70,0,0
09:c7:b4:e5:18:d5,0,9,630,0,0,9,630,0,0
a5:38:56:52:b5:54,0,15,1050,0,0,15,1050,0,0
04:00:d0:76:ff:ff,0,2,176,0,0,2,176,0,0
cf:ee:3c:99:ff:ff,0,2,146,0,0,2,146,0,0
18:d5:05:00:e0:16,0,2,158,0,0,2,158,0,0
11:f3:1d:f8:cc:dc,0,1,70,0,0,0,0,1,70
22:dc:fb:fa:18:d5,0,2,140,0,0,2,140,0,0
04:00:e0:28:ff:ff,0,2,158,0,0,0,0,2,158
f8:94:7c:e2:b5:54,0,1,70,0,0,1,70,0,0
17:96:58:54:ff:ff,0,27,1980,0,0,23,1688,4,292
04:00:30:77:ff:ff,0,1,88,0,0,1,88,0,0
ca:85:04:00:40:77,0,1,88,0,0,1,88,0,0
ca:85:04:00:50:77,0,1,88,0,0,1,88,0,0
ca:85:04:00:60:77,0,2,158,0,0,2,158,0,0
bf:8c:7d:a0:b5:50,0,3,210,0,0,3,210,0,0
dc:21:5c:8e:62:f5,0,5,1423,0,0,5,1423,0,0
80:b6:55:65:8d:35,0,17,3140,0,0,17,3140,0,0
d4:54:8b:bd:a5:5b,0,21,5242,0,0,21,5242,0,0
f2:78:17:7f:00:28,0,7,2572,0,0,7,2572,0,0
04:00:80:77:ff:ff,0,2,176,0,0,2,176,0,0
b1:94:f0:a1:ca:81,0,1,70,0,0,1,70,0,0
23:3d:3e:c6:b5:52,0,5,350,0,0,5,350,0,0
bf:8c:7d:a0:b5:52,0,1,70,0,0,1,70,0,0
c7:de:74:8d:96:b7,0,1,70,0,0,1,70,0,0
fc:29:e3:ef:35:a5,0,9,1757,0,0,9,1757,0,0
cd:00:01:9f:85:b8,0,2,146,0,0,2,146,0,0
f8:71:0c:66:3c:a5,0,1,164,0,0,1,164,0,0
04:00:c0:77:ff:ff,0,1,88,0,0,1,88,0,0
d8:f8:83:0e:71:44,0,31,6274,0,0,31,6274,0,0
f2:c5:4f:ef:00:28,0,7,2919,0,0,7,2919,0,0
f2:6d:12:df:00:3c,0,13,5074,0,0,13,5074,0,0
81:fd:8c:4d:60:20,0,2,146,0,0,2,146,0,0
ff:ff:ff:ff:17:18,0,1,84,0,0,1,84,0,0
f2:c5:4b:cf:00:28,0,6,2502,0,0,6,2502,0,0
f2:6d:1c:cf:00:28,0,9,3753,0,0,9,3753,0,0
b8:99:74:f0:b5:52,0,10,700,0,0,10,700,0,0
f2:6d:0e:5f:00:3c,0,15,6255,0,0,15,6255,0,0
3c:19:5e:05:89:1e,0,16,4111,0,0,16,4111,0,0
f2:78:19:2f:00:28,0,9,3753,0,0,9,3753,0,0
cc:15:31:34:78:9e,0,27,6595,0,0,27,6595,0,0
04:00:d0:77:ff:ff,0,1,88,0,0,0,0,1,88
f2:ca:a9:cf:00:3c,0,10,4170,0,0,10,4170,0,0
f2:c5:50:df:00:3c,0,14,5838,0,0,14,5838,0,0
f2:76:13:1f:00:3c,0,16,6325,0,0,16,6325,0,0
cc:11:c0:68:c7:71,0,1,70,0,0,1,70,0,0
f2:6d:29:5f:00:28,0,8,3336,0,0,8,3336,0,0
f2:d0:a4:0f:00:28,0,11,4587,0,0,11,4587,0,0
28:11:a8:d5:a9:fd,0,27,6221,0,0,27,6221,0,0
d0:49:7c:f7:a2:30,0,229,45572,0,0,229,45572,0,0
f2:c5:4b:cf:00:3c,0,17,6742,0,0,17,6742,0,0
dc:a2:66:6a:a2:51,0,23,7337,0,0,23,7337,0,0
f2:78:18:0f:00:28,0,12,5004,0,0,12,5004,0,0
d2:79:5e:a1:c4:0a,0,4,340,0,0,4,340,0,0
cb:5c:11:f4:04:00,0,3,264,0,0,0,0,3,264
a0:46:5a:5a:0d:37,0,24,4829,0,0,24,4829,0,0
33:33:ff:67:db:c5,0,1,180,0,0,0,0,1,180
f0:1f:c7:a1:70:6e,0,11,2918,0,0,11,2918,0,0
b0:e5:ef:77:20:81,0,5,1632,0,0,5,1632,0,0
f2:76:1c:4f:00:3c,0,11,4587,0,0,11,4587,0,0
f2:76:1b:bf:00:3c,0,13,5074,0,0,13,5074,0,0
88:a3:03:a8:34:73,0,30,4996,0,0,30,4996,0,0
18:26:49:cd:00:87,0,4,1244,0,0,4,1244,0,0
ec:30:b3:2b:8c:55,0,337,61451,0,0,337,61451,0,0
f2:6d:25:6f:00:28,0,8,3336,0,0,8,3336,0,0
d8:f8:83:2e:a4:aa,0,10,2754,0,0,10,2754,0,0
b4:8c:9d:1b:1e:35,0,4,710,0,0,4,710,0,0
f2:77:ad:ef:00:28,0,8,3336,0,0,8,3336,0,0
f8:89:d2:79:5e:a1,0,51,6502,0,0,6,2848,45,3654
3a:1e:cb:25:b5:55,0,1,70,0,0,0,0,1,70
18:28:af:cc:9b:cc,0,1,76,0,0,1,76,0,0
ff:ff:ff:ff:ff:99,0,1,84,0,0,1,84,0,0
f3:8c:7c:2c:b5:52,0,1,70,0,0,1,70,0,0
29:5d:af:b8:b5:51,0,1,70,0,0,1,70,0,0
1f:31:60:f0:59:b9,0,3,216,0,0,3,216,0,0
c1:17:81:58:b5:50,0,1,70,0,0,1,70,0,0
74:8f:3c:bd:6e:ab,0,10,5292,0,0,10,5292,0,0
b0:be:83:14:13:93,0,150,67725,0,0,150,67725,0,0
90:a2:5b:e8:1b:41,0,73,22523,0,0,73,22523,0,0
f2:6d:24:df:00:3c,0,5,2085,0,0,5,2085,0,0
04:00:e0:77:ff:ff,0,1,88,0,0,1,88,0,0
04:00:f0:77:ff:ff,0,2,176,0,0,2,176,0,0
f2:6d:1f:0f:00:28,0,5,2085,0,0,5,2085,0,0
6c:7e:67:11:54:2b,0,62,21316,0,0,62,21316,0,0
0c:60:46:e0:0d:de,0,65,11458,0,0,65,11458,0,0
33:33:ff:d1:eb:8a,0,1,180,0,0,0,0,1,180
f2:6d:24:af:00:3c,0,16,6325,0,0,16,6325,0,0
a8:76:50:41:65:f0,0,27,4174,0,0,27,4174,0,0
9c:28:f7:f6:8a:1c,0,6,1685,0,0,6,1685,0,0
d0:97:fe:6f:44:79,0,59,19486,0,0,59,19486,0,0
33:33:ff:86:f2:ed,0,2,360,0,0,0,0,2,360
e8:5a:8b:5e:23:13,0,78,13512,0,0,78,13512,0,0
d0:88:0c:79:d7:c3,0,30,17665,0,0,30,17665,0,0
f2:c5:4f:ef:00:3c,0,13,5421,0,0,13,5421,0,0
2c:be:eb:32:45:f2,0,16,4176,0,0,16,4176,0,0
04:00:50:78:ff:ff,0,1,88,0,0,1,88,0,0
04:00:60:78:ff:ff,0,3,246,0,0,3,246,0,0
bc:6e:ff:3b:b5:53,0,15,1050,0,0,15,1050,0,0
04:00:60:79:ff:ff,0,4,298,0,0,4,298,0,0
f2:d1:21:7f:00:3c,0,12,5004,0,0,12,5004,0,0
f2:6d:1d:8f:00:3c,0,11,4587,0,0,11,4587,0,0
33:33:ff:9f:ec:49,0,4,720,0,0,0,0,4,720
cc:f7:35:1c:13:2a,0,19,3438,0,0,17,3170,2,268
74:12:b3:17:25:29,0,42,8110,0,0,42,8110,0,0
04:00:40:7c:ff:ff,0,2,158,0,0,0,0,2,158
50:1f:c6:03:ad:4a,0,47,19032,0,0,47,19032,0,0
f2:6d:22:3f:00:28,0,6,2502,0,0,6,2502,0,0
f2:76:18:8f:00:28,0,5,2085,0,0,5,2085,0,0
f2:78:5d:9f:00:28,0,9,3753,0,0,9,3753,0,0
f2:c5:53:4f:00:28,0,9,3753,0,0,9,3753,0,0
90:a2:5b:03:a4:e2,0,55,19745,0,0,55,19745,0,0
14:49:d4:de:eb:f6,0,13,2104,0,0,13,2104,0,0
ca:85:04:00:90:7c,0,1,88,0,0,1,88,0,0
f2:78:5e:5f:00:28,0,7,2919,0,0,7,2919,0,0
f2:6d:28:6f:00:28,0,5,2085,0,0,5,2085,0,0
c4:0a:cb:5c:11:f4,0,21,2380,0,0,21,2380,0,0
71:84:d7:42:11:f4,0,1,70,0,0,1,70,0,0
f2:78:19:8f:00:3c,0,13,5421,0,0,13,5421,0,0
33:33:ff:38:9f:6f,0,1,180,0,0,0,0,1,180
f2:d1:21:af:00:28,0,9,3406,0,0,9,3406,0,0
f2:78:0b:4f:00:3c,0,20,7993,0,0,20,7993,0,0
04:00:b0:7c:ff:ff,0,2,158,0,0,2,158,0,0
04:00:c0:7c:ff:ff,0,2,158,0,0,2,158,0,0
04:00:d0:7c:ff:ff,0,2,176,0,0,2,176,0,0
04:00:e0:7c:ff:ff,0,2,158,0,0,2,158,0,0
11:f5:04:00:f0:ac,0,1,88,0,0,1,88,0,0
bc:10:7b:5b:e3:1e,0,25,3850,0,0,25,3850,0,0
f2:78:0a:8f:00:28,0,8,3336,0,0,8,3336,0,0
c8:89:f3:a9:39:91,0,109,64216,0,0,109,64216,0,0
e0:d4:64:bd:3f:67,0,27,10085,0,0,27,10085,0,0
f2:6d:1a:8f:00:28,0,14,5838,0,0,14,5838,0,0
23:3d:3e:c6:ca:84,0,2,140,0,0,2,140,0,0
06:af:31:99:b5:50,0,1,70,0,0,1,70,0,0
a5:68:91:92:96:b7,0,1,70,0,0,1,70,0,0
d2:91:04:c9:96:b7,0,1,70,0,0,1,70,0,0
54:6c:eb:0f:d9:1c,0,3,933,0,0,3,933,0,0
96:b7:05:00:10:ce,0,2,158,0,0,2,158,0,0
ca:85:04:00:f0:7c,0,2,158,0,0,2,158,0,0
ca:85:04:00:00:7d,0,1,88,0,0,1,88,0,0
96:b7:05:00:20:ce,0,1,88,0,0,1,88,0,0
a0:02:dc:1b:d6:88,0,1,166,0,0,1,166,0,0
96:b7:05:00:30:ce,0,1,88,0,0,1,88,0,0
96:b7:05:00:50:ce,0,1,88,0,0,1,88,0,0
cb:5c:11:f3:5d:1c,0,1,70,0,0,1,70,0,0
b2:7b:0c:07:ac:14,0,1,70,0,0,0,0,1,70
39:57:2e:d2:90:fd,0,2,152,0,0,0,0,2,152
39:57:2e:d2:b7:80,0,2,140,0,0,2,140,0,0
16:34:2e:d2:90:fd,0,2,140,0,0,0,0,2,140
b5:55:04:00:a0:31,0,1,88,0,0,1,88,0,0
bc:54:2f:69:8d:6d,0,21,5482,0,0,21,5482,0,0
a5:32:dc:14:b5:52,0,1,70,0,0,1,70,0,0
2c:d4:55:16:b5:51,0,1,70,0,0,1,70,0,0
3f:5a:ea:68:b5:53,0,4,280,0,0,4,280,0,0
30:86:2d:d0:a3:f0,0,178,13854,0,0,0,0,178,13854
04:ba:8d:2a:c1:8a,0,7,1630,0,0,7,1630,0,0
50:84:92:93:6a:39,0,33,8857,0,0,33,8857,0,0
8c:7a:aa:5e:b7:3f,0,8,2780,0,0,8,2780,0,0
e5:7a:cd:97:b5:55,0,1,70,0,0,1,70,0,0
4c:20:b8:7e:4a:e5,0,84,25261,0,0,84,25261,0,0
04:00:00:d5:00:00,0,1,88,0,0,1,88,0,0
87:4e:ae:68:00:00,0,2,146,0,0,2,146,0,0
04:00:10:d5:00:00,0,2,176,0,0,2,176,0,0
c6:e3:e9:24:00:00,0,2,146,0,0,2,146,0,0
04:00:a0:d7:ff:ff,0,2,176,0,0,2,176,0,0
c6:e3:e9:24:ff:ff,0,2,146,0,0,2,146,0,0
42:ba:d1:bb:a1:33,0,5,368,0,0,5,368,0,0
c0:e0:5e:23:a1:33,0,2,146,0,0,2,146,0,0
28:c1:a0:cb:2e:66,0,61,19754,0,0,61,19754,0,0
05:fd:9e:73:2e:66,0,2,146,0,0,2,146,0,0
f2:77:a1:bf:00:3c,0,20,8340,0,0,20,8340,0,0
5c:10:c5:9c:73:1b,0,75,12358,0,0,75,12358,0,0
64:11:a4:95:62:74,0,48,13856,0,0,48,13856,0,0
33:33:ff:b5:ce:f5,0,1,180,0,0,0,0,1,180
fc:aa:b6:85:17:30,0,12,1940,0,0,12,1940,0,0
a0:4e:cf:8c:8d:ff,0,14,4937,0,0,14,4937,0,0
f2:6d:13:cf:00:3c,0,14,5838,0,0,14,5838,0,0
f2:c5:53:1f:00:3c,0,21,8410,0,0,21,8410,0,0
f2:6d:25:ff:00:3c,0,13,5421,0,0,13,5421,0,0
58:85:a2:2c:8d:55,0,298,49105,0,0,298,49105,0,0
f2:6d:19:cf:00:28,0,13,5421,0,0,13,5421,0,0
66:48:00:ef:07:75,0,1,70,0,0,1,70,0,0
f2:76:0f:2f:00:28,0,7,2919,0,0,7,2919,0,0
f2:6d:0e:bf:00:28,0,9,3753,0,0,9,3753,0,0
f2:6d:29:bf:00:28,0,7,2919,0,0,7,2919,0,0
b8:5d:22:e6:b5:54,0,6,444,0,0,0,0,6,444
ea:2d:f9:05:b5:54,0,4,280,0,0,4,280,0,0
39:57:2e:d2:c4:0a,0,27,2196,0,0,27,2196,0,0
cb:25:b5:55:10:3f,0,1,76,0,0,0,0,1,76
cb:25:b5:55:45:e1,0,1,70,0,0,1,70,0,0
56:0b:b5:55:10:3f,0,1,70,0,0,0,0,1,70
b5:55:d4:8a:39:57,0,65,5552,0,0,0,0,65,5552
d2:c7:07:75:ea:22,0,1,76,0,0,0,0,1,76
d2:c7:07:75:45:74,0,1,70,0,0,1,70,0,0
15:86:07:75:ea:22,0,1,70,0,0,0,0,1,70
b5:54:01:de:16:1a,0,1,70,0,0,0,0,1,70
07:75:0d:b9:94:16,0,1,70,0,0,0,0,1,70
4f:fe:0f:5f:98:0c,0,1,176,0,0,1,176,0,0
58:5b:40:b2:7a:62,0,1,176,0,0,0,0,1,176
b5:54:04:00:50:80,0,1,88,0,0,1,88,0,0
b5:54:ac:6c:79:67,0,5,368,0,0,5,368,0,0
ff:ff:ff:ff:6d:87,0,1,84,0,0,1,84,0,0
f2:c5:4d:1f:00:3c,0,12,5004,0,0,12,5004,0,0
33:33:ff:bd:70:14,0,1,180,0,0,0,0,1,180
f2:6d:0e:bf:00:3c,0,17,6048,0,0,17,6048,0,0
f2:6d:10:cf:00:28,0,11,4587,0,0,11,4587,0,0
bc:6e:ff:3b:b5:52,0,49,3430,0,0,49,3430,0,0
34:cf:f6:8f:4a:0d,0,10,2117,0,0,10,2117,0,0
d6:8f:ad:86:4a:0d,0,2,146,0,0,2,146,0,0
08:5b:d6:74:0d:10,0,41,22762,0,0,41,22762,0,0
f2:d0:a4:3f:00:3c,0,12,5004,0,0,12,5004,0,0
28:c1:a0:f2:4a:e8,0,32,7746,0,0,32,7746,0,0
33:33:ff:b5:61:c3,0,5,900,0,0,0,0,5,900
d8:dc:40:39:4d:c6,0,91,31437,0,0,91,31437,0,0
b4:31:61:2d:e0:25,0,154,24461,0,0,154,24461,0,0
04:00:e0:e8:ff:ff,0,5,440,0,0,4,352,1,88
30:94:35:5b:7b:f7,0,21,6310,0,0,21,6310,0,0
b4:00:9c:00:5c:ed,0,3,228,0,0,0,0,3,228
c4:00:70:00:c4:0a,0,2,140,0,0,0,0,2,140
b5:55:4b:0e:b0:cf,0,3,210,0,0,0,0,3,210
ff:ff:ff:3f:00:00,0,3,264,0,0,2,176,1,88
5c:ed:f4:4f:e2:8d,0,370,69652,0,0,370,69652,0,0
be:39:02:60:ad:b7,0,2,146,0,0,2,146,0,0
ff:ff:ff:7f:00:00,0,7,586,0,0,4,322,3,264
ff:ff:ff:ff:00:00,0,5,422,0,0,2,158,3,264
0a:7d:d4:cb:ca:85,0,2,146,0,0,0,0,2,146
ff:ff:ff:ff:01:00,0,5,410,0,0,2,176,3,234
b5:55:52:79:69:61,0,2,140,0,0,0,0,2,140
ff:ff:ff:ff:03:00,0,3,264,0,0,2,176,1,88
ff:ff:ff:ff:0f:00,0,5,410,0,0,0,0,5,410
bc:d0:74:5b:fe:d1,0,44,28508,0,0,44,28508,0,0
0a:7d:d4:cb:1a:67,0,2,146,0,0,2,146,0,0
23:3d:3e:c6:b5:53,0,9,630,0,0,9,630,0,0
d4:1b:81:5a:46:d5,0,11,4663,0,0,11,4663,0,0
0e:3c:01:bc:75:e4,0,2,146,0,0,2,146,0,0
b5:54:4e:cb:b9:4d,0,1,70,0,0,0,0,1,70
b5:54:a8:e9:a3:49,0,1,70,0,0,0,0,1,70
a8:e9:a3:49:b5:54,0,1,70,0,0,1,70,0,0
cb:25:b5:54:e2:d5,0,2,152,0,0,2,152,0,0
b4:00:0c:01:f8:89,0,3,228,0,0,0,0,3,228
9c:f9:b5:54:e2:d5,0,1,70,0,0,1,70,0,0
c4:00:e2:00:c4:0a,0,1,70,0,0,0,0,1,70
d2:c7:07:75:33:e3,0,1,76,0,0,1,76,0,0
b4:00:4e:01:c4:0a,0,1,76,0,0,0,0,1,76
cb:25:b5:54:b5:2c,0,1,76,0,0,1,76,0,0
b4:00:a9:01:f8:89,0,1,76,0,0,0,0,1,76
6e:eb:b5:54:b5:2c,0,1,70,0,0,1,70,0,0
c4:00:7f:01:c4:0a,0,1,70,0,0,0,0,1,70
cb:25:b5:54:6f:9b,0,41,3116,0,0,9,684,32,2432
b4:00:c8:00:f8:89,0,9,684,0,0,0,0,9,684
63:02:b5:54:6f:9b,0,14,980,0,0,4,280,10,700
c4:00:9e:00:c4:0a,0,5,350,0,0,0,0,5,350
b5:54:04:00:80:80,0,1,88,0,0,1,88,0,0
b0:4a:6a:26:f4:b0,0,67,10763,0,0,67,10763,0,0
f2:76:0e:9f:00:28,0,9,3753,0,0,9,3753,0,0
33:33:ff:d4:3d:fc,0,5,900,0,0,0,0,5,900
cd:00:01:9f:67:00,0,2,146,0,0,2,146,0,0
92:7f:f0:28:b5:54,0,4,280,0,0,4,280,0,0
ff:ff:ff:ff:25:01,0,1,84,0,0,1,84,0,0
e8:5f:02:15:33:f7,0,36,10743,0,0,36,10743,0,0
33:33:ff:2f:d9:4d,0,10,1800,0,0,0,0,10,1800
99:f7:a7:48:6d:25,0,1,70,0,0,1,70,0,0
b4:8c:9d:d2:1c:c5,0,9,1898,0,0,9,1898,0,0
33:33:ff:55:58:67,0,1,180,0,0,0,0,1,180
f2:76:12:bf:00:28,0,6,2502,0,0,6,2502,0,0
f2:c5:52:5f:00:28,0,8,3336,0,0,8,3336,0,0
05:b6:c5:17:b5:51,0,4,280,0,0,4,280,0,0
24:95:2f:b1:ee:e1,0,129,22870,0,0,129,22870,0,0
33:33:ff:80:63:63,0,1,180,0,0,0,0,1,180
04:00:e0:ad:ff:ff,0,2,158,0,0,2,158,0,0
f0:d4:15:fd:80:fe,0,205,49766,0,0,199,46601,6,3165
cd:00:01:9f:80:fe,0,2,146,0,0,2,146,0,0
c4:0a:cb:2d:95:a0,0,4,600,0,0,4,600,0,0
cb:5c:11:f3:c8:75,0,1,70,0,0,1,70,0,0
e8:fb:cb:25:b5:55,0,1,70,0,0,0,0,1,70
cc:66:0a:60:df:2e,0,27,6737,0,0,27,6737,0,0
f2:78:bd:cf:00:28,0,12,5004,0,0,12,5004,0,0
d4:8a:39:42:bf:64,0,362,59098,0,0,362,59098,0,0
33:33:ff:23:02:23,0,20,3600,0,0,0,0,20,3600
18:a3:45:f2:b5:52,0,1,70,0,0,1,70,0,0
05:00:80:d2:1f:00,0,1,88,0,0,1,88,0,0
04:00:a0:51:ff:ff,0,2,176,0,0,2,176,0,0
fc:4e:a4:06:fd:63,0,36,11356,0,0,36,11356,0,0
a0:62:02:de:de:bb,0,1,1404,0,0,0,0,1,1404
9b:f0:31:04:19:97,0,1,1404,0,0,1,1404,0,0
11:f3:8f:51:02:bb,0,1,70,0,0,0,0,1,70
11:f3:bf:8c:7d:a0,0,5,350,0,0,0,0,5,350
50:cd:47:60:96:b7,0,1,70,0,0,1,70,0,0
f2:d0:a4:0f:00:3c,0,15,5214,0,0,15,5214,0,0
05:00:00:d3:fd:01,0,1,88,0,0,1,88,0,0
a5:e5:9b:77:4f:8d,0,2,146,0,0,2,146,0,0
11:f3:4f:8b:ec:f8,0,1,70,0,0,0,0,1,70
13:00:00:00:00:00,0,1,88,0,0,1,88,0,0
4c:d5:77:a6:98:5b,0,14,3325,0,0,14,3325,0,0
14:7d:da:a1:22:f6,0,50,23668,0,0,50,23668,0,0
a5:e5:9b:77:22:f6,0,2,146,0,0,2,146,0,0
05:00:d0:d3:01:00,0,3,228,0,0,3,228,0,0
cb:25:b5:54:81:fd,0,11,836,0,0,0,0,11,836
cb:25:b5:54:92:7f,0,4,280,0,0,4,280,0,0
f0:28:b5:54:81:fd,0,4,280,0,0,0,0,4,280
ff:ff:ff:ff:f5:02,0,1,84,0,0,1,84,0,0
97:ee:a3:f1:b5:55,0,2,146,0,0,0,0,2,146
36:34:f5:bc:26:35,0,1,70,0,0,1,70,0,0
ea:68:31:04:19:97,0,2,140,0,0,2,140,0,0
d4:00:00:00:30:86,0,4,280,0,0,0,0,4,280
97:fc:80:c0:b5:52,0,1,70,0,0,1,70,0,0
ff:ff:ff:ff:1d:83,0,1,84,0,0,1,84,0,0
ac:16:15:0b:97:a4,0,2,371,0,0,2,371,0,0
f0:65:ae:02:32:ca,0,14,2172,0,0,14,2172,0,0
15:78:65:52:a6:18,0,2,146,0,0,2,146,0,0
f2:76:2a:8f:00:28,0,9,6000,0,0,9,6000,0,0
88:1e:5a:82:f0:9a,0,26,9014,0,0,26,9014,0,0
0e:f7:c9:4b:f0:9a,0,2,146,0,0,2,146,0,0
81:fd:8c:4d:28:9f,0,3,222,0,0,3,222,0,0
b1:50:f7:5b:8d:f9,0,2,146,0,0,2,146,0,0
f2:78:17:df:00:3c,0,11,4240,0,0,11,4240,0,0
f2:76:20:3f:00:3c,0,12,5004,0,0,12,5004,0,0
58:73:d8:0f:4c:b3,0,48,17165,0,0,48,17165,0,0
f2:77:ae:7f:00:3c,0,11,4240,0,0,11,4240,0,0
18:fa:b7:ae:e2:73,0,66,22611,0,0,66,22611,0,0
30:d7:a1:d2:8b:b0,0,20,8720,0,0,20,8720,0,0
a8:5e:f2:06:ed:15,0,19,2620,0,0,19,2620,0,0
3a:f1:de:4a:96:b7,0,1,70,0,0,1,70,0,0
f2:6d:1b:af:00:3c,0,14,5838,0,0,14,5838,0,0
85:84:83:40:ca:84,0,34,2380,0,0,34,2380,0,0
26:6a:58:d3:b5:54,0,2,146,0,0,0,0,2,146
c8:7a:04:dd:07:75,0,1,70,0,0,1,70,0,0
b5:54:04:00:20:81,0,1,88,0,0,1,88,0,0
ff:ff:ff:ff:ff:ef,0,1,88,0,0,0,0,1,88
b0:3c:dc:89:f5:3f,0,56,12549,0,0,56,12549,0,0
7d:91:37:65:70:95,0,1,76,0,0,1,76,0,0
b5:54:21:55:67:cd,0,1,70,0,0,0,0,1,70
b5:54:13:13:05:1f,0,1,70,0,0,0,0,1,70
68:a7:e6:2b:07:75,0,1,70,0,0,1,70,0,0
1b:99:79:2a:b5:54,0,3,210,0,0,3,210,0,0
b8:f7:aa:e0:13:93,0,5,374,0,0,5,374,0,0
b8:f7:aa:e0:11:f3,0,2,146,0,0,0,0,2,146
ff:ff:ff:ff:a8:bb,0,4,306,0,0,4,306,0,0
b5:54:f6:a2:2a:87,0,1,70,0,0,0,0,1,70
c1:9f:6d:25:c4:0a,0,19,1624,0,0,19,1624,0,0
cb:2d:ca:85:b1:50,0,2,152,0,0,0,0,2,152
cb:2d:ca:85:1b:e9,0,2,140,0,0,2,140,0,0
13:47:ca:85:b1:50,0,2,140,0,0,0,0,2,140
cb:2d:ca:85:aa:df,0,2,152,0,0,0,0,2,152
cb:2d:ca:85:54:fc,0,2,140,0,0,2,140,0,0
bc:10:ca:85:aa:df,0,2,140,0,0,0,0,2,140
5a:cb:70:9a:ca:80,0,1,70,0,0,1,70,0,0
d2:c7:07:75:85:4f,0,1,70,0,0,1,70,0,0
8f:61:cb:25:b5:55,0,1,70,0,0,0,0,1,70
b5:54:04:00:a0:81,0,2,158,0,0,2,158,0,0
ff:ff:ff:ff:ef:ff,0,4,304,0,0,0,0,4,304
ff:ff:ff:ff:a4:40,0,3,230,0,0,3,230,0,0
d2:c7:07:75:05:10,0,7,588,0,0,0,0,7,588
ff:ff:ff:ff:4c:c1,0,3,230,0,0,3,230,0,0
07:75:71:fa:cb:e6,0,2,140,0,0,0,0,2,140
05:00:40:7e:ff:ff,0,1,84,0,0,0,0,1,84
ff:ff:ff:ff:08:bc,0,1,84,0,0,1,84,0,0
c4:0a:cb:25:e6:33,0,28,8232,0,0,28,8232,0,0
33:33:ff:f3:f1:fa,0,4,720,0,0,0,0,4,720
c4:91:0c:b1:c2:09,0,76,25756,0,0,76,25756,0,0
d2:c7:07:75:71:fa,0,2,140,0,0,2,140,0,0
cb:e6:cb:25:b5:55,0,1,70,0,0,0,0,1,70
81:fd:8c:4d:b5:54,0,1,76,0,0,0,0,1,76
5c:17:cf:6f:9c:57,0,152,23987,0,0,152,23987,0,0
d4:d7:cf:75:15:e9,0,4,636,0,0,4,636,0,0
f2:6d:14:5f:00:3c,0,14,5838,0,0,14,5838,0,0
f2:77:ae:af:00:3c,0,14,5144,0,0,14,5144,0,0
18:a3:45:f2:96:b7,0,1,70,0,0,1,70,0,0
05:00:90:d5:7f:00,0,1,88,0,0,1,88,0,0
a8:3e:0e:61:02:dd,0,9,2036,0,0,9,2036,0,0
f2:6d:29:5f:00:3c,0,13,5074,0,0,13,5074,0,0
05:00:60:d6:01:00,0,2,158,0,0,2,158,0,0
05:00:70:d6:1f:00,0,2,158,0,0,2,158,0,0
68:83:cb:88:18:06,0,49,17632,0,0,49,17632,0,0
b0:3c:dc:e3:78:8a,0,34,7507,0,0,34,7507,0,0
f2:6d:1b:4f:00:3c,0,12,4657,0,0,12,4657,0,0
05:00:30:d7:01:00,0,2,158,0,0,2,158,0,0
28:ea:2d:94:b8:76,0,14,3146,0,0,14,3146,0,0
f2:78:18:cf:00:3c,0,11,4587,0,0,11,4587,0,0
80:45:dd:ab:df:fb,0,5,1082,0,0,5,1082,0,0
18:47:3d:dd:42:17,0,23,6170,0,0,23,6170,0,0
ac:57:75:49:07:be,0,36,7710,0,0,36,7710,0,0
33:33:ff:42:e0:52,0,3,540,0,0,0,0,3,540
05:00:d0:d7:01:00,0,1,88,0,0,1,88,0,0
48:f9:80:4c:b5:50,0,1,70,0,0,1,70,0,0
f2:77:ad:5f:00:3c,0,11,4587,0,0,11,4587,0,0
f2:6d:1a:5f:00:28,0,9,3753,0,0,9,3753,0,0
f2:76:2a:2f:00:3c,0,10,4170,0,0,10,4170,0,0
f2:78:19:5f:00:3c,0,13,5421,0,0,13,5421,0,0
f2:78:5d:cf:00:3c,0,17,7089,0,0,17,7089,0,0
04:00:c0:d5:00:00,0,1,88,0,0,1,88,0,0
85:5e:cb:25:b5:55,0,1,70,0,0,0,0,1,70
cb:5c:11:f3:34:f1,0,1,76,0,0,0,0,1,76
cb:5c:11:f3:67:00,0,1,70,0,0,1,70,0,0
c6:db:11:f3:34:f1,0,1,70,0,0,0,0,1,70
48:f9:80:4c:b5:52,0,1,70,0,0,1,70,0,0
d5:60:8e:cd:b5:51,0,1,70,0,0,1,70,0,0
8c:f0:71:41:5f:bd,0,2,236,0,0,2,236,0,0
11:f3:d5:60:8e:cd,0,1,70,0,0,0,0,1,70
b4:fa:48:47:85:58,0,85,30688,0,0,85,30688,0,0
f2:6d:1a:5f:00:3c,0,13,5421,0,0,13,5421,0,0
04:00:d0:d5:00:00,0,1,88,0,0,1,88,0,0
94:0c:98:2a:fe:18,0,38,9434,0,0,38,9434,0,0
8c:f8:c5:a9:d8:91,0,17,3850,0,0,17,3850,0,0
f8:4d:89:85:6d:b8,0,93,76975,0,0,93,76975,0,0
3c:19:5e:aa:fe:22,0,91,16080,0,0,91,16080,0,0
33:33:ff:68:40:a0,0,1,180,0,0,0,0,1,180
94:52:44:7e:68:93,0,33,8613,0,0,33,8613,0,0
88:a3:03:9b:09:66,0,38,12150,0,0,38,12150,0,0
f2:76:20:cf:00:3c,0,13,5074,0,0,13,5074,0,0
5c:ed:f4:83:d8:07,0,57,8629,0,0,57,8629,0,0
05:00:00:d9:01:00,0,2,158,0,0,2,158,0,0
e0:13:b5:74:15:a7,0,12,1924,0,0,12,1924,0,0
f8:38:80:2c:bd:d7,0,14,4493,0,0,14,4493,0,0
05:00:60:d9:01:00,0,1,88,0,0,1,88,0,0
fc:aa:b6:81:83:d3,0,164,29958,0,0,164,29958,0,0
33:33:ff:1a:cc:b6,0,2,344,0,0,0,0,2,344
a8:ab:b5:07:42:0b,0,37,8804,0,0,37,8804,0,0
31:55:92:4d:18:d5,0,1,70,0,0,1,70,0,0
84:4e:77:9e:18:d5,0,1,70,0,0,1,70,0,0
a5:ab:88:98:18:d5,0,1,70,0,0,1,70,0,0
8e:9a:33:e4:18:d5,0,12,840,0,0,12,840,0,0
46:86:f3:75:18:d5,0,2,140,0,0,2,140,0,0
33:33:ff:0a:4b:d1,0,4,720,0,0,0,0,4,720
b4:c4:fc:cd:61:17,0,14,4113,0,0,14,4113,0,0
c8:3d:dc:ff:2d:e0,0,27,8357,0,0,27,8357,0,0
f2:6d:23:5f:00:3c,0,10,4170,0,0,10,4170,0,0
f2:c5:50:4f:00:3c,0,16,6325,0,0,16,6325,0,0
15:d1:33:eb:11:f3,0,1,70,0,0,1,70,0,0
7d:00:00:00:00:00,0,1,88,0,0,1,88,0,0
20:e8:74:39:80:e0,0,7,1612,0,0,7,1612,0,0
04:00:80:7d:ff:ff,0,1,88,0,0,1,88,0,0
8c:86:1e:61:64:28,0,117,35844,0,0,117,35844,0,0
04:00:a0:7d:ff:ff,0,2,176,0,0,2,176,0,0
04:00:b0:7d:ff:ff,0,1,88,0,0,1,88,0,0
33:33:ff:89:0c:2e,0,6,1080,0,0,0,0,6,1080
b5:54:04:00:c0:29,0,1,88,0,0,1,88,0,0
b5:54:8e:43:7b:d5,0,16,1180,0,0,16,1180,0,0
b5:54:b9:4e:4b:54,0,13,910,0,0,0,0,13,910
b5:54:8b:08:29:86,0,9,630,0,0,0,0,9,630
b5:54:a0:39:92:fa,0,93,6510,0,0,0,0,93,6510
b5:54:04:00:e0:29,0,4,298,0,0,4,298,0,0
a3:d2:8e:ff:bf:64,0,2,146,0,0,2,146,0,0
18:e7:b0:4c:f4:24,0,7,1658,0,0,7,1658,0,0
04:00:e0:7d:ff:ff,0,2,176,0,0,2,176,0,0
28:02:2e:c6:01:b7,0,64,22333,0,0,64,22333,0,0
e0:1f:88:2b:b9:01,0,66,10180,0,0,66,10180,0,0
fc:d9:08:a3:11:8b,0,1,444,0,0,1,444,0,0
d0:49:7c:97:a6:fb,0,10,1724,0,0,10,1724,0,0
30:bb:7d:32:59:3f,0,175,27406,0,0,175,27406,0,0
f2:76:12:8f:00:3c,0,6,2502,0,0,6,2502,0,0
30:86:2d:d0:a3:f2,0,9,630,0,0,0,0,9,630
f2:78:19:8f:00:28,0,8,3336,0,0,8,3336,0,0
f2:76:16:df:00:28,0,6,2502,0,0,6,2502,0,0
f2:6d:1f:0f:00:3c,0,17,6742,0,0,17,6742,0,0
f0:62:5a:ec:db:c9,0,41,10184,0,0,41,10184,0,0
a8:4a:28:2c:a8:c8,0,10,7852,0,0,10,7852,0,0
e4:8c:73:b5:10:01,0,4,652,0,0,4,652,0,0
33:33:ff:13:c2:d3,0,1,180,0,0,0,0,1,180
f2:c5:4f:8f:00:3c,0,16,6325,0,0,16,6325,0,0
f2:6d:22:ff:00:3c,0,12,4657,0,0,12,4657,0,0
7d:a0:31:04:19:97,0,1,70,0,0,1,70,0,0
c4:00:04:07:c4:0a,0,1,70,0,0,0,0,1,70
85:b9:74:c3:e1:20,0,1,76,0,0,1,76,0,0
c4:0a:cb:25:e6:31,0,13,4450,0,0,13,4450,0,0
38:7a:0e:a3:b6:aa,0,4,1112,0,0,4,1112,0,0
f2:6d:14:ef:00:28,0,12,4657,0,0,12,4657,0,0
f2:d1:21:af:00:3c,0,16,6672,0,0,16,6672,0,0
3c:a6:f6:5a:65:18,0,29,14066,0,0,29,14066,0,0
46:e9:85:5b:b5:50,0,7,490,0,0,7,490,0,0
d4:87:cb:25:b5:54,0,1,70,0,0,0,0,1,70
cb:25:b5:54:0e:3c,0,6,456,0,0,0,0,6,456
cb:25:b5:54:4e:cb,0,2,140,0,0,2,140,0,0
b9:4d:b5:54:0e:3c,0,2,140,0,0,0,0,2,140
33:33:ff:f1:4b:a1,0,5,860,0,0,0,0,5,860
0e:3c:01:bc:80:fe,0,6,444,0,0,6,444,0,0
d4:87:b5:54:0e:3c,0,1,70,0,0,0,0,1,70
ff:ff:ff:ff:91:30,0,1,84,0,0,1,84,0,0
c8:44:43:d8:b5:53,0,2,140,0,0,2,140,0,0
f2:76:1b:ef:00:3c,0,11,4587,0,0,11,4587,0,0
33:33:ff:a2:c1:d1,0,8,1440,0,0,0,0,8,1440
c8:44:43:d8:b5:52,0,1,70,0,0,1,70,0,0
30:03:c8:0b:12:5f,0,9,2667,0,0,9,2667,0,0
94:ad:23:a3:f9:b7,0,3,1040,0,0,3,1040,0,0
33:33:ff:0b:cd:20,0,7,1260,0,0,0,0,7,1260
f2:d1:22:0f:00:3c,0,15,5561,0,0,15,5561,0,0
f2:76:17:6f:00:28,0,5,2085,0,0,5,2085,0,0
81:fd:8c:4d:63:69,0,5,380,0,0,5,380,0,0
81:fd:8c:4d:66:27,0,1,76,0,0,1,76,0,0
04:bd:bf:3c:9a:86,0,29,5758,0,0,29,5758,0,0
81:fd:8c:4d:54:2d,0,2,146,0,0,2,146,0,0
b5:54:aa:93:ca:24,0,20,1400,0,0,0,0,20,1400
ff:ff:ff:ff:79:b1,0,1,84,0,0,1,84,0,0
33:33:ff:e5:dc:98,0,3,540,0,0,0,0,3,540
f2:c5:50:df:00:28,0,12,4310,0,0,12,4310,0,0
c0:95:6d:33:49:95,0,61,35978,0,0,61,35978,0,0
cb:25:b5:54:8a:5d,0,4,304,0,0,1,76,3,228
63:02:b5:54:8a:5d,0,2,140,0,0,1,70,1,70
cb:25:b5:54:04:00,0,112,9776,0,0,34,2968,78,6808
17:96:58:54:46:87,0,2,146,0,0,2,146,0,0
18:d5:09:c7:b4:e5,0,5,350,0,0,0,0,5,350
18:d5:6d:c9:54:ad,0,3,210,0,0,0,0,3,210
07:75:8b:a0:69:a5,0,1,70,0,0,0,0,1,70
f2:c5:4b:ff:00:3c,0,11,4587,0,0,11,4587,0,0
c8:3c:85:8d:87:0e,0,50,18138,0,0,50,18138,0,0
70:72:fe:60:9e:0a,0,4,842,0,0,4,842,0,0
cb:25:b5:55:bb:ea,0,9,684,0,0,2,152,7,532
cb:25:b5:55:7c:1d,0,6,420,0,0,6,420,0,0
fe:72:b5:55:bb:ea,0,9,630,0,0,2,140,7,490
2e:d2:c4:0a:cb:25,0,28,2224,0,0,0,0,28,2224
b5:55:7c:1d:fe:72,0,5,350,0,0,0,0,5,350
40:00:00:00:00:00,0,1,88,0,0,1,88,0,0
83:40:35:1c:13:2a,0,1,70,0,0,0,0,1,70
f2:78:18:3f:00:28,0,8,3336,0,0,8,3336,0,0
f2:76:16:af:00:28,0,7,2919,0,0,7,2919,0,0
f6:c0:a3:27:e7:02,0,66,21017,0,0,66,21017,0,0
a6:e3:e8:21:8d:55,0,2,146,0,0,2,146,0,0
b5:55:04:00:b0:31,0,1,88,0,0,1,88,0,0
f6:f3:a4:20:b5:50,0,3,210,0,0,3,210,0,0
f2:78:18:9f:00:28,0,8,3336,0,0,8,3336,0,0
b4:00:a0:00:c4:0a,0,7,532,0,0,0,0,7,532
c4:00:74:00:d4:8a,0,6,420,0,0,0,0,6,420
b5:55:04:00:c0:31,0,1,88,0,0,1,88,0,0
6c:6a:77:9c:fe:69,0,25,4894,0,0,25,4894,0,0
33:33:ff:20:78:94,0,18,3240,0,0,0,0,18,3240
64:6c:80:2b:2b:ad,0,6,1866,0,0,6,1866,0,0
10:3f:44:48:e7:99,0,228,67124,0,0,228,67124,0,0
e4:b2:fb:40:8d:75,0,19,6012,0,0,19,6012,0,0
cb:25:b5:54:b8:5d,0,13,988,0,0,7,532,6,456
b4:00:a8:00:f8:89,0,13,988,0,0,0,0,13,988
f9:05:b5:54:b8:5d,0,9,630,0,0,7,490,2,140
f4:26:79:37:7b:4d,0,2,378,0,0,2,378,0,0
9c:29:76:da:39:8c,0,13,2666,0,0,13,2666,0,0
04:00:00:7e:ff:ff,0,1,88,0,0,1,88,0,0
88:e9:fe:76:7d:69,0,32,16712,0,0,32,16712,0,0
04:00:10:7e:ff:ff,0,2,176,0,0,2,176,0,0
04:00:20:7e:ff:ff,0,1,88,0,0,1,88,0,0
18:e7:b0:9a:44:d7,0,29,7678,0,0,29,7678,0,0
34:6f:24:86:ba:3b,0,18,3599,0,0,18,3599,0,0
f2:d1:20:5f:00:3c,0,10,4170,0,0,10,4170,0,0
04:00:30:7e:ff:ff,0,1,88,0,0,1,88,0,0
dc:1b:a1:bd:30:53,0,9,2767,0,0,9,2767,0,0
50:e0:85:4a:66:40,0,13,3315,0,0,13,3315,0,0
c4:75:ab:f2:f1:b1,0,8,4145,0,0,8,4145,0,0
30:bb:7d:53:a8:4b,0,2,522,0,0,2,522,0,0
bb:cf:d3:a2:18:d5,0,1,70,0,0,1,70,0,0
88:a3:03:81:51:12,0,100,16312,0,0,100,16312,0,0
6f:9b:b1:b3:9e:0a,0,2,146,0,0,2,146,0,0
f2:d1:21:4f:00:3c,0,12,4657,0,0,12,4657,0,0
34:fe:77:e4:68:7a,0,37,12477,0,0,37,12477,0,0
16:ee:97:f8:e3:72,0,12,3736,0,0,12,3736,0,0
ec:28:d3:78:a6:86,0,22,5364,0,0,22,5364,0,0
99:f7:a7:48:ca:83,0,2,140,0,0,2,140,0,0
04:00:50:7e:ff:ff,0,2,176,0,0,2,176,0,0
da:c4:2b:9f:d8:7a,0,29,7976,0,0,29,7976,0,0
bc:e7:cf:df:b5:50,0,4,280,0,0,4,280,0,0
6f:9b:b1:b3:69:f2,0,2,146,0,0,2,146,0,0
ff:ff:ff:ff:d9:b6,0,3,230,0,0,3,230,0,0
b5:54:71:06:63:02,0,11,770,0,0,0,0,11,770
f2:78:0a:5f:00:28,0,9,3753,0,0,9,3753,0,0
00:00:0c:07:51:f1,0,2,382,0,0,0,0,2,382
ca:85:04:00:d0:7e,0,3,228,0,0,3,228,0,0
ca:85:04:00:e0:7e,0,1,88,0,0,1,88,0,0
ca:85:04:00:f0:7e,0,1,88,0,0,1,88,0,0
ca:85:04:00:00:7f,0,1,88,0,0,1,88,0,0
ca:85:04:00:10:7f,0,1,88,0,0,1,88,0,0
ca:85:04:00:20:7f,0,1,88,0,0,1,88,0,0
d2:c7:07:75:90:a1,0,1,76,0,0,0,0,1,76
d2:c7:07:75:dd:c2,0,10,700,0,0,10,700,0,0
1f:5c:07:75:90:a1,0,1,70,0,0,0,0,1,70
d4:87:5e:7f:ff:fa,0,1,70,0,0,0,0,1,70
dd:c2:1f:5c:b5:50,0,2,140,0,0,2,140,0,0
bc:e7:cf:df:ca:85,0,2,140,0,0,2,140,0,0
7c:70:db:83:de:f2,0,3,933,0,0,3,933,0,0
6f:9b:b1:b3:00:28,0,4,292,0,0,4,292,0,0
71:06:63:02:b5:54,0,11,770,0,0,11,770,0,0
ff:ff:ff:ff:03:2e,0,1,84,0,0,1,84,0,0
f2:6d:14:2f:00:28,0,10,4170,0,0,10,4170,0,0
20:1e:88:52:ee:c3,0,6,1056,0,0,6,1056,0,0
3e:c6:31:04:19:97,0,2,140,0,0,2,140,0,0
d2:71:18:d5:28:72,0,3,228,0,0,0,0,3,228
d2:71:18:d5:bc:dc,0,1,70,0,0,1,70,0,0
51:36:18:d5:28:72,0,1,70,0,0,0,0,1,70
8b:5d:18:d5:28:72,0,1,70,0,0,0,0,1,70
fa:52:08:76:59:59,0,2,146,0,0,2,146,0,0
b5:54:04:00:30:2b,0,1,88,0,0,1,88,0,0
18:d5:ae:36:8d:5f,0,9,648,0,0,9,648,0,0
90:df:7d:bd:a5:eb,0,40,6743,0,0,40,6743,0,0
c8:58:95:a9:b9:9a,0,13,3022,0,0,13,3022,0,0
17:96:58:54:0c:18,0,4,298,0,0,4,298,0,0
17:96:58:54:b8:ac,0,2,146,0,0,2,146,0,0
04:00:50:80:ff:ff,0,1,88,0,0,1,88,0,0
f0:65:ae:f8:9c:92,0,146,22646,0,0,146,22646,0,0
04:bd:bf:60:b9:9b,0,354,53382,0,0,354,53382,0,0
58:1c:f8:81:5e:3e,0,17,4469,0,0,17,4469,0,0
a9:ca:95:d3:69:f2,0,2,146,0,0,2,146,0,0
08:07:dc:eb:91:4e,0,2,146,0,0,2,146,0,0
04:00:c0:80:ff:ff,0,1,88,0,0,1,88,0,0
18:d5:31:2b:8e:e9,0,1,70,0,0,0,0,1,70
b2:46:ea:4f:ac:28,0,1,166,0,0,1,166,0,0
46:73:1c:2a:18:c5,0,1,166,0,0,0,0,1,166
90:35:be:9f:8b:e0,0,1,166,0,0,0,0,1,166
b5:54:04:00:f0:2b,0,2,158,0,0,2,158,0,0
49:aa:9b:a7:85:b8,0,2,146,0,0,2,146,0,0
b5:54:1f:88:2f:f7,0,1,70,0,0,0,0,1,70
17:96:58:54:1b:21,0,2,146,0,0,2,146,0,0
f2:ca:a9:ff:00:3c,0,13,5421,0,0,13,5421,0,0
80:38:fb:2a:79:fc,0,8,2000,0,0,8,2000,0,0
cb:25:b5:54:95:cc,0,12,912,0,0,4,304,8,608
b5:54:c4:1d:86:d1,0,11,770,0,0,0,0,11,770
b5:54:04:00:90:2c,0,1,88,0,0,1,88,0,0
04:00:c0:d8:ff:ff,0,1,88,0,0,1,88,0,0
44:16:fa:36:df:42,0,1,164,0,0,1,164,0,0
80:ad:16:93:be:18,0,60,15754,0,0,60,15754,0,0
cb:25:b5:54:7f:b4,0,1,76,0,0,0,0,1,76
cb:25:b5:54:68:71,0,1,70,0,0,1,70,0,0
ba:ac:b5:54:7f:b4,0,1,70,0,0,0,0,1,70
b5:54:68:71:ba:ac,0,5,350,0,0,0,0,5,350
4c:63:71:32:1a:6a,0,39,11182,0,0,39,11182,0,0
f2:6d:20:2f:00:28,0,12,5004,0,0,12,5004,0,0
f2:78:5c:af:00:28,0,9,3753,0,0,9,3753,0,0
f2:6d:23:bf:00:28,0,8,3336,0,0,8,3336,0,0
33:33:ff:68:0f:b7,0,3,540,0,0,0,0,3,540
f2:76:20:cf:00:28,0,6,2502,0,0,6,2502,0,0
f2:6d:1c:0f:00:28,0,10,4170,0,0,10,4170,0,0
f2:6d:13:0f:00:28,0,8,3336,0,0,8,3336,0,0
bb:cf:d3:a2:b5:52,0,1,70,0,0,1,70,0,0
34:1c:f0:93:83:da,0,17,3806,0,0,17,3806,0,0
7c:fd:6b:52:0d:12,0,151,31054,0,0,151,31054,0,0
f2:c5:52:5f:00:3c,0,18,7159,0,0,18,7159,0,0
f2:78:18:9f:00:3c,0,19,7576,0,0,19,7576,0,0
b0:a4:60:74:a8:c4,0,7,2177,0,0,7,2177,0,0
1c:02:19:55:6b:6b,0,13,4348,0,0,13,4348,0,0
f2:c5:51:3f:00:3c,0,16,6672,0,0,16,6672,0,0
52:86:21:3e:a7:40,0,8,1431,0,0,8,1431,0,0
f2:6d:14:8f:00:28,0,11,4587,0,0,11,4587,0,0
f2:6d:1d:5f:00:28,0,12,4657,0,0,12,4657,0,0
e0:cc:f8:43:c1:44,0,12,2694,0,0,12,2694,0,0
f2:78:18:cf:00:28,0,9,3753,0,0,9,3753,0,0
f2:6d:19:6f:00:3c,0,9,3753,0,0,9,3753,0,0
f2:c5:51:0f:00:3c,0,12,5004,0,0,12,5004,0,0
71:fa:cb:e6:07:75,0,4,280,0,0,4,280,0,0
f2:76:2a:ef:00:28,0,9,3406,0,0,9,3406,0,0
b6:68:76:fe:eb:5c,0,2,368,0,0,2,368,0,0
6f:9b:b1:b3:e4:c0,0,3,228,0,0,3,228,0,0
ff:ff:ff:ff:a3:29,0,1,84,0,0,1,84,0,0
33:33:ff:b9:49:f4,0,3,540,0,0,0,0,3,540
98:ca:33:ac:08:e6,0,38,8288,0,0,38,8288,0,0
10:82:d7:98:cc:4d,0,39,5946,0,0,39,5946,0,0
4c:20:b8:79:ae:b0,0,10,2148,0,0,10,2148,0,0
98:69:8a:5b:4d:04,0,18,3847,0,0,18,3847,0,0
f8:e9:4e:7e:da:15,0,25,6634,0,0,25,6634,0,0
bc:6e:ff:3b:ca:85,0,25,1750,0,0,25,1750,0,0
f2:6d:21:df:00:28,0,12,5004,0,0,12,5004,0,0
f8:89:12:b2:09:bf,0,1,155,0,0,1,155,0,0
4e:8f:76:85:55:05,0,1,155,0,0,0,0,1,155
b5:54:04:00:f0:2c,0,1,88,0,0,1,88,0,0
6c:c7:ec:64:45:86,0,21,4936,0,0,21,4936,0,0
cc:6b:1e:30:a1:37,0,12,4458,0,0,12,4458,0,0
f2:76:2a:bf:00:28,0,10,4170,0,0,10,4170,0,0
7c:a4:49:81:4c:aa,0,4,948,0,0,4,948,0,0
f2:ca:a9:ff:00:28,0,8,3336,0,0,8,3336,0,0
f2:76:2a:2f:00:28,0,4,1668,0,0,4,1668,0,0
f4:26:79:1e:3e:21,0,19,3540,0,0,19,3540,0,0
a8:6d:aa:2e:cf:93,0,18,12095,0,0,18,12095,0,0
34:b9:8d:38:0b:f9,0,76,18136,0,0,76,18136,0,0
05:00:80:e1:01:00,0,1,88,0,0,1,88,0,0
8c:98:6b:ef:fb:c8,0,15,5316,0,0,15,5316,0,0
84:ef:18:7e:8b:3c,0,16,7299,0,0,16,7299,0,0
33:33:ff:c8:65:e4,0,4,720,0,0,0,0,4,720
c8:44:43:d8:ca:84,0,1,70,0,0,1,70,0,0
04:00:d0:5f:ff:ff,0,2,176,0,0,2,176,0,0
04:00:40:d9:ff:ff,0,1,88,0,0,1,88,0,0
f2:76:0e:cf:00:28,0,4,1668,0,0,4,1668,0,0
ac:12:03:3a:4f:44,0,9,2667,0,0,9,2667,0,0
a7:48:0c:07:ac:14,0,3,210,0,0,0,0,3,210
c1:9f:6d:25:42:ba,0,2,152,0,0,1,76,1,76
c1:9f:6d:25:52:81,0,1,70,0,0,1,70,0,0
a7:30:6d:25:42:ba,0,1,70,0,0,0,0,1,70
c1:9f:6d:25:c0:e0,0,3,228,0,0,0,0,3,228
c1:9f:6d:25:cc:ab,0,2,140,0,0,2,140,0,0
f9:9f:6d:25:c0:e0,0,2,140,0,0,0,0,2,140
c1:9f:6d:25:81:4d,0,5,380,0,0,1,76,4,304
60:3a:af:7b:c7:39,0,14,2787,0,0,14,2787,0,0
05:00:90:e2:0f:00,0,1,88,0,0,1,88,0,0
94:bf:db:29:0f:00,0,3,216,0,0,3,216,0,0
05:00:d0:e2:03:00,0,1,88,0,0,1,88,0,0
f7:1b:b1:b6:96:b7,0,1,70,0,0,1,70,0,0
8c:98:6b:ed:57:d6,0,208,75379,0,0,208,75379,0,0
05:00:10:e3:0f:00,0,1,88,0,0,1,88,0,0
b0:58:9c:e6:98:7a,0,2,236,0,0,2,236,0,0
52:4f:be:e8:6b:e8,0,2,236,0,0,0,0,2,236
05:00:50:e3:0d:00,0,1,88,0,0,0,0,1,88
05:00:a0:e3:07:00,0,1,88,0,0,0,0,1,88
e1:67:b7:7f:6b:43,0,1,166,0,0,1,166,0,0
bb:6c:c1:ab:73:1d,0,1,166,0,0,0,0,1,166
73:84:8e:eb:7e:0e,0,1,166,0,0,0,0,1,166
00:a0:01:07:ac:14,0,1,166,0,0,0,0,1,166
cb:25:b5:54:71:06,0,11,770,0,0,11,770,0,0
5e:2c:04:e5:ca:83,0,1,70,0,0,1,70,0,0
4e:61:0c:07:ac:14,0,2,140,0,0,0,0,2,140
ff:ff:ff:ff:4b:a8,0,1,84,0,0,1,84,0,0
d2:c7:07:75:f6:f3,0,10,700,0,0,10,700,0,0
a4:20:0c:07:ac:14,0,1,70,0,0,0,0,1,70
78:34:cd:61:b5:52,0,1,70,0,0,1,70,0,0
b5:54:04:00:60:83,0,1,88,0,0,1,88,0,0
ff:fe:ff:ff:ff:ff,0,1,88,0,0,0,0,1,88
b5:54:04:00:80:83,0,2,158,0,0,2,158,0,0
bf:ff:ff:ff:ff:ff,0,2,158,0,0,0,0,2,158
94:bf:db:29:b9:07,0,2,146,0,0,2,146,0,0
8f:fb:bf:c7:70:eb,0,2,146,0,0,2,146,0,0
ff:ff:ff:ff:9b:ab,0,2,160,0,0,2,160,0,0
b9:e5:e6:f4:14:cc,0,2,146,0,0,2,146,0,0
ff:ff:ff:ff:3a:a5,0,1,84,0,0,1,84,0,0
6f:9b:b1:b3:ee:3d,0,2,146,0,0,2,146,0,0
ff:ff:ff:ff:a2:20,0,1,84,0,0,1,84,0,0
b5:54:04:00:c0:83,0,1,88,0,0,1,88,0,0
fb:ff:ff:ff:ff:ff,0,5,398,0,0,0,0,5,398
ff:ff:ff:ff:4a:a1,0,1,84,0,0,1,84,0,0
f2:6d:19:3f:00:3c,0,10,4170,0,0,10,4170,0,0
88:1e:5a:b6:0b:41,0,41,14016,0,0,41,14016,0,0
05:00:f0:e3:ff:ff,0,2,158,0,0,2,158,0,0
05:00:f0:e4:01:00,0,1,88,0,0,1,88,0,0
40:1a:58:0f:aa:19,0,5,1178,0,0,5,1178,0,0
20:34:fb:84:33:91,0,75,14069,0,0,75,14069,0,0
a0:9a:d1:b1:5a:b6,0,1,154,0,0,1,154,0,0
10:82:d7:27:9e:ed,0,11,2006,0,0,11,2006,0,0
c8:5e:a9:f4:e1:24,0,7,2177,0,0,7,2177,0,0
10:b1:df:52:ee:47,0,4,1244,0,0,4,1244,0,0
a4:20:cb:25:b5:55,0,7,490,0,0,0,0,7,490
f2:6d:10:ff:00:3c,0,10,4170,0,0,10,4170,0,0
f2:76:10:1f:00:3c,0,12,5004,0,0,12,5004,0,0
71:ec:d4:87:96:b7,0,6,420,0,0,6,420,0,0
e7:26:ec:1f:b5:50,0,1,70,0,0,1,70,0,0
e7:26:ec:1f:96:b7,0,2,140,0,0,2,140,0,0
df:ca:d6:13:96:b7,0,1,70,0,0,1,70,0,0
71:ec:d4:87:6d:25,0,5,350,0,0,5,350,0,0
e7:26:ec:1f:6d:25,0,1,70,0,0,1,70,0,0
05:00:20:e6:01:00,0,2,158,0,0,0,0,2,158
df:ca:d6:13:ca:83,0,1,70,0,0,1,70,0,0
9f:74:e5:32:96:b7,0,3,210,0,0,3,210,0,0
04:5f:7f:35:96:b7,0,1,70,0,0,1,70,0,0
cb:25:b5:54:76:9b,0,1,76,0,0,0,0,1,76
cb:25:b5:54:af:92,0,1,70,0,0,1,70,0,0
0e:8c:b5:54:76:9b,0,1,70,0,0,0,0,1,70
b5:54:b8:f7:aa:e0,0,2,146,0,0,2,146,0,0
ff:ff:ff:ff:48:22,0,1,84,0,0,1,84,0,0
b5:55:cc:3b:96:b7,0,1,70,0,0,1,70,0,0
46:e9:85:5b:96:b7,0,1,70,0,0,1,70,0,0
e7:26:ec:1f:ca:84,0,1,70,0,0,1,70,0,0
0c:fd:ee:a4:07:75,0,1,70,0,0,1,70,0,0
ff:ff:ff:ff:a0:a3,0,1,84,0,0,1,84,0,0
8c:55:4a:39:db:13,0,233,57638,0,0,233,57638,0,0
01:00:5e:00:00:01,0,70,13020,0,0,0,0,70,13020
05:00:40:e7:01:00,0,2,158,0,0,2,158,0,0
05:00:50:e7:01:00,0,1,88,0,0,1,88,0,0
f6:f3:a4:20:b5:52,0,6,420,0,0,6,420,0,0
ff:ff:ff:ff:98:21,0,1,84,0,0,1,84,0,0
ec:73:79:a3:2c:b2,0,42,12149,0,0,42,12149,0,0
65:7a:af:b6:b5:53,0,1,70,0,0,1,70,0,0
9f:74:e5:32:ca:84,0,1,70,0,0,1,70,0,0
05:00:a0:e7:01:00,0,2,158,0,0,2,158,0,0
68:bf:85:f6:45:86,0,2,146,0,0,2,146,0,0
05:00:c0:e7:01:00,0,2,158,0,0,2,158,0,0
68:bf:85:f6:01:00,0,3,216,0,0,3,216,0,0
05:00:d0:e7:01:00,0,1,88,0,0,1,88,0,0
05:00:10:e8:01:00,0,1,88,0,0,1,88,0,0
bc:32:b2:c3:16:0d,0,204,45300,0,0,204,45300,0,0
33:33:ff:b6:20:dd,0,1,180,0,0,0,0,1,180
20:0e:2b:f0:02:13,0,2,361,0,0,2,361,0,0
f2:6d:14:ef:00:3c,0,13,4380,0,0,13,4380,0,0
33:33:ff:c6:b8:ec,0,3,540,0,0,0,0,3,540
05:00:60:e8:01:00,0,1,88,0,0,1,88,0,0
98:a5:f9:c9:2e:ea,0,14,5606,0,0,14,5606,0,0
05:00:70:e8:01:00,0,1,88,0,0,1,88,0,0
f2:d1:20:bf:00:3c,0,15,6255,0,0,15,6255,0,0
28:16:7f:1e:0a:6f,0,17,6728,0,0,17,6728,0,0
05:00:90:e8:01:00,0,1,88,0,0,1,88,0,0
fe:6a:cb:25:b5:55,0,2,140,0,0,0,0,2,140
a0:78:17:a6:2c:5d,0,47,14749,0,0,47,14749,0,0
f2:6d:1d:bf:00:28,0,6,2502,0,0,6,2502,0,0
64:bc:58:3b:a2:6d,0,50,9740,0,0,50,9740,0,0
8a:5d:53:73:b5:54,0,2,146,0,0,0,0,2,146
8b:5d:b5:54:04:00,0,2,140,0,0,1,70,1,70
a5:c3:8b:5d:b5:53,0,3,210,0,0,3,210,0,0
96:b7:05:00:a0:e8,0,2,158,0,0,2,158,0,0
96:b7:05:00:a0:e9,0,1,88,0,0,1,88,0,0
b4:0e:de:d2:e6:3c,0,7,2177,0,0,7,2177,0,0
f2:76:15:ef:00:3c,0,17,6395,0,0,17,6395,0,0
80:91:33:99:7d:35,0,15,4141,0,0,15,4141,0,0
3d:f9:9a:ca:b5:50,0,1,70,0,0,1,70,0,0
f2:6d:19:6f:00:28,0,8,3336,0,0,8,3336,0,0
05:00:40:ea:0f:00,0,1,88,0,0,1,88,0,0
9f:02:dc:1b:96:b7,0,1,166,0,0,1,166,0,0
1a:09:46:d8:b5:52,0,1,70,0,0,1,70,0,0
51:12:0c:07:ac:14,0,1,70,0,0,0,0,1,70
42:ba:d1:bb:82:78,0,2,146,0,0,2,146,0,0
04:00:e0:d9:ff:ff,0,1,88,0,0,1,88,0,0
b5:54:ea:2d:f9:05,0,31,2170,0,0,0,0,31,2170
d2:71:18:d5:b6:e4,0,1,76,0,0,0,0,1,76
d2:71:18:d5:74:ea,0,1,70,0,0,1,70,0,0
65:c4:18:d5:b6:e4,0,1,70,0,0,0,0,1,70
17:96:58:54:ac:14,0,2,146,0,0,0,0,2,146
d4:d3:87:3c:ee:1e,0,3,210,0,0,0,0,3,210
11:f3:9f:74:e5:32,0,1,70,0,0,0,0,1,70
4c:e6:c0:a4:89:56,0,75,28595,0,0,75,28595,0,0
08:25:25:44:16:8b,0,42,11860,0,0,42,11860,0,0
fc:e2:6c:05:f0:c5,0,13,6046,0,0,13,6046,0,0
04:e5:98:ee:4f:7c,0,65,10938,0,0,65,10938,0,0
68:bf:85:f6:69:96,0,2,146,0,0,2,146,0,0
05:00:50:eb:01:00,0,1,88,0,0,1,88,0,0
60:30:d4:7e:05:5a,0,52,19236,0,0,52,19236,0,0
6c:7e:67:d7:26:6f,0,27,13044,0,0,27,13044,0,0
60:7b:6b:1e:b5:51,0,1,70,0,0,1,70,0,0
05:00:a0:eb:01:00,0,1,88,0,0,1,88,0,0
f2:c5:4d:df:00:3c,0,10,3823,0,0,10,3823,0,0
04:00:50:81:ff:ff,0,2,176,0,0,2,176,0,0
05:00:c0:eb:01:00,0,2,158,0,0,2,158,0,0
05:00:d0:eb:01:00,0,2,158,0,0,2,158,0,0
05:00:e0:eb:01:00,0,1,88,0,0,1,88,0,0
cb:5c:11:f3:68:bf,0,1,76,0,0,0,0,1,76
e5:32:11:f3:68:bf,0,1,70,0,0,0,0,1,70
9f:74:e5:32:ca:80,0,1,70,0,0,1,70,0,0
05:00:20:ec:03:00,0,1,88,0,0,1,88,0,0
4b:4a:d0:62:ca:84,0,2,140,0,0,2,140,0,0
ba:a6:f5:05:1a:01,0,2,602,0,0,2,602,0,0
f2:c5:51:3f:00:28,0,2,834,0,0,2,834,0,0
f8:9e:94:0f:1b:7b,0,6,2714,0,0,6,2714,0,0
cb:5c:11:f3:45:2e,0,1,76,0,0,0,0,1,76
af:b6:11:f3:45:2e,0,1,70,0,0,0,0,1,70
bc:a5:a9:ad:66:6a,0,23,7714,0,0,23,7714,0,0
05:00:e0:ec:03:00,0,2,158,0,0,2,158,0,0
f2:6d:1b:7f:00:3c,0,13,5421,0,0,13,5421,0,0
f2:6d:0e:5f:00:28,0,7,2919,0,0,7,2919,0,0
f2:6d:23:5f:00:28,0,10,4170,0,0,10,4170,0,0
f2:76:0f:bf:00:28,0,11,3893,0,0,11,3893,0,0
33:33:ff:08:7e:ab,0,7,1260,0,0,0,0,7,1260
80:d2:1d:c3:c6:73,0,48,8550,0,0,48,8550,0,0
05:00:20:ed:01:00,0,1,88,0,0,1,88,0,0
05:00:30:ed:01:00,0,2,158,0,0,2,158,0,0
f2:6d:18:df:00:3c,0,11,4587,0,0,11,4587,0,0
fc:1d:2a:4d:4a:ac,0,122,18284,0,0,122,18284,0,0
9f:74:e5:32:ca:85,0,2,140,0,0,2,140,0,0
d8:9c:67:61:01:19,0,14,4025,0,0,14,4025,0,0
56:41:30:f8:18:d5,0,1,70,0,0,1,70,0,0
70:d1:c7:7a:18:d5,0,1,70,0,0,1,70,0,0
a2:89:83:52:d3:93,0,1,1404,0,0,1,1404,0,0
c5:dc:c6:d1:e4:0d,0,1,1404,0,0,0,0,1,1404
b5:54:04:00:00:2e,0,1,88,0,0,1,88,0,0
18:d5:8e:9a:33:e4,0,4,280,0,0,0,0,4,280
11:f3:df:ca:d6:13,0,1,70,0,0,0,0,1,70
f2:6d:2a:7f:00:3c,0,13,5421,0,0,13,5421,0,0
3c:a6:f6:22:69:41,0,55,22362,0,0,55,22362,0,0
04:00:10:82:ff:ff,0,1,88,0,0,0,0,1,88
c1:9f:6d:25:46:a4,0,7,532,0,0,0,0,7,532
f2:6d:1f:3f:00:3c,0,11,4587,0,0,11,4587,0,0
05:00:f0:ed:7f:00,0,1,88,0,0,1,88,0,0
cb:5c:11:f3:a7:12,0,1,70,0,0,1,70,0,0
f8:ff:0c:07:ac:14,0,1,70,0,0,0,0,1,70
cb:5c:11:f3:c8:8c,0,1,70,0,0,1,70,0,0
26:7f:96:b7:05:00,0,1,70,0,0,0,0,1,70
7b:ac:3b:dc:b5:54,0,1,70,0,0,1,70,0,0
f0:6c:5d:aa:19:2a,0,52,11538,0,0,52,11538,0,0
f2:76:2a:ef:00:3c,0,7,2919,0,0,7,2919,0,0
f2:6d:27:af:00:3c,0,11,4587,0,0,11,4587,0,0
04:00:20:82:ff:ff,0,2,176,0,0,2,176,0,0
34:b9:8d:63:63:5b,0,43,7596,0,0,43,7596,0,0
f2:6d:22:9f:00:3c,0,17,6048,0,0,17,6048,0,0
f2:76:0f:ef:00:3c,0,11,4587,0,0,11,4587,0,0
f2:6d:29:ef:00:3c,0,11,4587,0,0,11,4587,0,0
b0:be:83:15:54:95,0,31,18048,0,0,31,18048,0,0
f2:c5:4d:4f:00:28,0,10,3823,0,0,10,3823,0,0
30:ab:6a:2f:87:d4,0,79,12022,0,0,79,12022,0,0
74:f2:fa:36:9b:bd,0,38,16577,0,0,38,16577,0,0
3c:19:5e:7e:0a:18,0,57,12590,0,0,57,12590,0,0
3b:b4:95:c9:93:25,0,2,146,0,0,2,146,0,0
60:7b:6b:1e:b5:52,0,1,70,0,0,1,70,0,0
05:00:b0:ee:03:00,0,1,88,0,0,1,88,0,0
f2:76:10:1f:00:28,0,5,2085,0,0,5,2085,0,0
04:00:40:82:ff:ff,0,1,88,0,0,1,88,0,0
04:00:80:82:ff:ff,0,2,176,0,0,2,176,0,0
65:7a:af:b6:b5:52,0,1,70,0,0,1,70,0,0
c8:44:43:d8:96:b7,0,1,70,0,0,1,70,0,0
04:00:d0:b1:ff:ff,0,4,334,0,0,4,334,0,0
05:00:10:ef:01:00,0,2,158,0,0,2,158,0,0
05:00:20:ef:01:00,0,2,158,0,0,2,158,0,0
04:00:90:82:ff:ff,0,1,88,0,0,1,88,0,0
05:00:30:ef:01:00,0,1,88,0,0,1,88,0,0
c8:94:02:a8:2b:a1,0,7,1805,0,0,7,1805,0,0
04:00:a0:82:ff:ff,0,2,176,0,0,2,176,0,0
b0:54:08:93:ca:84,0,1,70,0,0,1,70,0,0
74:40:bb:4d:09:65,0,12,2959,0,0,12,2959,0,0
33:33:ff:a7:fa:f1,0,37,6660,0,0,0,0,37,6660
f2:6d:20:2f:00:3c,0,12,5004,0,0,12,5004,0,0
a8:4a:28:f0:1a:09,0,6,2196,0,0,6,2196,0,0
f2:76:16:af:00:3c,0,15,6255,0,0,15,6255,0,0
08:6a:c5:5c:4d:dd,0,8,3086,0,0,8,3086,0,0
20:1e:88:71:82:1b,0,9,1700,0,0,9,1700,0,0
10:3f:44:83:67:82,0,62,18001,0,0,62,18001,0,0
71:fa:cb:e6:ca:85,0,1,70,0,0,1,70,0,0
2c:a7:ef:76:e9:7f,0,58,9308,0,0,58,9308,0,0
c8:e2:65:d0:66:55,0,20,5564,0,0,20,5564,0,0
f2:76:0f:bf:00:3c,0,9,3753,0,0,9,3753,0,0
d2:71:18:d5:6d:c1,0,2,152,0,0,1,76,1,76
b4:00:c5:00:c4:0a,0,1,76,0,0,0,0,1,76
ea:4a:18:d5:6d:c1,0,2,140,0,0,1,70,1,70
c4:00:99:00:f8:89,0,1,70,0,0,0,0,1,70
f2:6d:23:2f:00:28,0,7,2919,0,0,7,2919,0,0
85:84:83:40:ca:81,0,4,280,0,0,4,280,0,0
05:b6:c5:17:b5:50,0,1,70,0,0,1,70,0,0
1c:91:80:e6:14:80,0,14,4190,0,0,14,4190,0,0
b4:ae:c1:59:ec:39,0,5,1379,0,0,5,1379,0,0
18:fa:b7:09:d3:6d,0,46,23062,0,0,46,23062,0,0
50:eb:71:2d:8b:c4,0,6,1866,0,0,6,1866,0,0
f2:6d:2a:4f:00:28,0,10,4170,0,0,10,4170,0,0
88:52:eb:ca:a1:62,0,69,10878,0,0,69,10878,0,0
6c:6a:77:db:8b:ed,0,18,3878,0,0,18,3878,0,0
b0:6e:72:5c:51:cb,0,269,41174,0,0,269,41174,0,0
74:40:bb:36:79:27,0,14,2156,0,0,14,2156,0,0
05:00:b0:ef:01:00,0,1,88,0,0,0,0,1,88
92:83:58:cc:b5:50,0,1,70,0,0,1,70,0,0
7c:d9:5c:3c:c6:09,0,48,16596,0,0,48,16596,0,0
f2:6d:1d:bf:00:3c,0,3,1251,0,0,3,1251,0,0
30:94:35:10:db:b3,0,1,164,0,0,1,164,0,0
ac:d6:18:4c:63:20,0,35,6654,0,0,35,6654,0,0
90:d4:73:4f:c4:aa,0,201,30970,0,0,201,30970,0,0
04:00:c0:82:ff:ff,0,1,88,0,0,1,88,0,0
bc:d0:74:97:4e:80,0,4,3596,0,0,4,3596,0,0
f2:c5:50:7f:00:28,0,6,2502,0,0,6,2502,0,0
f8:89:d2:31:1b:d5,0,1,154,0,0,1,154,0,0
2e:86:d2:71:18:d5,0,1,384,0,0,1,384,0,0
b5:54:04:00:c0:2e,0,1,88,0,0,1,88,0,0
18:d5:33:fd:86:78,0,2,146,0,0,2,146,0,0
00:00:6b:d4:00:20,0,3,530,0,0,3,530,0,0
b5:54:04:00:e0:2e,0,1,88,0,0,1,88,0,0
18:d5:69:df:6d:2d,0,5,362,0,0,5,362,0,0
74:f2:fa:4b:53:4a,0,129,21458,0,0,129,21458,0,0
33:33:ff:ab:35:e8,0,1,180,0,0,0,0,1,180
f2:6d:1e:7f:00:28,0,11,4240,0,0,11,4240,0,0
04:00:10:83:ff:ff,0,4,316,0,0,4,316,0,0
f2:6d:23:2f:00:3c,0,11,4587,0,0,11,4587,0,0
04:00:20:83:ff:ff,0,3,264,0,0,3,264,0,0
38:d5:7a:99:63:99,0,7,1692,0,0,7,1692,0,0
3c:a6:f6:49:fb:95,0,58,48058,0,0,58,48058,0,0
54:6c:eb:cc:41:c4,0,15,3723,0,0,15,3723,0,0
f2:c5:53:7f:00:28,0,9,3753,0,0,9,3753,0,0
d2:71:18:d5:de:c6,0,2,152,0,0,2,152,0,0
b4:00:ba:00:c4:0a,0,2,152,0,0,0,0,2,152
94:3c:18:d5:de:c6,0,2,140,0,0,2,140,0,0
c4:00:8e:00:f8:89,0,2,140,0,0,0,0,2,140
8b:5d:18:d5:de:c6,0,2,140,0,0,2,140,0,0
7c:c0:6f:50:3a:18,0,7,1691,0,0,7,1691,0,0
b0:be:83:3e:7a:69,0,13,8906,0,0,13,8906,0,0
50:c2:e8:c2:55:bb,0,51,10761,0,0,51,10761,0,0
7c:21:4a:3a:a2:28,0,21,4884,0,0,21,4884,0,0
04:00:a0:83:ff:ff,0,2,176,0,0,2,176,0,0
04:00:20:84:ff:ff,0,2,176,0,0,2,176,0,0
33:33:ff:9d:d3:68,0,69,12420,0,0,0,0,69,12420
04:00:40:84:ff:ff,0,2,176,0,0,2,176,0,0
99:f7:a7:48:18:d5,0,2,140,0,0,2,140,0,0
e0:80:6b:ea:2e:2a,0,69,11186,0,0,69,11186,0,0
04:00:b0:84:ff:ff,0,1,88,0,0,1,88,0,0
04:00:c0:84:ff:ff,0,2,176,0,0,2,176,0,0
c5:c2:30:2e:e6:b7,0,1,190,0,0,1,190,0,0
55:24:ef:e8:5b:ef,0,1,190,0,0,0,0,1,190
dd:31:71:19:e6:b7,0,1,88,0,0,1,88,0,0
04:00:e0:84:ff:ff,0,2,176,0,0,2,176,0,0
f2:76:16:7f:00:3c,0,16,6325,0,0,16,6325,0,0
04:00:00:85:ff:ff,0,3,264,0,0,3,264,0,0
9c:28:f7:ba:71:e3,0,221,56001,0,0,221,56001,0,0
04:00:30:85:ff:ff,0,3,246,0,0,3,246,0,0
04:00:40:85:ff:ff,0,2,176,0,0,2,176,0,0
04:00:50:85:ff:ff,0,2,176,0,0,2,176,0,0
f2:6d:1c:ff:00:28,0,9,3753,0,0,9,3753,0,0
04:00:70:85:ff:ff,0,2,176,0,0,2,176,0,0
04:00:80:85:ff:ff,0,2,176,0,0,2,176,0,0
04:00:90:85:ff:ff,0,1,88,0,0,1,88,0,0
33:33:ff:6e:31:eb,0,2,360,0,0,0,0,2,360
04:bd:bf:dc:cb:0b,0,70,11364,0,0,70,11364,0,0
bc:6e:ff:3b:b5:51,0,29,2030,0,0,29,2030,0,0
a9:6a:ed:1f:1c:d9,0,1,70,0,0,1,70,0,0
3f:5a:ea:68:1c:d9,0,3,210,0,0,3,210,0,0
13:3b:e4:86:1c:d9,0,1,70,0,0,1,70,0,0
c4:0a:cb:25:e6:34,0,6,1635,0,0,5,1565,1,70
74:14:1d:aa:69:f2,0,6,456,0,0,6,456,0,0
44:d5:cc:58:d6:e6,0,12,5304,0,0,12,5304,0,0
6f:9b:b1:b3:14:80,0,2,152,0,0,2,152,0,0
16:ea:ee:fb:97:43,0,1,217,0,0,1,217,0,0
b4:31:61:e1:10:03,0,31,5330,0,0,31,5330,0,0
f2:6d:28:3f:00:3c,0,9,3753,0,0,9,3753,0,0
88:46:04:44:8b:34,0,193,35049,0,0,193,35049,0,0
94:ad:23:b7:08:da,0,44,14306,0,0,44,14306,0,0
a0:78:17:5d:96:eb,0,10,2847,0,0,10,2847,0,0
6f:9b:b1:b3:b8:ac,0,2,146,0,0,2,146,0,0
ff:ff:ff:ff:a1:aa,0,1,84,0,0,1,84,0,0
f2:6d:27:4f:00:3c,0,16,6672,0,0,16,6672,0,0
28:c5:38:16:1e:8f,0,12,4935,0,0,12,4935,0,0
d0:ab:d5:35:a9:12,0,14,3539,0,0,14,3539,0,0
00:93:37:fb:2b:d3,0,31,6456,0,0,31,6456,0,0
bc:d0:74:2e:0e:b7,0,2,1627,0,0,2,1627,0,0
33:33:ff:ce:4c:ff,0,1,172,0,0,0,0,1,172
6e:35:9c:e4:19:a5,0,3,660,0,0,3,660,0,0
f2:6d:22:0f:00:28,0,8,3336,0,0,8,3336,0,0
f2:6d:1f:9f:00:28,0,7,2919,0,0,7,2919,0,0
c7:1f:4a:39:db:13,0,1,70,0,0,1,70,0,0
d2:71:18:d5:d8:d7,0,7,532,0,0,5,380,2,152
b4:00:e0:00:c4:0a,0,5,380,0,0,0,0,5,380
99:28:18:d5:d8:d7,0,5,350,0,0,4,280,1,70
c4:00:b4:00:f8:89,0,4,280,0,0,0,0,4,280
d2:71:18:d5:98:28,0,1,76,0,0,1,76,0,0
b4:00:e9:00:c4:0a,0,1,76,0,0,0,0,1,76
d6:37:18:d5:98:28,0,1,70,0,0,1,70,0,0
c4:00:bd:00:f8:89,0,1,70,0,0,0,0,1,70
8b:5d:18:d5:98:28,0,1,70,0,0,1,70,0,0
f2:6d:1d:5f:00:3c,0,6,2502,0,0,6,2502,0,0
fc:b3:bc:97:c9:7b,0,12,2164,0,0,12,2164,0,0
18:d5:10:9a:99:28,0,2,140,0,0,0,0,2,140
e0:d4:e8:97:5d:51,0,3,480,0,0,3,480,0,0
07:75:bc:e7:cf:df,0,9,630,0,0,0,0,9,630
e0:9d:31:14:6d:f4,0,2,622,0,0,2,622,0,0
17:96:58:54:6d:f4,0,2,146,0,0,2,146,0,0
64:bc:58:3b:2d:1a,0,4,466,0,0,4,466,0,0
38:87:d5:c4:78:d6,0,9,1805,0,0,9,1805,0,0
e0:d0:45:67:47:d8,0,1,160,0,0,1,160,0,0
30:89:4a:70:10:66,0,3,390,0,0,3,390,0,0
d2:71:18:d5:05:30,0,1,88,0,0,0,0,1,88
08:6a:c5:1d:62:58,0,8,1481,0,0,8,1481,0,0
2c:6d:c1:4c:b4:9f,0,3,498,0,0,3,498,0,0
c4:75:ab:3c:c7:56,0,10,1242,0,0,10,1242,0,0
f2:76:12:ef:00:3c,0,16,6672,0,0,16,6672,0,0
f2:76:20:6f:00:3c,0,15,6255,0,0,15,6255,0,0
f3:f2:60:88:b5:54,0,3,210,0,0,3,210,0,0
6f:9b:b1:b3:42:0b,0,2,152,0,0,2,152,0,0
ff:ff:ff:ff:71:a9,0,1,84,0,0,1,84,0,0
80:ce:b9:8d:ef:48,0,2,488,0,0,2,488,0,0
a8:4a:28:31:24:ee,0,131,47440,0,0,131,47440,0,0
92:c4:cc:ee:3b:8f,0,4,500,0,0,4,500,0,0
f2:76:18:2f:00:3c,0,15,5561,0,0,15,5561,0,0
17:96:58:54:00:3c,0,4,292,0,0,4,292,0,0
8c:b8:7e:b5:09:f0,0,18,8230,0,0,18,8230,0,0
5c:e4:2a:0b:21:97,0,7,2124,0,0,7,2124,0,0
48:e2:44:f5:44:d9,0,17,3787,0,0,17,3787,0,0
ff:ff:ff:ff:e9:2c,0,1,84,0,0,1,84,0,0
f2:6d:18:7f:00:3c,0,8,3336,0,0,8,3336,0,0
04:00:00:5d:03:00,0,1,88,0,0,1,88,0,0
04:00:00:5d:07:00,0,1,88,0,0,1,88,0,0
1e:fe:0b:41:f7:ab,0,1,189,0,0,1,189,0,0
88:41:3e:f3:7f:81,0,1,189,0,0,0,0,1,189
b5:54:04:00:80:2f,0,2,176,0,0,2,176,0,0
d2:71:18:d5:ae:36,0,2,152,0,0,1,76,1,76
d2:71:18:d5:8e:9a,0,1,70,0,0,1,70,0,0
33:e4:18:d5:ae:36,0,2,140,0,0,1,70,1,70
8b:5d:18:d5:ae:36,0,4,280,0,0,2,140,2,140
d2:71:18:d5:97:c7,0,1,70,0,0,1,70,0,0
1e:29:18:d5:ae:36,0,1,70,0,0,0,0,1,70
b8:99:74:f0:b5:50,0,3,210,0,0,3,210,0,0
b8:99:74:f0:b5:51,0,3,210,0,0,3,210,0,0
4c:52:b7:0f:18:d5,0,1,70,0,0,1,70,0,0
b5:54:26:74:87:8e,0,1,70,0,0,0,0,1,70
2d:00:00:00:00:00,0,5,374,0,0,5,374,0,0
07:75:c1:e0:ea:9d,0,2,140,0,0,0,0,2,140
cb:25:b5:54:e4:ee,0,1,76,0,0,0,0,1,76
cb:25:b5:54:9d:d4,0,1,70,0,0,1,70,0,0
6c:5e:b5:54:e4:ee,0,1,70,0,0,0,0,1,70
25:00:00:00:00:00,0,3,234,0,0,3,234,0,0
ff:ff:ff:ff:01:ad,0,3,230,0,0,3,230,0,0
18:d5:ea:c0:3b:6b,0,2,140,0,0,0,0,2,140
d2:71:18:d5:1e:6c,0,1,76,0,0,0,0,1,76
d2:71:18:d5:22:f6,0,1,70,0,0,1,70,0,0
0f:99:18:d5:1e:6c,0,1,70,0,0,0,0,1,70
cb:25:b5:54:a5:38,0,7,490,0,0,7,490,0,0
56:52:b5:54:95:cc,0,11,770,0,0,4,280,7,490
f2:6d:1f:ff:00:3c,0,12,5004,0,0,12,5004,0,0
f2:6d:1f:6f:00:3c,0,14,5838,0,0,14,5838,0,0
33:33:ff:00:00:1e,0,1,180,0,0,0,0,1,180
34:e9:11:97:be:95,0,29,8604,0,0,29,8604,0,0
33:33:ff:97:be:95,0,5,860,0,0,0,0,5,860
f2:76:0f:2f:00:3c,0,15,5908,0,0,15,5908,0,0
c2:c7:45:a1:6c:c1,0,24,6818,0,0,24,6818,0,0
33:33:ff:d1:fd:61,0,149,26820,0,0,0,0,149,26820
f2:c5:4d:af:00:3c,0,12,5004,0,0,12,5004,0,0
04:00:70:30:ff:ff,0,1,88,0,0,1,88,0,0
3c:22:fb:b7:59:e2,0,126,42962,0,0,126,42962,0,0
04:00:90:30:ff:ff,0,1,88,0,0,1,88,0,0
3c:19:5e:2b:a5:27,0,25,4679,0,0,25,4679,0,0
2c:a7:ef:9f:04:05,0,1,176,0,0,1,176,0,0
34:6f:24:cd:81:0b,0,14,4234,0,0,14,4234,0,0
f2:77:b3:8f:00:28,0,10,3476,0,0,10,3476,0,0
36:b0:c5:5b:ec:0f,0,7,2686,0,0,7,2686,0,0
4c:63:71:34:f7:ec,0,33,8868,0,0,33,8868,0,0
6f:1a:96:b7:05:00,0,2,140,0,0,0,0,2,140
cb:5c:11:f3:c0:06,0,1,70,0,0,1,70,0,0
5a:4a:96:b7:05:00,0,1,70,0,0,0,0,1,70
f2:c5:53:4f:00:3c,0,11,4587,0,0,11,4587,0,0
f2:6d:1d:ef:00:3c,0,22,8133,0,0,22,8133,0,0
50:76:af:05:b6:b7,0,5,1555,0,0,5,1555,0,0
dc:21:5c:67:c3:7a,0,12,2663,0,0,12,2663,0,0
29:12:c2:ba:d3:c2,0,2,146,0,0,2,146,0,0
04:00:90:86:ff:ff,0,1,88,0,0,1,88,0,0
46:fb:8b:90:24:39,0,2,352,0,0,2,352,0,0
f2:c5:4e:0f:00:3c,0,18,7159,0,0,18,7159,0,0
ee:36:25:9e:b5:53,0,1,70,0,0,1,70,0,0
04:00:a0:86:ff:ff,0,2,176,0,0,1,88,1,88
05:00:70:f0:01:00,0,1,88,0,0,1,88,0,0
04:00:d0:86:ff:ff,0,1,88,0,0,1,88,0,0
04:00:60:87:ff:ff,0,1,88,0,0,1,88,0,0
e4:ec:e8:ff:e2:3f,0,35,5592,0,0,35,5592,0,0
8c:f8:c5:5d:99:d1,0,4,722,0,0,4,722,0,0
f2:78:19:2f:00:3c,0,13,5421,0,0,13,5421,0,0
04:00:90:87:ff:ff,0,1,88,0,0,1,88,0,0
20:34:fb:4d:60:b5,0,23,5754,0,0,23,5754,0,0
14:13:33:69:b5:87,0,19,4950,0,0,19,4950,0,0
0a:e9:e1:ed:7e:01,0,3,216,0,0,3,216,0,0
f2:6d:1e:af:00:28,0,13,5421,0,0,13,5421,0,0
f2:78:19:bf:00:3c,0,14,5838,0,0,14,5838,0,0
b0:68:e6:0c:06:fb,0,11,3160,0,0,11,3160,0,0
f2:76:18:5f:00:28,0,7,2919,0,0,7,2919,0,0
f2:78:bd:6f:00:3c,0,11,4587,0,0,11,4587,0,0
b4:8c:9d:ad:3c:b7,0,7,1933,0,0,7,1933,0,0
dd:99:1b:bd:b5:51,0,1,70,0,0,1,70,0,0
f3:0a:e7:6b:b5:51,0,1,70,0,0,1,70,0,0
34:1c:f0:64:d8:46,0,28,8174,0,0,28,8174,0,0
05:00:f0:f0:41:00,0,1,88,0,0,1,88,0,0
05:00:30:f1:01:00,0,2,158,0,0,2,158,0,0
e8:5a:8b:72:62:3f,0,169,47315,0,0,169,47315,0,0
f4:02:28:8b:6f:6d,0,12,3129,0,0,12,3129,0,0
00:00:0c:07:ac:54,0,1,166,0,0,0,0,1,166
a0:02:dc:1b:36:c9,0,1,166,0,0,1,166,0,0
a0:02:dc:1b:36:d5,0,1,166,0,0,1,166,0,0
00:00:c1:cf:24:a5,0,1,166,0,0,0,0,1,166
6f:9b:b1:b3:1a:67,0,2,146,0,0,2,146,0,0
ff:ff:ff:ff:e3:b7,0,3,224,0,0,3,224,0,0
05:b6:c5:17:b5:52,0,1,70,0,0,1,70,0,0
ff:ff:ff:ff:db:35,0,1,84,0,0,1,84,0,0
04:00:b0:b4:ff:ff,0,1,88,0,0,1,88,0,0
dc:b5:4f:9a:91:b0,0,40,13438,0,0,40,13438,0,0
04:00:d0:88:ff:ff,0,1,88,0,0,1,88,0,0
04:00:d0:b4:ff:ff,0,1,88,0,0,1,88,0,0
58:6c:25:14:4b:c3,0,3,532,0,0,3,532,0,0
04:00:f0:88:ff:ff,0,2,176,0,0,2,176,0,0
f2:76:0e:3f:00:3c,0,14,5491,0,0,14,5491,0,0
f2:6d:27:df:00:3c,0,20,7993,0,0,20,7993,0,0
58:ce:2a:33:5c:7f,0,12,3149,0,0,12,3149,0,0
c8:94:02:47:74:8d,0,25,4670,0,0,25,4670,0,0
04:00:40:89:ff:ff,0,2,176,0,0,1,88,1,88
b4:1a:1d:ba:b4:68,0,2,492,0,0,2,492,0,0
04:00:80:89:ff:ff,0,1,88,0,0,1,88,0,0
cb:2d:ca:85:e8:b5,0,1,70,0,0,1,70,0,0
67:e4:ca:85:04:00,0,1,70,0,0,0,0,1,70
05:00:d0:f1:01:00,0,1,88,0,0,1,88,0,0
11:39:ab:b2:ca:84,0,1,70,0,0,1,70,0,0
cb:5c:11:f3:11:39,0,1,70,0,0,1,70,0,0
ab:b2:0c:07:ac:14,0,1,70,0,0,0,0,1,70
f2:6d:1d:ef:00:28,0,9,3753,0,0,9,3753,0,0
c4:3d:1a:56:75:ed,0,9,2567,0,0,9,2567,0,0
f6:f3:a4:20:ca:84,0,1,70,0,0,1,70,0,0
33:33:ff:35:a4:33,0,1,180,0,0,0,0,1,180
5c:80:b6:91:de:76,0,4,1003,0,0,4,1003,0,0
f2:76:2a:bf:00:3c,0,10,4170,0,0,10,4170,0,0
90:8c:43:dd:02:56,0,5,901,0,0,5,901,0,0
01:00:5e:28:40:0b,0,16,4032,0,0,0,0,16,4032
48:e7:da:43:2d:11,0,17,3582,0,0,17,3582,0,0
99:f7:a7:48:11:f4,0,2,140,0,0,2,140,0,0
f4:db:e3:ef:8b:c2,0,49,16790,0,0,49,16790,0,0
f2:76:17:cf:00:28,0,9,3753,0,0,9,3753,0,0
b4:8c:9d:31:5e:d1,0,2,640,0,0,2,640,0,0
3c:6d:89:15:89:6b,0,10,2566,0,0,10,2566,0,0
f2:6d:1a:2f:00:3c,0,13,4033,0,0,13,4033,0,0
f2:6d:1d:2f:00:28,0,10,4170,0,0,10,4170,0,0
6f:9b:b1:b3:f2:12,0,6,456,0,0,6,456,0,0
44:16:fa:56:29:dc,0,62,10563,0,0,62,10563,0,0
92:02:38:37:2a:8e,0,5,1005,0,0,5,1005,0,0
70:22:fe:c5:df:19,0,64,23385,0,0,64,23385,0,0
85:84:83:40:2a:8e,0,1,70,0,0,1,70,0,0
b4:bb:07:14:b5:52,0,6,420,0,0,6,420,0,0
f2:78:0b:7f:00:3c,0,12,5004,0,0,12,5004,0,0
74:74:46:cd:7e:9a,0,106,22811,0,0,106,22811,0,0
2c:be:eb:60:d3:22,0,6,1569,0,0,6,1569,0,0
f2:6d:1f:cf:00:28,0,8,3336,0,0,8,3336,0,0
f2:76:2b:1f:00:28,0,6,2502,0,0,6,2502,0,0
f2:6d:10:9f:00:28,0,11,4587,0,0,11,4587,0,0
60:a4:b7:e5:b7:58,0,11,2740,0,0,11,2740,0,0
b2:5e:c0:09:e2:3c,0,6,2084,0,0,6,2084,0,0
fe:ff:ff:ff:ff:ff,0,6,480,0,0,5,392,1,88
18:d5:bc:f6:a5:55,0,1,70,0,0,0,0,1,70
10:23:b3:81:b5:54,0,12,840,0,0,12,840,0,0
b5:54:ef:2c:3d:ad,0,10,700,0,0,0,0,10,700
b5:54:f8:e0:ea:00,0,3,210,0,0,0,0,3,210
e0:80:6b:f3:8f:18,0,21,3326,0,0,21,3326,0,0
0c:3b:50:1d:a5:84,0,2,496,0,0,2,496,0,0
10:ec:81:d8:c0:36,0,24,6424,0,0,24,6424,0,0
e4:ec:e8:70:09:bf,0,8,1834,0,0,8,1834,0,0
c8:94:02:a8:6a:c3,0,4,1263,0,0,4,1263,0,0
34:cf:f6:96:4a:01,0,6,1238,0,0,6,1238,0,0
f2:76:0e:ff:00:3c,0,12,5004,0,0,12,5004,0,0
07:9a:37:4f:2e:d2,0,10,700,0,0,10,700,0,0
ff:ff:0f:af:5e:72,0,1,182,0,0,0,0,1,182
b5:55:04:00:d0:31,0,1,88,0,0,1,88,0,0
30:bb:7d:1c:a1:b7,0,16,2964,0,0,16,2964,0,0
f2:6d:28:0f:00:3c,0,15,5214,0,0,15,5214,0,0
f4:02:28:55:65:67,0,26,3986,0,0,26,3986,0,0
44:8c:00:e0:ad:4d,0,270,41166,0,0,270,41166,0,0
cb:25:b5:54:f6:4e,0,1,76,0,0,1,76,0,0
b4:00:f4:00:f8:89,0,1,76,0,0,0,0,1,76
0f:d3:b5:54:f6:4e,0,1,70,0,0,1,70,0,0
c4:00:ca:00:c4:0a,0,2,140,0,0,0,0,2,140
07:75:f3:f2:60:88,0,14,980,0,0,0,0,14,980
f2:c5:52:ef:00:28,0,14,5491,0,0,14,5491,0,0
f2:78:bd:9f:00:28,0,8,2989,0,0,8,2989,0,0
d4:d2:52:c2:a1:7d,0,13,6785,0,0,13,6785,0,0
a5:c3:8b:5d:ca:85,0,12,840,0,0,12,840,0,0
f3:f2:60:88:b5:51,0,7,490,0,0,7,490,0,0
ff:ff:ff:ff:7b:32,0,1,84,0,0,1,84,0,0
6f:9b:b1:b3:e3:72,0,3,228,0,0,3,228,0,0
ff:ff:ff:ff:93:b3,0,1,84,0,0,1,84,0,0
04:00:b0:8c:ff:ff,0,4,298,0,0,4,298,0,0
f2:6d:1b:7f:00:28,0,11,4587,0,0,11,4587,0,0
e0:0a:f6:b7:37:e7,0,45,18316,0,0,43,18108,2,208
33:33:ff:e3:e7:89,0,6,1080,0,0,0,0,6,1080
04:00:d0:8c:ff:ff,0,2,176,0,0,2,176,0,0
a8:ab:b5:48:d8:27,0,3,621,0,0,3,621,0,0
a8:fe:9d:25:63:6b,0,104,35529,0,0,104,35529,0,0
04:00:e0:8c:ff:ff,0,3,264,0,0,3,264,0,0
f0:1f:c7:f2:3d:6f,0,37,12941,0,0,37,12941,0,0
6f:9b:b1:b3:ec:ab,0,2,152,0,0,2,152,0,0
04:00:20:8d:ff:ff,0,1,88,0,0,1,88,0,0
04:00:30:8d:ff:ff,0,1,88,0,0,1,88,0,0
04:00:40:8d:ff:ff,0,1,88,0,0,1,88,0,0
c8:58:95:a7:e3:b7,0,7,1088,0,0,7,1088,0,0
90:0f:0c:96:cc:2f,0,23,7158,0,0,23,7158,0,0
33:33:ff:f7:43:25,0,1,172,0,0,0,0,1,172
d8:d7:82:c2:69:f2,0,3,216,0,0,3,216,0,0
d2:71:18:d5:a9:75,0,3,228,0,0,0,0,3,228
d2:71:18:d5:ea:c0,0,3,210,0,0,3,210,0,0
3b:6b:18:d5:a9:75,0,3,210,0,0,0,0,3,210
b5:54:04:00:f0:31,0,1,88,0,0,1,88,0,0
d2:71:18:d5:68:8d,0,1,76,0,0,1,76,0,0
b4:00:bc:00:c4:0a,0,1,76,0,0,0,0,1,76
a5:55:18:d5:68:8d,0,1,70,0,0,1,70,0,0
c4:00:90:00:f8:89,0,1,70,0,0,0,0,1,70
8b:5d:18:d5:68:8d,0,1,70,0,0,1,70,0,0
f8:89:d2:71:18:cf,0,1,234,0,0,1,234,0,0
e6:08:0c:07:ac:28,0,1,234,0,0,0,0,1,234
b5:54:04:00:50:32,0,1,88,0,0,1,88,0,0
72:cb:b3:46:1d:db,0,4,804,0,0,4,804,0,0
bc:6e:ff:3b:1d:db,0,1,70,0,0,1,70,0,0
64:5d:86:db:09:d4,0,12,3267,0,0,12,3267,0,0
f2:6d:0f:1f:00:28,0,6,2502,0,0,6,2502,0,0
64:49:7d:97:01:0d,0,28,5030,0,0,28,5030,0,0
bc:e7:cf:df:07:75,0,2,140,0,0,2,140,0,0
04:00:e0:8d:ff:ff,0,1,88,0,0,1,88,0,0
f2:78:bd:0f:00:28,0,9,3753,0,0,9,3753,0,0
f2:76:0e:0f:00:28,0,16,5978,0,0,16,5978,0,0
bc:e7:cf:df:b5:52,0,10,700,0,0,10,700,0,0
ff:ff:ff:ff:32:bd,0,1,84,0,0,1,84,0,0
b0:be:83:21:e4:72,0,186,103566,0,0,186,103566,0,0
e8:f7:91:ac:ec:82,0,17,3296,0,0,17,3296,0,0
f2:6d:14:2f:00:3c,0,16,6672,0,0,16,6672,0,0
10:9a:99:28:b5:52,0,1,70,0,0,1,70,0,0
10:9a:99:28:18:d5,0,6,420,0,0,6,420,0,0
f3:f2:60:88:18:d5,0,4,280,0,0,4,280,0,0
b2:b5:b6:1c:81:8b,0,43,15230,0,0,43,15230,0,0
6f:9b:b1:b3:81:8b,0,3,222,0,0,3,222,0,0
fc:1d:2a:4c:27:16,0,1,154,0,0,1,154,0,0
ff:3b:31:04:19:97,0,9,630,0,0,9,630,0,0
d4:00:00:00:a4:55,0,12,840,0,0,0,0,12,840
f8:1a:2b:eb:8a:e4,0,299,45216,0,0,299,45216,0,0
d8:d7:82:c2:c0:40,0,3,216,0,0,3,216,0,0
d4:3b:04:f0:ef:60,0,74,14681,0,0,74,14681,0,0
f3:f2:60:88:b5:52,0,7,490,0,0,7,490,0,0
f2:78:bd:cf:00:3c,0,16,6325,0,0,16,6325,0,0
0c:8d:ca:65:10:9d,0,82,12827,0,0,82,12827,0,0
88:46:04:44:10:96,0,11,2849,0,0,11,2849,0,0
04:00:20:8e:ff:ff,0,1,88,0,0,1,88,0,0
88:66:a5:e6:9b:98,0,44,15261,0,0,44,15261,0,0
b4:85:e1:01:cb:cc,0,85,30348,0,0,85,30348,0,0
33:33:ff:44:41:21,0,6,1080,0,0,0,0,6,1080
33:33:ff:41:3c:29,0,1,180,0,0,0,0,1,180
f3:f2:60:88:ca:80,0,3,210,0,0,3,210,0,0
94:00:00:00:d4:8a,0,5,440,0,0,0,0,5,440
f2:78:0a:5f:00:3c,0,13,5421,0,0,13,5421,0,0
6f:9b:b1:b3:a9:8e,0,2,152,0,0,2,152,0,0
34:1f:bc:6e:ff:3b,0,17,1190,0,0,0,0,17,1190
48:e7:da:aa:c5:b5,0,12,2387,0,0,12,2387,0,0
37:4f:cb:25:b5:55,0,1,70,0,0,0,0,1,70
39:57:2e:d2:ca:df,0,2,152,0,0,1,76,1,76
b4:00:b4:00:c4:0a,0,2,152,0,0,0,0,2,152
f3:e7:2e:d2:ca:df,0,2,140,0,0,1,70,1,70
c4:00:88:00:d4:8a,0,1,70,0,0,0,0,1,70
83:40:b5:55:04:00,0,4,280,0,0,4,280,0,0
d4:00:00:00:d4:8a,0,24,1680,0,0,0,0,24,1680
83:40:31:04:19:97,0,13,910,0,0,13,910,0,0
dc:21:5c:b1:dd:70,0,6,1354,0,0,6,1354,0,0
d8:a4:31:04:19:97,0,1,70,0,0,1,70,0,0
c4:00:03:00:dc:21,0,1,70,0,0,0,0,1,70
f3:f2:60:88:b5:50,0,5,350,0,0,5,350,0,0
a8:4a:28:89:a4:6f,0,46,10718,0,0,46,10718,0,0
6f:9b:b1:b3:51:cb,0,2,146,0,0,2,146,0,0
ff:ff:ff:ff:ce:0a,0,1,84,0,0,1,84,0,0
04:bd:bf:53:ea:73,0,235,35434,0,0,235,35434,0,0
f2:c5:4f:5f:00:3c,0,18,7159,0,0,18,7159,0,0
c4:a0:52:74:66:a5,0,80,18464,0,0,80,18464,0,0
f2:6d:21:af:00:3c,0,12,5004,0,0,12,5004,0,0
b0:be:83:0b:c4:d3,0,32,8332,0,0,32,8332,0,0
33:33:ff:cb:bc:56,0,6,1080,0,0,0,0,6,1080
6f:9b:b1:b3:98:fc,0,1,76,0,0,1,76,0,0
f2:c5:50:1f:00:28,0,9,3753,0,0,9,3753,0,0
00:44:a3:ae:b5:54,0,2,140,0,0,2,140,0,0
6f:9b:b1:b3:66:a5,0,2,152,0,0,2,152,0,0
ff:3b:b5:54:6f:9b,0,1,70,0,0,0,0,1,70
ff:ff:ff:ff:a3:23,0,1,84,0,0,1,84,0,0
5c:ba:ef:97:fe:47,0,2,622,0,0,2,622,0,0
9e:8b:40:71:b5:51,0,1,70,0,0,1,70,0,0
ec:01:ee:b7:1e:c0,0,2,284,0,0,2,284,0,0
04:00:30:b7:ff:ff,0,1,88,0,0,1,88,0,0
2d:b5:64:85:0a:f5,0,1,70,0,0,0,0,1,70
f2:6d:18:7f:00:28,0,10,4170,0,0,10,4170,0,0
38:00:25:94:c1:59,0,11,2351,0,0,11,2351,0,0
04:68:65:0c:7a:5d,0,7,2590,0,0,7,2590,0,0
74:74:46:b9:a7:9a,0,223,45580,0,0,223,45580,0,0
18:e7:b0:94:98:81,0,15,3379,0,0,15,3379,0,0
c4:17:0c:97:11:f3,0,1,70,0,0,1,70,0,0
05:00:10:f3:01:00,0,1,88,0,0,1,88,0,0
05:00:20:f3:01:00,0,1,88,0,0,1,88,0,0
8f:51:02:bb:96:b7,0,1,70,0,0,1,70,0,0
bf:8c:7d:a0:96:b7,0,7,490,0,0,7,490,0,0
6c:d1:99:47:cf:ab,0,189,29279,0,0,189,29279,0,0
a4:90:ce:27:1a:e2,0,7,1170,0,0,7,1170,0,0
05:00:30:f3:05:00,0,2,158,0,0,2,158,0,0
04:83:37:90:8f:2f,0,2,146,0,0,2,146,0,0
05:00:60:f3:01:00,0,1,88,0,0,1,88,0,0
33:33:ff:d6:4a:b7,0,13,2340,0,0,0,0,13,2340
50:e7:b7:51:95:0d,0,93,15726,0,0,93,15726,0,0
04:00:e0:8e:ff:ff,0,1,88,0,0,1,88,0,0
04:00:f0:8e:ff:ff,0,2,176,0,0,2,176,0,0
04:00:90:8f:ff:ff,0,1,88,0,0,1,88,0,0
6f:9b:b1:b3:a2:6d,0,8,608,0,0,8,608,0,0
6f:9b:b1:b3:9b:f7,0,2,152,0,0,2,152,0,0
04:00:00:92:ff:ff,0,1,88,0,0,1,88,0,0
05:00:a0:f3:01:00,0,1,88,0,0,1,88,0,0
cc:47:40:7c:bc:ac,0,90,20175,0,0,90,20175,0,0
33:33:ff:25:90:d4,0,17,3052,0,0,0,0,17,3052
33:33:ff:3a:42:74,0,1,172,0,0,0,0,1,172
53:9d:f3:ac:e4:72,0,1,76,0,0,1,76,0,0
18:ab:1d:87:fb:7d,0,39,7637,0,0,39,7637,0,0
04:00:f0:93:ff:ff,0,2,176,0,0,1,88,1,88
04:00:00:94:ff:ff,0,1,88,0,0,1,88,0,0
f2:78:be:2f:00:28,0,10,4170,0,0,10,4170,0,0
f2:78:0b:4f:00:28,0,7,2572,0,0,7,2572,0,0
97:ed:ea:4a:b5:52,0,1,70,0,0,1,70,0,0
3e:c6:0c:07:ac:28,0,1,70,0,0,0,0,1,70
00:00:00:00:4e:c1,0,1,70,0,0,1,70,0,0
51:1c:0c:07:ac:28,0,1,70,0,0,0,0,1,70
cb:5c:11:f3:d3:81,0,6,420,0,0,6,420,0,0
96:bc:0c:07:ac:28,0,1,70,0,0,0,0,1,70
60:88:31:04:19:97,0,6,420,0,0,6,420,0,0
c4:00:74:00:f8:89,0,7,490,0,0,0,0,7,490
d1:9d:2d:b5:05:b6,0,2,140,0,0,2,140,0,0
c5:17:0c:07:ac:14,0,1,70,0,0,0,0,1,70
b4:bb:07:14:b5:53,0,3,210,0,0,3,210,0,0
04:00:60:95:ff:ff,0,3,228,0,0,3,228,0,0
a0:02:dc:1b:96:d1,0,1,1404,0,0,0,0,1,1404
04:00:d0:95:ff:ff,0,3,228,0,0,3,228,0,0
05:00:40:f5:01:00,0,1,88,0,0,1,88,0,0
04:00:00:96:ff:ff,0,2,158,0,0,2,158,0,0
04:00:10:96:ff:ff,0,1,88,0,0,1,88,0,0
0c:e4:41:da:2e:bf,0,21,11826,0,0,21,11826,0,0
04:00:00:97:ff:ff,0,1,88,0,0,1,88,0,0
9c:58:3c:0b:81:e8,0,82,25484,0,0,82,25484,0,0
d3:81:96:bc:b5:53,0,1,70,0,0,1,70,0,0
d3:81:96:bc:96:b7,0,4,280,0,0,4,280,0,0
05:00:20:f8:01:00,0,2,158,0,0,2,158,0,0
bc:6e:ff:3b:dd:70,0,1,70,0,0,1,70,0,0
cb:5c:11:f3:a2:49,0,1,70,0,0,1,70,0,0
71:d1:0c:07:ac:14,0,1,70,0,0,0,0,1,70
04:00:a0:97:ff:ff,0,1,88,0,0,1,88,0,0
05:00:90:fa:01:00,0,1,88,0,0,1,88,0,0
f4:6d:3f:ae:34:d6,0,13,3209,0,0,13,3209,0,0
d3:81:96:bc:b5:52,0,3,210,0,0,3,210,0,0
31:f7:64:cb:de:df,0,1,166,0,0,1,166,0,0
7e:47:64:8a:60:10,0,1,166,0,0,0,0,1,166
96:b7:05:00:d0:fc,0,1,88,0,0,1,88,0,0
f3:0b:00:00:00:00,0,1,88,0,0,0,0,1,88
ac:45:00:9f:fd:38,0,38,10020,0,0,38,10020,0,0
05:00:f0:fc:03:fd,0,1,88,0,0,1,88,0,0
cb:5c:11:f3:8e:59,0,2,140,0,0,2,140,0,0
2a:ee:0c:07:ac:14,0,2,140,0,0,0,0,2,140
00:00:00:07:ac:14,0,1,166,0,0,0,0,1,166
96:b7:05:00:a0:fe,0,2,158,0,0,2,158,0,0
96:b7:05:00:40:ff,0,1,88,0,0,1,88,0,0
96:b7:05:00:e0:ff,0,1,88,0,0,1,88,0,0
96:b7:05:00:a0:00,0,1,88,0,0,1,88,0,0
93:03:00:00:00:00,0,1,88,0,0,0,0,1,88
ca:85:04:00:a0:98,0,1,88,0,0,1,88,0,0
ca:85:04:00:b0:98,0,2,158,0,0,2,158,0,0
05:00:00:01:01:00,0,1,88,0,0,1,88,0,0
d2:c7:07:75:09:fc,0,18,1260,0,0,18,1260,0,0
2a:0c:0c:07:ac:14,0,1,70,0,0,0,0,1,70
cb:5c:11:f3:4d:ab,0,1,70,0,0,1,70,0,0
c8:13:0c:07:ac:14,0,1,70,0,0,0,0,1,70
cb:5c:11:f3:bf:8c,0,6,420,0,0,6,420,0,0
7d:a0:0c:07:ac:14,0,2,140,0,0,0,0,2,140
d3:81:96:bc:b5:51,0,3,210,0,0,3,210,0,0
bf:8c:7d:a0:b5:51,0,1,70,0,0,1,70,0,0
14:f2:87:37:71:c1,0,1,185,0,0,1,185,0,0
05:00:00:02:01:00,0,2,158,0,0,2,158,0,0
04:00:60:99:ff:ff,0,4,334,0,0,4,334,0,0
05:00:10:02:01:00,0,1,88,0,0,1,88,0,0
a0:02:dc:1b:94:bf,0,1,166,0,0,1,166,0,0
a0:02:dc:1b:a6:f0,0,1,166,0,0,1,166,0,0
42:6b:68:04:ac:14,0,1,166,0,0,0,0,1,166
96:b7:05:00:10:02,0,1,88,0,0,1,88,0,0
c1:07:00:00:00:00,0,1,88,0,0,0,0,1,88
05:00:20:02:01:00,0,2,158,0,0,2,158,0,0
05:00:40:02:01:00,0,1,88,0,0,1,88,0,0
05:00:50:02:01:00,0,1,88,0,0,1,88,0,0
04:00:c0:99:ff:ff,0,2,176,0,0,2,176,0,0
05:00:60:02:01:00,0,1,88,0,0,1,88,0,0
04:00:e0:99:ff:ff,0,2,176,0,0,2,176,0,0
04:00:00:9a:ff:ff,0,4,316,0,0,4,316,0,0
04:00:10:9a:ff:ff,0,4,316,0,0,4,316,0,0
05:00:20:03:01:00,0,1,88,0,0,1,88,0,0
05:00:30:03:01:00,0,3,228,0,0,3,228,0,0
05:00:70:03:01:00,0,1,88,0,0,1,88,0,0
cb:25:b5:54:42:0a,0,6,456,0,0,4,304,2,152
b4:00:c4:00:f8:89,0,6,456,0,0,0,0,6,456
cb:25:b5:54:9c:63,0,2,152,0,0,2,152,0,0
b4:00:be:00:f8:89,0,2,152,0,0,0,0,2,152
cb:25:b5:54:57:c3,0,1,76,0,0,1,76,0,0
b4:00:29:01:f8:89,0,1,76,0,0,0,0,1,76
f3:f2:60:88:07:75,0,18,1260,0,0,18,1260,0,0
96:bc:96:b7:05:00,0,1,70,0,0,0,0,1,70
04:00:40:9b:ff:ff,0,2,176,0,0,2,176,0,0
05:00:00:04:0f:00,0,2,158,0,0,2,158,0,0
d3:81:96:bc:ca:85,0,3,210,0,0,3,210,0,0
f0:13:dc:1b:96:b7,0,1,166,0,0,1,166,0,0
d0:02:dc:1b:96:b7,0,1,166,0,0,1,166,0,0
11:f3:04:00:e0:7b,0,1,88,0,0,1,88,0,0
ca:85:04:00:b0:9b,0,2,158,0,0,2,158,0,0
ca:85:04:00:c0:9b,0,1,88,0,0,1,88,0,0
bf:8c:7d:a0:ca:85,0,2,140,0,0,2,140,0,0
04:00:10:9c:ff:ff,0,1,88,0,0,1,88,0,0
04:00:20:9c:ff:ff,0,1,88,0,0,1,88,0,0
04:00:40:9c:ff:ff,0,1,88,0,0,1,88,0,0
04:00:c0:9c:ff:ff,0,2,176,0,0,2,176,0,0
04:00:f0:9c:ff:ff,0,1,88,0,0,1,88,0,0
04:00:40:9d:ff:ff,0,2,176,0,0,2,176,0,0
2c:3b:70:e4:e3:6f,0,11,2454,0,0,11,2454,0,0
96:bc:cb:25:b5:55,0,1,70,0,0,0,0,1,70
7d:a0:b5:54:6f:9b,0,1,70,0,0,0,0,1,70
05:00:10:08:01:00,0,2,158,0,0,2,158,0,0
6f:9b:b1:b3:fc:bb,0,1,76,0,0,1,76,0,0
6f:9b:b1:b3:e0:a9,0,1,76,0,0,1,76,0,0
05:00:30:08:01:00,0,1,88,0,0,1,88,0,0
05:00:40:08:01:00,0,1,88,0,0,1,88,0,0
ff:ff:ff:ff:6f:04,0,1,84,0,0,1,84,0,0
08:25:25:3d:15:c2,0,83,13156,0,0,83,13156,0,0
96:bc:0c:07:ac:14,0,3,210,0,0,0,0,3,210
00:15:85:8a:c8:17,0,1,166,0,0,0,0,1,166
d1:a1:b2:57:96:b7,0,1,70,0,0,1,70,0,0
b0:67:b5:67:17:22,0,48,15356,0,0,48,15356,0,0
3e:c6:a0:02:dc:1b,0,3,210,0,0,0,0,3,210
04:00:90:9e:ff:ff,0,2,176,0,0,2,176,0,0
ca:85:04:00:e0:9e,0,2,158,0,0,2,158,0,0
12:e5:52:26:ab:84,0,1,176,0,0,1,176,0,0
99:f7:a7:48:e3:3c,0,1,70,0,0,1,70,0,0
04:00:90:9f:ff:ff,0,2,176,0,0,1,88,1,88
04:00:e0:a0:ff:ff,0,2,176,0,0,2,176,0,0
04:00:00:a1:ff:ff,0,2,176,0,0,2,176,0,0
04:00:10:a1:ff:ff,0,2,176,0,0,2,176,0,0
ca:85:04:00:50:a1,0,2,158,0,0,2,158,0,0
04:00:60:a2:ff:ff,0,2,176,0,0,2,176,0,0
04:00:70:a2:ff:ff,0,2,176,0,0,2,176,0,0
04:ec:d8:0f:5e:1f,0,1,169,0,0,1,169,0,0
04:00:10:a3:ff:ff,0,1,88,0,0,1,88,0,0
04:00:60:a3:ff:ff,0,1,88,0,0,0,0,1,88
04:00:70:a3:ff:ff,0,1,88,0,0,0,0,1,88
04:00:80:a3:ff:ff,0,1,88,0,0,0,0,1,88
04:00:90:a3:ff:ff,0,1,88,0,0,0,0,1,88
43:e8:41:f3:b5:53,0,3,210,0,0,3,210,0,0
ff:ff:ff:ff:bf:07,0,3,224,0,0,3,224,0,0
bc:e7:cf:df:ca:84,0,5,350,0,0,5,350,0,0
85:84:83:40:ca:82,0,5,350,0,0,5,350,0,0
ca:85:88:f0:31:04,0,16,42624,0,0,16,42624,0,0
04:00:00:a4:ff:ff,0,1,88,0,0,1,88,0,0
04:00:10:a4:ff:ff,0,6,474,0,0,6,474,0,0
6f:9b:b1:b3:ff:ff,0,6,450,0,0,6,450,0,0
04:00:40:a4:ff:ff,0,1,88,0,0,1,88,0,0
04:00:50:a4:ff:ff,0,1,88,0,0,1,88,0,0
04:00:80:a4:ff:ff,0,1,88,0,0,1,88,0,0
04:00:90:a4:ff:ff,0,1,88,0,0,1,88,0,0
04:00:a0:a4:ff:ff,0,1,88,0,0,1,88,0,0
04:00:b0:a4:ff:ff,0,3,264,0,0,3,264,0,0
04:00:c0:a4:ff:ff,0,2,176,0,0,2,176,0,0
04:00:d0:a4:ff:ff,0,2,176,0,0,2,176,0,0
04:00:00:a5:ff:ff,0,1,88,0,0,1,88,0,0
04:00:10:a5:ff:ff,0,3,246,0,0,3,246,0,0
04:00:20:a5:ff:ff,0,1,88,0,0,1,88,0,0
04:00:50:a5:ff:ff,0,1,88,0,0,1,88,0,0
04:00:80:a5:ff:ff,0,4,334,0,0,4,334,0,0
31:a7:72:40:b5:54,0,1,76,0,0,0,0,1,76
04:00:90:a5:ff:ff,0,3,264,0,0,2,176,1,88
31:a7:72:40:ff:ff,0,8,592,0,0,6,450,2,142
04:00:a0:a5:ff:ff,0,3,264,0,0,3,264,0,0
5c:61:99:0e:f8:e5,0,8,2628,0,0,8,2628,0,0
6c:92:dc:01:0f:94,0,2,236,0,0,2,236,0,0
47:e8:05:2d:4a:10,0,2,236,0,0,0,0,2,236
05:00:e0:0e:f3:00,0,2,158,0,0,2,158,0,0
05:00:60:0f:df:03,0,2,158,0,0,2,158,0,0
05:00:b0:0f:e1:3f,0,2,158,0,0,2,158,0,0
05:00:90:10:ff:02,0,1,88,0,0,1,88,0,0
fb:80:9b:5e:96:b7,0,1,70,0,0,1,70,0,0
cb:5c:11:f3:6a:5b,0,1,70,0,0,1,70,0,0
14:01:cb:25:b5:55,0,1,70,0,0,0,0,1,70
7d:a0:cb:25:b5:55,0,1,70,0,0,0,0,1,70
e4:6a:35:7f:8e:47,0,1,164,0,0,1,164,0,0
cb:5c:11:f3:c4:17,0,6,420,0,0,6,420,0,0
0c:97:0c:07:ac:14,0,3,210,0,0,0,0,3,210
0c:97:96:b7:05:00,0,3,210,0,0,0,0,3,210
c4:17:0c:97:ca:82,0,1,70,0,0,1,70,0,0
c4:17:0c:97:b5:50,0,1,70,0,0,1,70,0,0
c4:17:0c:97:96:b7,0,20,1400,0,0,20,1400,0,0
05:00:70:13:01:00,0,2,158,0,0,2,158,0,0
6f:9b:b1:b3:01:00,0,2,152,0,0,2,152,0,0
ff:ff:ff:ff:8d:1e,0,1,84,0,0,1,84,0,0
cb:5c:11:f3:c3:cf,0,1,70,0,0,1,70,0,0
22:50:0c:07:ac:14,0,1,70,0,0,0,0,1,70
6b:4b:86:74:96:b7,0,2,140,0,0,2,140,0,0
cf:df:96:b7:05:00,0,1,70,0,0,0,0,1,70
7d:a0:b5:54:04:00,0,1,70,0,0,0,0,1,70
05:00:50:15:01:00,0,5,368,0,0,5,368,0,0
05:00:60:15:0f:00,0,1,88,0,0,1,88,0,0
6f:9b:b1:b3:0f:00,0,2,146,0,0,2,146,0,0
ff:ff:ff:ff:65:9f,0,1,84,0,0,1,84,0,0
cb:5c:11:f3:7a:4f,0,3,210,0,0,3,210,0,0
ed:6b:0c:07:ac:14,0,3,210,0,0,0,0,3,210
11:f3:7b:5f:7f:1e,0,1,70,0,0,0,0,1,70
11:f3:c4:17:0c:97,0,2,140,0,0,0,0,2,140
11:f3:6b:4b:86:74,0,2,140,0,0,0,0,2,140
c4:17:0c:97:b5:53,0,1,70,0,0,1,70,0,0
2e:36:f6:ff:ee:38,0,1,76,0,0,1,76,0,0
11:f3:6a:5b:14:01,0,1,70,0,0,0,0,1,70
96:b7:05:00:e0:16,0,1,88,0,0,1,88,0,0
96:b7:05:00:20:17,0,1,88,0,0,1,88,0,0
5c:ea:1d:b2:ff:f1,0,4,1158,0,0,4,1158,0,0
83:71:a2:8c:9b:44,0,1,178,0,0,1,178,0,0
d1:a9:83:71:a2:8c,0,1,178,0,0,0,0,1,178
68:44:f6:5d:40:f4,0,1,178,0,0,1,178,0,0
5f:00:0c:07:ac:14,0,1,178,0,0,0,0,1,178
5d:02:dc:1b:96:b7,0,1,178,0,0,1,178,0,0
00:00:0c:07:ac:a0,0,1,178,0,0,0,0,1,178
00:00:0c:07:ac:ab,0,1,178,0,0,0,0,1,178
a0:c2:55:08:5a:98,0,1,178,0,0,1,178,0,0
40:0c:0c:07:ac:14,0,1,178,0,0,0,0,1,178
00:00:0c:07:ac:c4,0,1,178,0,0,0,0,1,178
7d:a0:96:b7:05:00,0,1,70,0,0,0,0,1,70
c4:17:0c:97:b5:51,0,2,140,0,0,2,140,0,0
6a:5b:14:01:96:b7,0,1,70,0,0,1,70,0,0
03:00:2e:d5:5f:57,0,2,146,0,0,2,146,0,0
05:00:00:19:01:00,0,1,88,0,0,1,88,0,0
05:00:10:19:01:00,0,1,88,0,0,1,88,0,0
05:00:60:19:03:00,0,2,158,0,0,2,158,0,0
33:33:ff:87:47:7f,0,4,720,0,0,0,0,4,720
cb:5c:11:f3:d7:33,0,2,140,0,0,2,140,0,0
43:63:cb:25:b5:55,0,1,70,0,0,0,0,1,70
43:63:0c:07:ac:14,0,1,70,0,0,0,0,1,70
f2:6d:0f:1f:00:3c,0,8,3336,0,0,8,3336,0,0
6f:1a:cb:25:b5:55,0,1,70,0,0,0,0,1,70
a7:48:31:04:19:97,0,11,770,0,0,11,770,0,0
cb:25:b5:54:34:ab,0,2,152,0,0,2,152,0,0
b4:00:5c:03:f8:89,0,2,152,0,0,0,0,2,152
6c:00:6b:2e:f4:15,0,3,804,0,0,3,804,0,0
10:82:d7:35:78:05,0,81,16903,0,0,81,16903,0,0
f2:6d:19:9f:00:3c,0,11,4240,0,0,11,4240,0,0
fc:4e:a4:76:5d:c8,0,41,9460,0,0,41,9460,0,0
b4:6d:83:7b:5f:e3,0,6,1866,0,0,6,1866,0,0
42:0a:44:99:b6:ea,0,1,76,0,0,1,76,0,0
f8:89:d2:71:18:49,0,1,220,0,0,1,220,0,0
20:5b:2f:66:34:b7,0,1,220,0,0,0,0,1,220
b5:54:04:00:10:33,0,1,88,0,0,1,88,0,0
bc:e7:cf:df:b5:51,0,1,70,0,0,1,70,0,0
d2:c7:07:75:27:cc,0,1,70,0,0,1,70,0,0
55:d8:cb:25:b5:55,0,1,70,0,0,0,0,1,70
49:aa:9b:a7:b8:7a,0,2,146,0,0,2,146,0,0
ff:ff:ff:ff:2c:10,0,1,84,0,0,1,84,0,0
9e:c6:80:f4:b5:54,0,2,146,0,0,0,0,2,146
81:a2:71:58:b5:54,0,2,140,0,0,2,140,0,0
7e:76:cf:55:c7:e0,0,84,45771,0,0,84,45771,0,0
43:40:01:d0:b5:54,0,7,490,0,0,7,490,0,0
b5:54:5a:37:d8:7e,0,32,2240,0,0,0,0,32,2240
de:02:29:0d:f4:a8,0,2,704,0,0,2,704,0,0
33:33:ff:48:ba:29,0,15,2700,0,0,0,0,15,2700
17:96:58:54:63:6b,0,1,76,0,0,1,76,0,0
17:96:58:54:19:ef,0,3,222,0,0,3,222,0,0
17:96:58:54:d5:6c,0,1,76,0,0,1,76,0,0
17:96:58:54:c7:e0,0,1,76,0,0,1,76,0,0
d4:d7:cf:0d:06:55,0,3,554,0,0,3,554,0,0
03:a7:03:d5:26:c5,0,4,298,0,0,4,298,0,0
07:75:e1:3f:73:8d,0,2,140,0,0,0,0,2,140
17:96:58:54:df:4b,0,2,152,0,0,2,152,0,0
28:ea:2d:a9:94:e2,0,6,1299,0,0,6,1299,0,0
33:33:ff:0c:f4:f3,0,2,360,0,0,0,0,2,360
17:96:58:54:13:a9,0,3,222,0,0,3,222,0,0
17:96:58:54:91:b0,0,2,152,0,0,2,152,0,0
33:33:ff:f8:bd:6e,0,4,720,0,0,0,0,4,720
6f:9b:b1:b3:bd:6e,0,2,146,0,0,2,146,0,0
ff:ff:ff:ff:fc:13,0,1,84,0,0,1,84,0,0
d2:c7:07:75:e1:3f,0,2,140,0,0,2,140,0,0
73:8d:cb:25:b5:55,0,2,140,0,0,0,0,2,140
d7:3c:95:31:65:67,0,2,146,0,0,2,146,0,0
50:c2:e8:d1:0d:d9,0,7,1936,0,0,7,1936,0,0
6f:9b:b1:b3:37:e7,0,2,146,0,0,2,146,0,0
ff:ff:ff:ff:14:92,0,5,382,0,0,5,382,0,0
b5:54:75:17:35:df,0,4,280,0,0,0,0,4,280
ff:ff:ff:ff:44:73,0,2,154,0,0,2,154,0,0
c7:1f:ab:3c:c7:56,0,2,140,0,0,2,140,0,0
38:7a:0e:05:44:98,0,22,4414,0,0,22,4414,0,0
c7:1f:0e:05:44:98,0,1,70,0,0,1,70,0,0
8c:f8:c5:86:0e:b1,0,4,616,0,0,4,616,0,0
c7:1f:c5:86:0e:b1,0,3,210,0,0,3,210,0,0
04:00:b0:a6:ff:ff,0,1,88,0,0,0,0,1,88
04:00:c0:a6:ff:ff,0,1,88,0,0,0,0,1,88
04:00:20:a7:ff:ff,0,1,88,0,0,1,88,0,0
04:00:30:a7:ff:ff,0,1,88,0,0,1,88,0,0
04:00:40:a7:ff:ff,0,1,88,0,0,1,88,0,0
04:00:90:a7:ff:ff,0,1,88,0,0,1,88,0,0
e0:d4:e8:38:b1:11,0,3,645,0,0,3,645,0,0
33:33:ff:70:e6:33,0,18,3240,0,0,0,0,18,3240
83:40:0c:07:ac:28,0,5,350,0,0,0,0,5,350
04:00:00:a8:ff:ff,0,2,176,0,0,2,176,0,0
04:00:10:a8:ff:ff,0,2,176,0,0,2,176,0,0
8c:f1:12:9c:2d:77,0,15,3408,0,0,15,3408,0,0
04:00:20:a8:ff:ff,0,1,88,0,0,1,88,0,0
f2:77:a1:bf:00:28,0,9,3753,0,0,9,3753,0,0
d0:49:7c:34:48:8f,0,196,30124,0,0,196,30124,0,0
28:a5:3f:29:0a:e6,0,64,10040,0,0,64,10040,0,0
0c:cb:85:6e:d7:5e,0,14,2544,0,0,14,2544,0,0
8c:17:59:4b:67:34,0,4,632,0,0,4,632,0,0
c7:1f:59:4b:67:34,0,1,70,0,0,1,70,0,0
c7:1f:f6:b7:37:e7,0,2,140,0,0,2,140,0,0
78:2b:46:0f:0e:dd,0,3,480,0,0,3,480,0,0
a0:29:42:41:66:cb,0,6,1046,0,0,6,1046,0,0
17:96:58:54:d3:c2,0,4,292,0,0,4,292,0,0
38:7a:0e:4e:df:bd,0,1,160,0,0,1,160,0,0
18:d5:e0:40:97:d6,0,1,70,0,0,0,0,1,70
06:5c:58:7d:90:5b,0,82,25052,0,0,82,25052,0,0
94:0c:98:92:96:85,0,23,9380,0,0,23,9380,0,0
48:9d:d1:32:cf:a8,0,12,2480,0,0,12,2480,0,0
3c:f0:11:e9:b3:8f,0,8,1710,0,0,8,1710,0,0
00:45:e2:79:bc:8d,0,24,8715,0,0,24,8715,0,0
8f:9c:25:2c:ca:81,0,1,70,0,0,1,70,0,0
f2:78:5f:7f:00:3c,0,6,2502,0,0,6,2502,0,0
04:00:30:a8:ff:ff,0,1,88,0,0,1,88,0,0
04:00:10:a9:ff:ff,0,1,88,0,0,1,88,0,0
bd:6c:44:38:10:03,0,2,146,0,0,2,146,0,0
b5:55:04:00:20:32,0,1,88,0,0,1,88,0,0
ec:a9:07:be:b0:c3,0,73,24603,0,0,73,24603,0,0
33:33:ff:ed:fd:f4,0,2,360,0,0,0,0,2,360
b5:55:04:00:30:32,0,1,88,0,0,1,88,0,0
24:a9:8a:80:b5:54,0,2,140,0,0,2,140,0,0
c4:0a:cb:2d:d4:d4,0,3,210,0,0,0,0,3,210
a9:6a:ed:1f:07:75,0,1,70,0,0,1,70,0,0
28:cd:c4:cc:a2:b9,0,5,1555,0,0,5,1555,0,0
17:96:58:54:1a:67,0,2,146,0,0,2,146,0,0
ff:ff:ff:ff:94:70,0,1,84,0,0,1,84,0,0
c4:e1:2e:35:07:75,0,3,210,0,0,3,210,0,0
2e:36:f6:ff:3a:75,0,2,146,0,0,2,146,0,0
ff:ff:ff:ff:7c:f1,0,1,84,0,0,1,84,0,0
d4:87:b5:54:6f:9b,0,1,70,0,0,0,0,1,70
6f:9b:b1:b3:e9:89,0,4,304,0,0,4,304,0,0
cb:25:b5:54:00:44,0,1,70,0,0,1,70,0,0
a3:ae:b5:54:6f:9b,0,1,70,0,0,0,0,1,70
ff:ff:ff:ff:b1:df,0,1,84,0,0,1,84,0,0
d0:49:7c:33:44:8f,0,18,2874,0,0,18,2874,0,0
48:35:2b:0d:8d:a9,0,36,8479,0,0,36,8479,0,0
33:33:ff:0e:a0:bd,0,4,720,0,0,0,0,4,720
04:00:00:5d:ff:0f,0,2,158,0,0,2,158,0,0
33:33:ff:b0:8a:d5,0,3,540,0,0,0,0,3,540
2c:c2:53:01:41:a7,0,19,7913,0,0,19,7913,0,0
f2:76:20:ff:00:3c,0,10,4170,0,0,10,4170,0,0
f2:6d:1c:0f:00:3c,0,15,6255,0,0,15,6255,0,0
2c:a7:ef:99:67:95,0,75,11942,0,0,75,11942,0,0
b4:6d:83:4c:22:be,0,14,4164,0,0,14,4164,0,0
48:e7:da:5b:db:a7,0,9,2013,0,0,9,2013,0,0
ac:50:de:f9:e9:ab,0,20,4960,0,0,20,4960,0,0
48:17:09:15:b5:52,0,1,70,0,0,1,70,0,0
48:17:09:15:18:d5,0,3,210,0,0,3,210,0,0
07:28:52:21:18:d5,0,1,70,0,0,1,70,0,0
00:00:0c:1d:78:7c,0,1,1404,0,0,0,0,1,1404
b5:54:04:00:10:34,0,1,88,0,0,1,88,0,0
18:d5:f6:1b:72:59,0,2,146,0,0,2,146,0,0
60:dd:8e:5d:55:43,0,3,456,0,0,3,456,0,0
c7:1f:8e:5d:55:43,0,1,70,0,0,1,70,0,0
04:00:10:ab:ff:ff,0,3,246,0,0,2,158,1,88
04:00:70:ab:ff:ff,0,1,88,0,0,1,88,0,0
9c:2f:9d:57:23:f3,0,24,6740,0,0,24,6740,0,0
04:00:30:ac:ff:ff,0,5,386,0,0,5,386,0,0
04:00:40:ac:ff:ff,0,4,316,0,0,4,316,0,0
04:00:50:ac:ff:ff,0,3,246,0,0,3,246,0,0
a8:ab:b5:46:c8:1b,0,77,17583,0,0,74,17373,3,210
33:33:ff:9d:da:30,0,7,1260,0,0,0,0,7,1260
5c:17:cf:78:e7:de,0,75,11509,0,0,75,11509,0,0
26:46:86:40:b8:23,0,27,4542,0,0,27,4542,0,0
f2:6d:24:7f:00:28,0,8,3336,0,0,8,3336,0,0
cf:ee:3c:99:b5:54,0,4,292,0,0,0,0,4,292
5a:37:d8:7e:b5:54,0,15,1050,0,0,15,1050,0,0
46:be:e4:39:c6:85,0,2,146,0,0,2,146,0,0
ed:94:de:40:67:95,0,2,146,0,0,2,146,0,0
b5:54:04:00:70:34,0,1,88,0,0,1,88,0,0
00:a1:1e:de:ca:82,0,1,70,0,0,1,70,0,0
04:00:50:ad:ff:ff,0,1,88,0,0,1,88,0,0
d0:49:7c:81:f8:8d,0,8,1638,0,0,8,1638,0,0
f2:76:1c:4f:00:28,0,8,3336,0,0,8,3336,0,0
74:f2:fa:72:7d:14,0,6,750,0,0,6,750,0,0
33:33:ff:46:2b:ea,0,5,900,0,0,0,0,5,900
20:2b:20:65:49:bd,0,11,3090,0,0,11,3090,0,0
04:ba:8d:68:7a:7e,0,26,5294,0,0,26,5294,0,0
0c:7a:15:f8:38:74,0,10,1983,0,0,10,1983,0,0
b8:14:4d:33:d6:34,0,64,33370,0,0,64,33370,0,0
14:94:6c:a5:dc:8d,0,42,10592,0,0,42,10592,0,0
33:33:ff:5b:b5:da,0,1,180,0,0,0,0,1,180
c8:2a:dd:9f:5b:42,0,94,14484,0,0,94,14484,0,0
04:00:90:dc:ff:ff,0,1,88,0,0,1,88,0,0
64:6d:2f:90:e5:e8,0,56,18126,0,0,56,18126,0,0
04:00:a0:34:ff:ff,0,2,176,0,0,2,176,0,0
28:c2:1f:87:1a:f5,0,9,1654,0,0,9,1654,0,0
8e:43:7b:d5:d2:3f,0,2,146,0,0,2,146,0,0
8e:43:7b:d5:10:96,0,2,146,0,0,2,146,0,0
4c:2e:b4:24:ed:01,0,7,1433,0,0,7,1433,0,0
04:00:80:ae:ff:ff,0,1,88,0,0,1,88,0,0
04:00:90:ae:ff:ff,0,3,246,0,0,1,88,2,158
04:00:a0:ae:ff:ff,0,2,176,0,0,1,88,1,88
04:00:b0:ae:ff:ff,0,2,176,0,0,1,88,1,88
04:00:c0:ae:ff:ff,0,1,88,0,0,1,88,0,0
04:00:d0:ae:ff:ff,0,1,88,0,0,1,88,0,0
04:00:f0:ae:ff:ff,0,1,88,0,0,1,88,0,0
04:00:00:af:ff:ff,0,3,246,0,0,3,246,0,0
04:00:10:af:ff:ff,0,1,88,0,0,1,88,0,0
04:00:d0:34:ff:ff,0,2,176,0,0,2,176,0,0
04:00:20:af:ff:ff,0,2,176,0,0,2,176,0,0
c8:2a:dd:9d:c3:68,0,7,1086,0,0,7,1086,0,0
4e:89:e7:4b:4f:fe,0,12,3000,0,0,12,3000,0,0
04:00:00:b0:ff:ff,0,3,264,0,0,3,264,0,0
04:00:60:b0:ff:ff,0,1,88,0,0,1,88,0,0
04:00:90:b1:ff:ff,0,1,88,0,0,1,88,0,0
2b:12:25:c5:31:04,0,1,70,0,0,1,70,0,0
c4:00:98:00:c4:0a,0,1,70,0,0,0,0,1,70
94:00:00:00:c4:0a,0,7,616,0,0,0,0,7,616
f4:b3:01:8b:70:db,0,9,1880,0,0,9,1880,0,0
f2:76:17:3f:00:28,0,12,5004,0,0,12,5004,0,0
f2:6d:1c:6f:00:28,0,7,2919,0,0,7,2919,0,0
3c:9c:0f:ee:53:09,0,5,1314,0,0,5,1314,0,0
8e:43:7b:d5:53:09,0,2,146,0,0,2,146,0,0
51:34:38:7c:b5:52,0,1,70,0,0,1,70,0,0
04:00:80:b3:ff:ff,0,2,176,0,0,2,176,0,0
04:00:40:b4:ff:ff,0,4,316,0,0,4,316,0,0
04:00:b0:b5:ff:ff,0,2,176,0,0,2,176,0,0
f2:c5:4d:7f:00:28,0,6,2502,0,0,6,2502,0,0
04:00:30:b6:ff:ff,0,1,88,0,0,1,88,0,0
04:00:50:b6:ff:ff,0,1,88,0,0,1,88,0,0
04:00:60:b6:ff:ff,0,1,88,0,0,1,88,0,0
04:00:f0:b6:ff:ff,0,2,158,0,0,2,158,0,0
04:00:70:b7:ff:ff,0,2,176,0,0,2,176,0,0
04:00:c0:b7:ff:ff,0,1,88,0,0,1,88,0,0
04:00:d0:b7:ff:ff,0,1,88,0,0,1,88,0,0
04:00:f0:b7:ff:ff,0,1,88,0,0,1,88,0,0
34:b9:8d:8c:c1:5e,0,20,3288,0,0,20,3288,0,0
04:00:10:b8:ff:ff,0,2,176,0,0,2,176,0,0
04:00:20:b8:ff:ff,0,1,88,0,0,1,88,0,0
f2:76:1b:ef:00:28,0,7,2919,0,0,7,2919,0,0
04:00:30:b8:ff:ff,0,1,88,0,0,1,88,0,0
04:00:a0:b8:ff:ff,0,3,264,0,0,3,264,0,0
04:00:90:ba:ff:ff,0,2,176,0,0,2,176,0,0
04:00:a0:ba:ff:ff,0,1,88,0,0,1,88,0,0
04:00:40:bb:ff:ff,0,2,176,0,0,2,176,0,0
04:00:90:bc:ff:ff,0,1,88,0,0,1,88,0,0
c8:94:02:ab:3e:a7,0,224,51106,0,0,143,25699,81,25407
15:8a:37:0a:ca:85,0,1,70,0,0,1,70,0,0
04:00:e0:be:ff:ff,0,2,158,0,0,2,158,0,0
04:00:d0:87:ff:ff,0,1,88,0,0,1,88,0,0
04:00:90:bf:ff:ff,0,3,246,0,0,3,246,0,0
8b:5d:ca:85:04:00,0,5,350,0,0,3,210,2,140
27:cc:55:d8:ca:85,0,1,70,0,0,1,70,0,0
b5:54:04:00:f0:87,0,2,158,0,0,2,158,0,0
ff:ff:ff:ff:fe:ff,0,2,158,0,0,0,0,2,158
04:00:50:c0:ff:ff,0,1,88,0,0,1,88,0,0
04:00:60:c0:ff:ff,0,1,88,0,0,1,88,0,0
b5:54:04:00:30:88,0,3,264,0,0,3,264,0,0
ff:ff:ff:ef:ff:ff,0,3,264,0,0,0,0,3,264
ca:85:04:00:b0:c0,0,1,88,0,0,1,88,0,0
ca:85:04:00:c0:c0,0,1,88,0,0,1,88,0,0
04:00:e0:c0:ff:ff,0,2,176,0,0,2,176,0,0
04:00:f0:c0:ff:ff,0,2,158,0,0,2,158,0,0
04:00:00:c1:ff:ff,0,1,88,0,0,1,88,0,0
04:00:10:c1:ff:ff,0,1,88,0,0,1,88,0,0
04:00:20:c1:ff:ff,0,1,88,0,0,1,88,0,0
04:00:30:c1:ff:ff,0,2,176,0,0,2,176,0,0
04:00:40:c1:ff:ff,0,1,88,0,0,1,88,0,0
3c:21:9c:b2:66:cd,0,37,7677,0,0,37,7677,0,0
b5:54:5a:21:c7:1f,0,4,264,0,0,0,0,4,264
04:00:b0:c1:ff:ff,0,1,88,0,0,1,88,0,0
04:00:d0:c1:ff:ff,0,4,334,0,0,4,334,0,0
04:00:e0:c1:ff:ff,0,3,246,0,0,3,246,0,0
f2:6d:27:7f:00:3c,0,11,4587,0,0,11,4587,0,0
04:00:20:c2:ff:ff,0,1,88,0,0,1,88,0,0
04:00:30:c2:ff:ff,0,1,88,0,0,1,88,0,0
04:00:40:c2:ff:ff,0,1,88,0,0,1,88,0,0
04:00:70:c2:ff:ff,0,1,88,0,0,1,88,0,0
5c:ed:f4:5e:e0:69,0,77,11958,0,0,77,11958,0,0
04:00:90:c2:ff:ff,0,1,88,0,0,1,88,0,0
f2:6d:19:ff:00:28,0,7,2919,0,0,7,2919,0,0
04:00:e0:c2:ff:ff,0,1,88,0,0,1,88,0,0
04:00:f0:c2:ff:ff,0,1,88,0,0,1,88,0,0
04:00:00:c3:ff:ff,0,3,246,0,0,3,246,0,0
0b:77:ca:85:04:00,0,1,70,0,0,1,70,0,0
c4:00:84:00:f8:89,0,1,70,0,0,0,0,1,70
f2:78:bd:3f:00:3c,0,12,5004,0,0,12,5004,0,0
dd:4e:32:49:00:3c,0,1,76,0,0,1,76,0,0
a2:6a:4a:ed:00:3c,0,1,76,0,0,1,76,0,0
ac:6c:79:67:06:d8,0,1,76,0,0,1,76,0,0
ff:ff:ff:ff:dd:ff,0,2,154,0,0,2,154,0,0
07:75:dd:c2:1f:5c,0,1,70,0,0,0,0,1,70
ff:ff:ff:fd:ff:ff,0,1,88,0,0,1,88,0,0
f2:76:0e:6f:00:3c,0,10,4170,0,0,10,4170,0,0
04:00:f0:c3:ff:ff,0,3,228,0,0,3,228,0,0
04:00:10:c4:ff:ff,0,2,176,0,0,2,176,0,0
04:00:50:c4:ff:ff,0,2,158,0,0,2,158,0,0
04:00:70:c4:ff:ff,0,3,228,0,0,3,228,0,0
e8:fb:1c:c0:76:3f,0,8,2206,0,0,8,2206,0,0
a4:fc:77:41:04:39,0,8,2488,0,0,8,2488,0,0
04:00:d0:c4:ff:ff,0,2,176,0,0,2,176,0,0
f2:6d:1b:4f:00:28,0,9,3753,0,0,9,3753,0,0
c8:94:02:69:7d:e9,0,35,8641,0,0,35,8641,0,0
f2:76:16:1f:00:28,0,6,2502,0,0,6,2502,0,0
04:00:e0:c4:ff:ff,0,2,176,0,0,2,176,0,0
d4:8a:39:58:6a:00,0,3,768,0,0,3,768,0,0
04:00:40:c5:ff:ff,0,1,88,0,0,1,88,0,0
04:00:50:c5:ff:ff,0,1,88,0,0,1,88,0,0
04:00:c0:c5:ff:ff,0,1,88,0,0,1,88,0,0
04:00:90:c6:ff:ff,0,2,176,0,0,2,176,0,0
04:00:a0:c6:ff:ff,0,2,158,0,0,2,158,0,0
04:00:e0:c6:ff:ff,0,1,88,0,0,1,88,0,0
04:00:70:c7:ff:ff,0,2,176,0,0,2,176,0,0
04:00:80:c7:ff:ff,0,1,88,0,0,1,88,0,0
04:00:50:c8:ff:ff,0,4,334,0,0,2,176,2,158
04:00:60:c8:ff:ff,0,2,176,0,0,2,176,0,0
04:00:80:c8:ff:ff,0,1,88,0,0,1,88,0,0
04:00:b0:c8:ff:ff,0,2,176,0,0,2,176,0,0
04:00:c0:c8:ff:ff,0,2,176,0,0,2,176,0,0
04:00:d0:c8:ff:ff,0,1,88,0,0,1,88,0,0
8c:ec:7b:9c:ec:6d,0,123,40232,0,0,123,40232,0,0
04:00:10:c9:ff:ff,0,1,88,0,0,1,88,0,0
f8:ac:65:a8:8e:55,0,29,7596,0,0,29,7596,0,0
04:00:20:c9:ff:ff,0,2,176,0,0,2,176,0,0
04:00:30:c9:ff:ff,0,3,228,0,0,3,228,0,0
74:14:1d:aa:61:17,0,1,76,0,0,1,76,0,0
74:14:1d:aa:5d:c8,0,1,76,0,0,1,76,0,0
18:e7:b0:4a:9b:0e,0,18,4115,0,0,18,4115,0,0
04:00:c0:c9:ff:ff,0,1,88,0,0,1,88,0,0
cb:25:b5:54:d7:3c,0,5,380,0,0,5,380,0,0
b4:00:9b:00:f8:89,0,5,380,0,0,0,0,5,380
c7:1f:b5:54:d7:3c,0,1,70,0,0,1,70,0,0
04:00:10:ca:ff:ff,0,2,176,0,0,2,176,0,0
33:33:ff:03:0e:24,0,4,720,0,0,0,0,4,720
04:00:20:ca:ff:ff,0,1,88,0,0,1,88,0,0
f2:c5:4f:2f:00:3c,0,9,3753,0,0,9,3753,0,0
04:00:60:ca:ff:ff,0,1,88,0,0,1,88,0,0
04:00:70:ca:ff:ff,0,1,88,0,0,1,88,0,0
04:00:80:ca:ff:ff,0,3,264,0,0,3,264,0,0
04:00:90:ca:ff:ff,0,2,176,0,0,2,176,0,0
04:00:c0:ca:ff:ff,0,1,88,0,0,1,88,0,0
3c:19:5e:eb:cb:a0,0,8,1378,0,0,8,1378,0,0
04:00:30:cb:ff:ff,0,2,176,0,0,1,88,1,88
04:00:80:cb:ff:ff,0,2,176,0,0,2,176,0,0
04:00:90:cb:ff:ff,0,1,88,0,0,1,88,0,0
04:00:a0:cb:ff:ff,0,1,88,0,0,1,88,0,0
9c:fc:28:a9:a9:98,0,28,6659,0,0,28,6659,0,0
33:33:ff:49:3d:56,0,2,360,0,0,0,0,2,360
33:33:ff:7b:4c:cc,0,2,360,0,0,0,0,2,360
88:03:e9:51:8a:db,0,1,184,0,0,1,184,0,0
04:00:70:cc:ff:ff,0,2,158,0,0,2,158,0,0
04:00:c0:88:ff:ff,0,2,176,0,0,2,176,0,0
f2:78:18:3f:00:3c,0,17,7089,0,0,17,7089,0,0
04:00:c0:cc:ff:ff,0,1,88,0,0,1,88,0,0
04:00:d0:cc:ff:ff,0,1,88,0,0,1,88,0,0
74:14:1d:aa:2d:b5,0,1,76,0,0,1,76,0,0
5c:50:d9:c6:36:ad,0,5,2829,0,0,5,2829,0,0
04:00:30:cd:ff:ff,0,1,88,0,0,1,88,0,0
04:00:60:cd:ff:ff,0,1,88,0,0,1,88,0,0
f2:76:0e:9f:00:3c,0,22,8827,0,0,22,8827,0,0
4e:0e:34:98:29:39,0,1,217,0,0,1,217,0,0
f2:78:17:af:00:28,0,11,4587,0,0,11,4587,0,0
a4:cf:99:51:ea:04,0,23,4364,0,0,23,4364,0,0
ff:ff:ff:ff:4f:e1,0,1,84,0,0,1,84,0,0
74:14:1d:aa:37:e7,0,1,76,0,0,0,0,1,76
ff:ff:ff:ff:77:63,0,1,84,0,0,1,84,0,0
bc:6a:d1:8d:47:07,0,101,16206,0,0,101,16206,0,0
bd:6c:44:38:91:44,0,2,146,0,0,2,146,0,0
04:00:40:32:ff:ff,0,2,176,0,0,2,176,0,0
08:38:e6:67:38:d6,0,19,3590,0,0,19,3590,0,0
04:00:00:5d:ff:ff,0,3,264,0,0,3,264,0,0
39:57:2e:d2:a6:e3,0,4,304,0,0,0,0,4,304
39:57:2e:d2:48:8f,0,4,280,0,0,4,280,0,0
98:18:2e:d2:a6:e3,0,4,280,0,0,0,0,4,280
b5:55:04:00:50:32,0,1,88,0,0,1,88,0,0
74:14:1d:aa:2f:68,0,2,146,0,0,2,146,0,0
ff:ff:ff:ff:9f:e2,0,3,230,0,0,3,230,0,0
b5:54:d2:c1:c3:09,0,6,420,0,0,0,0,6,420
ff:ff:ff:ff:d6:6d,0,2,154,0,0,2,154,0,0
07:75:46:e9:85:5b,0,4,280,0,0,0,0,4,280
ff:f7:ff:ff:ff:ff,0,1,88,0,0,1,88,0,0
6f:9b:b1:b3:52:f4,0,2,146,0,0,2,146,0,0
bd:6c:44:38:ee:85,0,2,146,0,0,2,146,0,0
b5:55:04:00:60:32,0,1,88,0,0,1,88,0,0
70:bb:e9:1c:b5:17,0,16,4516,0,0,16,4516,0,0
bc:f7:30:71:c7:7f,0,34,5541,0,0,34,5541,0,0
46:8c:f6:c8:30:5b,0,13,1553,0,0,0,0,13,1553
46:89:d2:82:83:d2,0,16,5473,0,0,16,5473,0,0
28:16:a8:60:22:d6,0,47,11866,0,0,47,11866,0,0
24:75:3a:f6:19:79,0,75,16645,0,0,75,16645,0,0
ca:8c:d6:af:4c:00,0,47,17566,0,0,47,17566,0,0
f2:77:ae:1f:00:28,0,5,2085,0,0,5,2085,0,0
ac:12:03:41:2d:05,0,4,1244,0,0,4,1244,0,0
42:c9:13:8d:fe:01,0,44,11070,0,0,44,11070,0,0
f2:76:2a:5f:00:28,0,6,2502,0,0,6,2502,0,0
36:55:c2:d8:8e:8a,0,84,17342,0,0,84,17342,0,0
bc:f4:d4:85:51:3d,0,25,13726,0,0,25,13726,0,0
a4:55:90:74:73:1d,0,1,478,0,0,1,478,0,0
ca:85:04:00:90:cd,0,3,228,0,0,3,228,0,0
04:00:f0:cd:ff:ff,0,1,88,0,0,1,88,0,0
04:00:10:ce:ff:ff,0,2,176,0,0,1,88,1,88
04:00:20:ce:ff:ff,0,1,88,0,0,1,88,0,0
04:00:40:ce:ff:ff,0,1,88,0,0,1,88,0,0
04:00:c0:ce:ff:ff,0,1,88,0,0,1,88,0,0
04:00:d0:ce:ff:ff,0,1,88,0,0,1,88,0,0
04:00:f0:ce:ff:ff,0,1,88,0,0,1,88,0,0
24:41:8c:a8:a7:d7,0,789,144561,0,0,789,144561,0,0
04:00:30:cf:ff:ff,0,2,158,0,0,2,158,0,0
04:00:40:cf:ff:ff,0,1,88,0,0,1,88,0,0
04:00:70:cf:ff:ff,0,2,176,0,0,2,176,0,0
04:00:00:d0:ff:ff,0,2,176,0,0,2,176,0,0
04:00:10:d0:ff:ff,0,2,176,0,0,2,176,0,0
04:00:80:d0:ff:ff,0,2,176,0,0,2,176,0,0
04:00:90:d0:ff:ff,0,2,176,0,0,2,176,0,0
04:00:a0:d0:ff:ff,0,1,88,0,0,1,88,0,0
95:cc:d7:cc:b5:54,0,18,1320,0,0,0,0,18,1320
52:81:a7:30:b5:52,0,2,140,0,0,2,140,0,0
83:be:56:c8:b5:52,0,1,70,0,0,1,70,0,0
36:a5:b3:1b:ca:85,0,1,70,0,0,1,70,0,0
33:33:ff:1c:b5:17,0,1,172,0,0,0,0,1,172
ac:45:00:09:1c:6a,0,7,1567,0,0,7,1567,0,0
28:c2:1f:77:df:6a,0,5,1020,0,0,5,1020,0,0
56:43:eb:ff:22:9e,0,9,2763,0,0,9,2763,0,0
f2:76:20:9f:00:3c,0,11,4587,0,0,11,4587,0,0
33:33:ff:9f:94:e0,0,1,180,0,0,0,0,1,180
c4:0a:cb:2d:a4:15,0,1,84,0,0,0,0,1,84
46:ab:8f:5e:91:3d,0,2,486,0,0,2,486,0,0
2e:7e:aa:af:4e:5c,0,4,719,0,0,4,719,0,0
b8:90:47:23:e4:d6,0,85,33372,0,0,85,33372,0,0
fc:d4:36:1f:22:ee,0,69,12296,0,0,69,12296,0,0
50:3c:ca:63:1e:37,0,16,2582,0,0,16,2582,0,0
80:38:fb:02:4d:c4,0,183,31011,0,0,183,31011,0,0
c0:95:6d:41:ea:59,0,59,20724,0,0,59,20724,0,0
0a:ae:97:a8:6f:e2,0,8,1591,0,0,8,1591,0,0
04:00:90:d1:ff:ff,0,1,88,0,0,1,88,0,0
85:84:83:40:e3:3c,0,1,70,0,0,1,70,0,0
04:00:c0:d1:ff:ff,0,1,88,0,0,0,0,1,88
80:91:33:f3:28:93,0,28,6553,0,0,28,6553,0,0
f2:6d:2b:9f:00:3c,0,8,3336,0,0,8,3336,0,0
33:33:ff:d3:b0:04,0,3,540,0,0,0,0,3,540
a8:7e:ea:84:c2:40,0,63,14799,0,0,63,14799,0,0
64:a2:f9:92:e6:53,0,6,924,0,0,6,924,0,0
33:33:ff:27:1f:00,0,1,180,0,0,0,0,1,180
e0:d4:64:86:68:98,0,23,4038,0,0,23,4038,0,0
2a:3a:6b:22:c9:e8,0,1,164,0,0,1,164,0,0
8c:c6:81:d4:ba:20,0,143,26904,0,0,143,26904,0,0
f2:78:0a:8f:00:3c,0,11,4587,0,0,11,4587,0,0
c0:47:54:8c:1c:77,0,43,8310,0,0,43,8310,0,0
da:e0:1d:b7:f0:e2,0,1,201,0,0,1,201,0,0
19:c4:da:e0:1d:b7,0,1,201,0,0,0,0,1,201
b5:55:04:00:60:36,0,4,334,0,0,4,334,0,0
d4:87:b5:55:04:00,0,1,70,0,0,0,0,1,70
b5:55:bb:ea:49:9e,0,9,660,0,0,9,660,0,0
00:00:0c:07:ac:82,0,52,8028,0,0,51,7850,1,178
cb:25:b5:55:a0:65,0,3,228,0,0,0,0,3,228
cb:25:b5:55:86:13,0,3,210,0,0,3,210,0,0
b4:f6:b5:55:a0:65,0,3,210,0,0,0,0,3,210
2e:d2:07:9a:37:4f,0,12,840,0,0,0,0,12,840
f4:02:28:ff:eb:67,0,108,17875,0,0,108,17875,0,0
f2:78:19:bf:00:28,0,6,2502,0,0,6,2502,0,0
40:9c:28:5b:35:32,0,23,4996,0,0,23,4996,0,0
f2:d1:22:0f:00:28,0,4,1668,0,0,4,1668,0,0
50:49:b0:b7:5f:6d,0,53,8046,0,0,53,8046,0,0
04:99:bb:65:1f:3a,0,10,2098,0,0,10,2098,0,0
33:33:ff:a5:db:15,0,1,180,0,0,0,0,1,180
f2:6d:22:9f:00:28,0,10,4170,0,0,10,4170,0,0
2c:be:eb:32:ce:54,0,46,10363,0,0,46,10363,0,0
33:33:ff:10:1e:7a,0,1,180,0,0,0,0,1,180
f2:6d:1c:9f:00:3c,0,10,4170,0,0,10,4170,0,0
54:6c:eb:7a:e4:c8,0,5,1423,0,0,5,1423,0,0
38:53:9c:c0:65:f4,0,19,4000,0,0,19,4000,0,0
f2:cd:73:36:52:a7,0,29,8975,0,0,29,8975,0,0
36:14:d9:1f:ce:c8,0,26,4640,0,0,26,4640,0,0
20:3b:69:33:29:66,0,2,318,0,0,2,318,0,0
62:41:cb:0b:55:95,0,2,328,0,0,2,328,0,0
04:00:00:d3:ff:ff,0,1,88,0,0,1,88,0,0
04:00:10:d3:ff:ff,0,1,88,0,0,1,88,0,0
04:00:40:d3:ff:ff,0,1,88,0,0,0,0,1,88
04:00:a0:d3:ff:ff,0,1,88,0,0,1,88,0,0
04:00:e0:d3:ff:ff,0,1,88,0,0,1,88,0,0
04:00:f0:d3:ff:ff,0,1,88,0,0,1,88,0,0
04:00:00:d4:ff:ff,0,1,88,0,0,1,88,0,0
04:00:10:d4:ff:ff,0,1,88,0,0,1,88,0,0
04:00:60:d4:ff:ff,0,1,88,0,0,1,88,0,0
04:00:70:d4:ff:ff,0,3,264,0,0,3,264,0,0
d8:a3:15:67:2f:6f,0,10,1672,0,0,10,1672,0,0
a2:14:5b:65:e6:40,0,3,610,0,0,3,610,0,0
04:00:e0:d4:ff:ff,0,2,176,0,0,2,176,0,0
04:00:f0:d4:ff:ff,0,2,176,0,0,2,176,0,0
04:00:10:d5:ff:ff,0,1,88,0,0,1,88,0,0
04:00:20:d5:ff:ff,0,1,88,0,0,1,88,0,0
04:00:50:d5:ff:ff,0,1,88,0,0,1,88,0,0
04:00:60:d5:ff:ff,0,1,88,0,0,1,88,0,0
04:00:a0:d5:ff:ff,0,1,88,0,0,1,88,0,0
04:00:b0:d5:ff:ff,0,1,88,0,0,1,88,0,0
04:00:c0:d5:ff:ff,0,2,176,0,0,2,176,0,0
5c:17:cf:a2:47:70,0,41,7874,0,0,41,7874,0,0
04:00:d0:d5:ff:ff,0,2,176,0,0,2,176,0,0
04:00:e0:d5:ff:ff,0,1,88,0,0,1,88,0,0
64:11:a4:90:1c:a1,0,115,22740,0,0,115,22740,0,0
24:95:2f:bd:af:90,0,13,2772,0,0,13,2772,0,0
04:00:30:d6:ff:ff,0,2,176,0,0,1,88,1,88
4e:be:77:89:f9:cb,0,13,2945,0,0,13,2945,0,0
f2:78:5e:2f:00:28,0,7,2919,0,0,7,2919,0,0
9e:23:36:fe:19:bf,0,18,3302,0,0,18,3302,0,0
72:5f:d1:c6:e3:50,0,1,436,0,0,1,436,0,0
04:00:40:5e:07:00,0,1,88,0,0,1,88,0,0
2c:be:eb:32:03:ae,0,11,2283,0,0,11,2283,0,0
7c:24:99:f2:28:12,0,9,2350,0,0,9,2350,0,0
bc:1d:89:64:bc:8b,0,7,1550,0,0,7,1550,0,0
33:33:ff:cc:16:29,0,1,180,0,0,0,0,1,180
04:bd:bf:26:da:0c,0,26,4218,0,0,26,4218,0,0
e8:5a:8b:89:cd:2d,0,91,25177,0,0,91,25177,0,0
a8:4a:28:1c:ab:d3,0,48,13635,0,0,48,13635,0,0
9c:50:d1:a7:cb:fc,0,125,22682,0,0,125,22682,0,0
4c:03:4f:4d:9a:81,0,5,1174,0,0,5,1174,0,0
33:33:ff:7b:06:4b,0,2,360,0,0,0,0,2,360
f2:c5:53:7f:00:3c,0,9,3753,0,0,9,3753,0,0
cc:44:63:0f:61:63,0,19,4422,0,0,19,4422,0,0
80:ed:2c:1f:ce:d0,0,12,3096,0,0,12,3096,0,0
f8:7d:76:dd:51:42,0,130,43528,0,0,130,43528,0,0
a0:fb:c5:0f:47:f1,0,5,1557,0,0,5,1557,0,0
04:00:f0:dd:ff:ff,0,2,176,0,0,2,176,0,0
bc:e7:cf:df:ca:81,0,1,70,0,0,1,70,0,0
cf:a7:ff:e6:b5:50,0,1,70,0,0,1,70,0,0
e0:d4:e8:dc:04:9c,0,14,4037,0,0,14,4037,0,0
43:e8:41:f3:b5:51,0,1,70,0,0,1,70,0,0
33:33:ff:bd:e3:3f,0,8,1440,0,0,0,0,8,1440
a8:4a:28:c3:91:23,0,33,9163,0,0,33,9163,0,0
10:ec:81:86:2d:60,0,60,14381,0,0,60,14381,0,0
f2:6d:1e:4f:00:3c,0,7,2919,0,0,7,2919,0,0
f2:78:5f:1f:00:28,0,6,2502,0,0,6,2502,0,0
c0:95:6d:2b:da:d2,0,15,5602,0,0,15,5602,0,0
44:e5:17:b5:71:79,0,25,4436,0,0,25,4436,0,0
90:df:7d:d5:53:cd,0,21,3418,0,0,21,3418,0,0
60:6e:e8:f7:b1:82,0,2,411,0,0,2,411,0,0
60:7e:c9:5b:40:8f,0,44,15370,0,0,44,15370,0,0
72:50:c1:34:4a:e5,0,2,146,0,0,2,146,0,0
04:00:f0:35:ff:ff,0,1,88,0,0,1,88,0,0
04:00:a0:d6:ff:ff,0,2,176,0,0,2,176,0,0
04:00:00:d7:ff:ff,0,2,176,0,0,2,176,0,0
b8:99:74:f0:e6:35,0,4,280,0,0,4,280,0,0
04:00:20:d7:ff:ff,0,3,246,0,0,3,246,0,0
04:00:30:d7:ff:ff,0,1,88,0,0,1,88,0,0
04:00:60:d7:ff:ff,0,1,88,0,0,1,88,0,0
04:00:70:d7:ff:ff,0,1,88,0,0,1,88,0,0
f2:76:0f:5f:00:28,0,7,2919,0,0,7,2919,0,0
04:00:b0:d7:ff:ff,0,1,88,0,0,1,88,0,0
04:00:c0:d7:ff:ff,0,3,264,0,0,3,264,0,0
04:00:e0:d7:ff:ff,0,2,176,0,0,2,176,0,0
f2:77:b3:8f:00:3c,0,12,5004,0,0,12,5004,0,0
04:00:f0:d9:ff:ff,0,1,88,0,0,1,88,0,0
b9:2e:2e:03:ff:ff,0,2,146,0,0,2,146,0,0
04:00:90:db:ff:ff,0,2,176,0,0,1,88,1,88
04:00:a0:db:ff:ff,0,2,176,0,0,1,88,1,88
04:00:b0:db:ff:ff,0,1,88,0,0,0,0,1,88
ff:ff:ff:ff:c2:5b,0,1,84,0,0,1,84,0,0
a0:39:92:fa:b5:54,0,86,6020,0,0,86,6020,0,0
07:b9:2b:73:cd:2d,0,2,146,0,0,2,146,0,0
04:00:30:dd:ff:ff,0,1,88,0,0,1,88,0,0
43:8f:c7:ce:a0:9a,0,1,179,0,0,1,179,0,0
40:f4:e5:30:f2:ae,0,1,179,0,0,0,0,1,179
b5:54:04:00:b0:89,0,1,88,0,0,1,88,0,0
59:85:e8:80:2c:ac,0,2,146,0,0,2,146,0,0
f8:a7:3d:3d:1e:77,0,1,1392,0,0,1,1392,0,0
20:a1:d3:5a:67:d4,0,1,1392,0,0,0,0,1,1392
b5:54:04:00:d0:89,0,1,88,0,0,1,88,0,0
b5:54:04:00:f0:89,0,1,88,0,0,1,88,0,0
d8:32:e3:4f:b7:32,0,186,43688,0,0,186,43688,0,0
14:7d:da:da:6e:6d,0,17,8655,0,0,17,8655,0,0
1a:a7:d2:3b:cf:b7,0,2,146,0,0,2,146,0,0
ff:ff:ff:ff:62:5c,0,1,84,0,0,1,84,0,0
6e:89:fd:a7:54:95,0,3,222,0,0,3,222,0,0
ff:ff:ff:ff:5a:de,0,2,160,0,0,2,160,0,0
2e:36:f6:ff:35:76,0,2,146,0,0,2,146,0,0
ff:ff:ff:ff:2b:d3,0,1,84,0,0,1,84,0,0
d4:3a:2c:8d:7f:dc,0,129,19772,0,0,129,19772,0,0
46:e9:85:5b:b5:53,0,3,210,0,0,3,210,0,0
1a:a7:d2:3b:06:d8,0,2,146,0,0,2,146,0,0
ff:ff:ff:ff:13:51,0,1,84,0,0,1,84,0,0
35:b9:5a:e6:91:35,0,2,146,0,0,2,146,0,0
ff:ff:ff:ff:fb:d0,0,2,154,0,0,2,154,0,0
07:75:43:e8:41:f3,0,2,140,0,0,0,0,2,140
f8:89:d2:c7:07:15,0,1,255,0,0,1,255,0,0
0e:30:0c:87:f2:d7,0,1,255,0,0,0,0,1,255
b5:54:04:00:50:8a,0,1,88,0,0,1,88,0,0
f2:6d:2b:cf:00:28,0,5,2085,0,0,5,2085,0,0
c8:54:a4:43:7c:09,0,45,7034,0,0,45,7034,0,0
f3:f2:60:88:b5:53,0,5,350,0,0,5,350,0,0
f2:6d:1c:9f:00:28,0,6,2502,0,0,6,2502,0,0
09:fc:2a:0c:07:75,0,13,910,0,0,13,910,0,0
d2:c7:07:75:f8:83,0,5,380,0,0,3,228,2,152
b4:00:ae:01:c4:0a,0,3,228,0,0,0,0,3,228
60:88:07:75:f8:83,0,3,210,0,0,1,70,2,140
d4:87:07:75:f8:83,0,1,70,0,0,1,70,0,0
a4:20:07:75:f8:83,0,1,70,0,0,1,70,0,0
c4:00:88:00:f8:89,0,7,490,0,0,0,0,7,490
b4:51:48:d8:72:4a,0,1,180,0,0,1,180,0,0
61:df:54:1d:35:77,0,1,180,0,0,0,0,1,180
b5:54:04:00:a0:8a,0,1,88,0,0,1,88,0,0
01:d0:b5:54:74:14,0,5,350,0,0,2,140,3,210
c4:00:a2:00:c4:0a,0,2,140,0,0,0,0,2,140
ff:ff:ff:ff:81:4f,0,3,230,0,0,3,230,0,0
b5:54:0c:55:ae:87,0,3,210,0,0,0,0,3,210
ff:ff:ff:ff:69:ce,0,1,84,0,0,1,84,0,0
bc:22:4a:b1:05:ec,0,4,286,0,0,4,286,0,0
ff:ff:ff:ff:51:4c,0,4,300,0,0,4,300,0,0
33:33:ff:2d:41:4b,0,7,1260,0,0,0,0,7,1260
f2:6d:2a:4f:00:3c,0,12,4657,0,0,12,4657,0,0
f2:6d:19:0f:00:28,0,5,2085,0,0,5,2085,0,0
07:b9:2b:73:7d:e9,0,3,222,0,0,3,222,0,0
b0:68:e6:65:2c:bb,0,18,3751,0,0,18,3751,0,0
33:33:ff:8d:47:45,0,1,172,0,0,0,0,1,172
83:40:bb:21:b9:07,0,1,70,0,0,1,70,0,0
f4:26:79:97:33:6c,0,3,776,0,0,3,776,0,0
33:28:0f:b7:71:79,0,2,146,0,0,2,146,0,0
b5:54:2e:fe:fb:bb,0,3,210,0,0,0,0,3,210
ff:ff:ff:ff:f1:4b,0,3,230,0,0,3,230,0,0
07:75:b9:e6:0b:77,0,6,420,0,0,0,0,6,420
cb:25:b5:54:31:a7,0,2,152,0,0,0,0,2,152
cb:25:b5:54:3e:13,0,2,140,0,0,2,140,0,0
cc:55:b5:54:31:a7,0,2,140,0,0,0,0,2,140
ff:ff:ff:ff:19:ca,0,3,230,0,0,3,230,0,0
ff:ff:ff:ff:80:46,0,2,154,0,0,2,154,0,0
07:75:7b:04:7b:ff,0,1,70,0,0,0,0,1,70
ff:ff:ff:ff:68:c7,0,1,84,0,0,1,84,0,0
1a:a7:d2:3b:0b:41,0,2,152,0,0,2,152,0,0
ff:ff:ff:ff:50:45,0,2,154,0,0,2,154,0,0
07:75:b3:4c:53:a9,0,4,280,0,0,0,0,4,280
ff:ff:ff:ff:b8:c4,0,2,154,0,0,2,154,0,0
ff:ff:ff:ff:20:41,0,7,540,0,0,7,540,0,0
cb:25:b5:54:5e:06,0,2,152,0,0,0,0,2,152
5e:06:f1:c5:b5:54,0,4,298,0,0,0,0,4,298
bc:22:4a:b1:b5:54,0,1,76,0,0,0,0,1,76
03:fe:32:f1:b5:54,0,2,140,0,0,2,140,0,0
ff:ff:ff:ff:18:c3,0,1,84,0,0,1,84,0,0
3a:aa:da:ab:00:00,0,1,70,0,0,1,70,0,0
d2:c1:c3:09:b5:54,0,4,280,0,0,4,280,0,0
ff:ff:ff:ff:50:80,0,3,230,0,0,3,230,0,0
ff:ff:ff:ff:b8:01,0,1,84,0,0,1,84,0,0
92:d7:b0:0b:ca:85,0,2,140,0,0,2,140,0,0
a8:4a:28:87:83:0d,0,1,253,0,0,1,253,0,0
09:fc:2a:0c:b5:50,0,4,280,0,0,4,280,0,0
6c:94:66:e4:cb:3b,0,8,2488,0,0,8,2488,0,0
f2:78:5d:cf:00:28,0,8,3336,0,0,8,3336,0,0
d2:c7:07:75:8f:30,0,2,152,0,0,1,76,1,76
b4:00:ba:01:c4:0a,0,1,76,0,0,0,0,1,76
41:f3:07:75:8f:30,0,2,140,0,0,1,70,1,70
c4:00:80:00:f8:89,0,3,210,0,0,0,0,3,210
94:00:00:00:f8:89,0,31,2728,0,0,0,0,31,2728
d4:87:b5:54:04:00,0,23,1610,0,0,5,350,18,1260
85:5b:b5:54:04:00,0,1,70,0,0,1,70,0,0
c4:00:7c:00:f8:89,0,1,70,0,0,0,0,1,70
09:fc:2a:0c:b5:51,0,10,700,0,0,10,700,0,0
07:b9:2b:73:5c:47,0,7,526,0,0,7,526,0,0
ff:ff:ff:ff:69:0b,0,1,84,0,0,1,84,0,0
85:84:83:40:11:f4,0,2,140,0,0,2,140,0,0
ff:ff:ff:ff:f1:8e,0,3,230,0,0,3,230,0,0
2c:a7:ef:58:bd:c5,0,10,1456,0,0,10,1456,0,0
56:91:97:1e:0b:41,0,1,76,0,0,1,76,0,0
fc:9d:41:e9:69:f2,0,2,146,0,0,2,146,0,0
04:00:80:8c:ff:ff,0,1,88,0,0,1,88,0,0
09:74:d0:0e:ff:ff,0,3,216,0,0,3,216,0,0
ff:ff:ff:ff:21:8d,0,1,84,0,0,1,84,0,0
cb:25:b5:54:07:b9,0,93,7068,0,0,19,1444,74,5624
cb:25:b5:54:a0:39,0,33,2310,0,0,33,2310,0,0
92:fa:b5:54:07:b9,0,41,2870,0,0,9,630,32,2240
ff:ff:ff:ff:c9:0c,0,7,522,0,0,7,522,0,0
ff:ff:ff:ff:13:94,0,1,84,0,0,1,84,0,0
c1:9f:6d:25:b4:bb,0,13,910,0,0,13,910,0,0
07:14:cb:25:b5:55,0,12,840,0,0,0,0,12,840
e0:2b:e9:55:3e:e4,0,23,11697,0,0,23,11697,0,0
9a:47:30:fd:2b:8a,0,1,184,0,0,1,184,0,0
5c:ba:ef:5f:5f:a7,0,5,1545,0,0,5,1545,0,0
b5:54:04:00:40:36,0,4,334,0,0,4,334,0,0
d2:c7:07:75:e3:0c,0,8,608,0,0,1,76,7,532
2a:0c:07:75:e3:0c,0,8,560,0,0,1,70,7,490
d4:87:07:75:e3:0c,0,4,280,0,0,1,70,3,210
cb:25:b5:54:84:5a,0,1,76,0,0,0,0,1,76
cb:25:b5:54:fe:28,0,1,70,0,0,1,70,0,0
56:b2:b5:54:84:5a,0,1,70,0,0,0,0,1,70
ff:ff:ff:ff:12:9d,0,3,230,0,0,3,230,0,0
b5:54:4c:eb:9d:a6,0,2,140,0,0,0,0,2,140
07:75:68:d9:fa:8f,0,2,140,0,0,0,0,2,140
07:75:f6:f3:a4:20,0,3,210,0,0,0,0,3,210
f8:89:d2:c7:c7:29,0,1,192,0,0,1,192,0,0
63:8e:3a:55:9d:8f,0,1,192,0,0,0,0,1,192
b5:54:04:00:20:8d,0,1,88,0,0,1,88,0,0
b5:54:07:b9:2b:73,0,11,812,0,0,11,812,0,0
ff:ff:ff:ff:b2:9a,0,4,300,0,0,4,300,0,0
b8:99:74:f0:18:d5,0,2,140,0,0,2,140,0,0
33:33:ff:81:ad:de,0,13,2340,0,0,0,0,13,2340
b0:68:e6:ae:7f:51,0,9,2799,0,0,9,2799,0,0
b4:00:aa:01:c4:0a,0,1,76,0,0,0,0,1,76
c4:00:70:00:f8:89,0,9,630,0,0,0,0,9,630
29:86:b5:54:42:0a,0,3,210,0,0,2,140,1,70
c4:00:9a:00:c4:0a,0,2,140,0,0,0,0,2,140
ff:ff:ff:ff:5a:1b,0,4,300,0,0,4,300,0,0
07:b9:2b:73:b5:54,0,23,1706,0,0,0,0,23,1706
ff:ff:ff:ff:62:99,0,1,84,0,0,1,84,0,0
ff:ff:ff:ff:8a:18,0,1,84,0,0,1,84,0,0
9a:72:20:54:5e:f4,0,2,146,0,0,2,146,0,0
ff:ff:ff:ff:d6:a8,0,1,84,0,0,1,84,0,0
ff:ff:ff:ff:06:ab,0,1,84,0,0,1,84,0,0
18:d5:bc:dc:51:36,0,4,280,0,0,0,0,4,280
d8:b0:53:5f:0b:17,0,122,11054,0,0,13,2002,109,9052
c4:0a:cb:2d:af:00,0,6,740,0,0,6,740,0,0
e3:0c:c5:56:e4:72,0,3,216,0,0,3,216,0,0
04:00:40:dd:ff:ff,0,1,88,0,0,0,0,1,88
04:00:60:dd:ff:ff,0,4,316,0,0,1,88,3,228
09:fc:2a:0c:ca:85,0,6,420,0,0,6,420,0,0
07:b9:2b:73:ff:ff,0,25,1852,0,0,18,1338,7,514
ff:ff:ff:ff:ee:2a,0,1,84,0,0,1,84,0,0
f2:78:5c:af:00:3c,0,16,6672,0,0,16,6672,0,0
c4:12:34:d7:0b:8c,0,143,58767,0,0,143,58767,0,0
09:fc:2a:0c:ca:80,0,3,210,0,0,3,210,0,0
cb:25:b5:54:78:37,0,1,76,0,0,1,76,0,0
b4:00:d8:01:f8:89,0,1,76,0,0,0,0,1,76
93:a5:b5:54:78:37,0,1,70,0,0,1,70,0,0
c4:00:aa:01:c4:0a,0,1,70,0,0,0,0,1,70
18:d5:97:ed:ea:4a,0,1,70,0,0,0,0,1,70
d2:71:18:d5:ad:6b,0,1,76,0,0,0,0,1,76
d2:71:18:d5:3b:ff,0,1,70,0,0,1,70,0,0
ca:93:18:d5:ad:6b,0,1,70,0,0,0,0,1,70
cb:25:b5:54:8e:43,0,17,1292,0,0,11,836,6,456
cb:25:b5:54:5f:36,0,3,210,0,0,3,210,0,0
1c:d6:b5:54:8e:43,0,14,980,0,0,11,770,3,210
a3:f0:3f:5a:ea:68,0,3,210,0,0,0,0,3,210
c8:3d:d4:6b:41:fb,0,125,38820,0,0,125,38820,0,0
ff:3b:59:5e:f4:a8,0,1,70,0,0,1,70,0,0
2a:0c:59:5e:f4:a8,0,1,70,0,0,1,70,0,0
d4:87:59:5e:f4:a8,0,1,70,0,0,1,70,0,0
85:84:83:40:e6:35,0,15,1050,0,0,15,1050,0,0
cd:c5:59:5e:74:82,0,1,313,0,0,1,313,0,0
8c:47:54:8c:32:d9,0,1,313,0,0,0,0,1,313
71:ec:d4:87:e6:35,0,8,560,0,0,8,560,0,0
90:32:4b:af:db:a3,0,3,806,0,0,3,806,0,0
2a:0c:cb:25:b5:55,0,9,630,0,0,0,0,9,630
bb:c0:13:05:b5:54,0,2,146,0,0,0,0,2,146
b5:54:e5:86:65:73,0,13,910,0,0,0,0,13,910
18:d5:a5:81:7c:fb,0,1,70,0,0,0,0,1,70
32:d9:c4:0a:cb:25,0,125,9968,0,0,0,0,125,9968
32:d9:f7:ce:2c:01,0,1,70,0,0,0,0,1,70
b8:db:83:56:b5:53,0,1,70,0,0,1,70,0,0
e1:c6:bd:09:ca:83,0,1,70,0,0,1,70,0,0
04:00:40:5e:ff:ff,0,2,176,0,0,2,176,0,0
f3:f2:60:88:6d:25,0,1,70,0,0,1,70,0,0
de:44:a5:85:b5:50,0,2,140,0,0,2,140,0,0
d8:d7:82:c2:b5:54,0,7,508,0,0,0,0,7,508
43:0d:b5:10:b5:54,0,2,146,0,0,0,0,2,146
d8:86:59:b9:18:d5,0,2,140,0,0,2,140,0,0
74:81:c9:93:b5:54,0,2,146,0,0,0,0,2,146
c5:b4:3e:0d:18:d5,0,1,70,0,0,1,70,0,0
cb:25:b5:54:a7:cc,0,2,152,0,0,2,152,0,0
b4:00:c0:00:f8:89,0,3,228,0,0,0,0,3,228
cc:55:b5:54:a7:cc,0,2,140,0,0,2,140,0,0
c4:00:92:00:c4:0a,0,2,140,0,0,0,0,2,140
db:92:d2:71:18:d5,0,1,154,0,0,1,154,0,0
b5:54:04:00:60:37,0,2,158,0,0,2,158,0,0
5c:5f:67:48:8e:24,0,6,1491,0,0,6,1491,0,0
3c:06:30:44:d0:02,0,125,54105,0,0,125,54105,0,0
f2:6d:2b:9f:00:28,0,6,2502,0,0,6,2502,0,0
52:2b:b4:92:bf:54,0,20,5396,0,0,20,5396,0,0
14:2d:4d:75:e9:d4,0,38,8128,0,0,38,8128,0,0
d2:c7:07:75:f3:f2,0,12,840,0,0,12,840,0,0
60:88:cb:25:b5:55,0,8,560,0,0,0,0,8,560
a6:7c:31:89:9a:ed,0,1,178,0,0,1,178,0,0
ca:e6:f9:29:4a:4b,0,1,178,0,0,0,0,1,178
ff:ff:ff:ff:1f:00,0,9,762,0,0,2,176,7,586
10:82:d7:34:0f:07,0,1,164,0,0,1,164,0,0
94:b8:6d:93:42:2a,0,4,1003,0,0,4,1003,0,0
54:8c:32:d9:b8:99,0,11,770,0,0,11,770,0,0
74:f0:cb:25:b5:55,0,11,770,0,0,0,0,11,770
2c:be:eb:33:50:61,0,78,13036,0,0,78,13036,0,0
5f:36:1c:d6:18:d5,0,1,70,0,0,1,70,0,0
04:00:90:dd:ff:ff,0,2,176,0,0,2,176,0,0
f0:9e:4a:7f:41:94,0,8,3113,0,0,8,3113,0,0
f2:c5:4e:ff:00:28,0,9,3753,0,0,9,3753,0,0
04:00:c0:dd:ff:ff,0,1,88,0,0,1,88,0,0
04:00:d0:dd:ff:ff,0,1,88,0,0,1,88,0,0
f2:6d:25:0f:00:3c,0,15,6255,0,0,15,6255,0,0
f0:79:60:de:2a:5c,0,9,2393,0,0,9,2393,0,0
0a:7d:d4:cb:b5:55,0,10,730,0,0,0,0,10,730
f2:c5:4e:0f:00:28,0,7,2919,0,0,7,2919,0,0
f2:76:0e:ff:00:28,0,10,4170,0,0,10,4170,0,0
0a:7d:d4:cb:25:29,0,2,146,0,0,2,146,0,0
dc:a1:c5:20:ed:71,0,1,166,0,0,1,166,0,0
40:02:9f:54:2d:d6,0,1,166,0,0,0,0,1,166
ff:ff:ff:ff:7f:00,0,3,252,0,0,1,88,2,164
07:75:e3:0c:c5:56,0,6,438,0,0,6,438,0,0
f6:f3:a4:20:b5:53,0,1,70,0,0,1,70,0,0
b4:00:b4:00:f8:89,0,20,1520,0,0,0,0,20,1520
c4:00:8a:00:c4:0a,0,17,1190,0,0,0,0,17,1190
f2:6d:18:df:00:28,0,6,2502,0,0,6,2502,0,0
f2:6d:2a:1f:00:3c,0,14,5838,0,0,14,5838,0,0
c4:5e:07:27:b5:55,0,1,166,0,0,0,0,1,166
c7:71:ae:30:d6:7a,0,1,76,0,0,1,76,0,0
ae:30:d6:7a:23:4a,0,2,146,0,0,2,146,0,0
ff:ff:ff:ff:ff:00,0,4,352,0,0,2,176,2,176
80:23:4d:1c:0d:3d,0,1,166,0,0,0,0,1,166
ff:ff:ff:ff:ff:01,0,4,322,0,0,3,234,1,88
07:b9:2b:73:e4:c0,0,4,292,0,0,4,292,0,0
07:b9:2b:73:69:f2,0,8,602,0,0,8,602,0,0
ff:ff:ff:ff:35:bb,0,1,84,0,0,1,84,0,0
54:32:c7:5a:b9:63,0,4,972,0,0,4,972,0,0
33:33:ff:08:99:ab,0,5,900,0,0,0,0,5,900
f2:6d:28:cf:00:3c,0,12,5004,0,0,12,5004,0,0
33:28:0f:b7:ee:38,0,3,222,0,0,3,222,0,0
07:b9:2b:73:35:95,0,2,146,0,0,2,146,0,0
07:b9:2b:73:d9:f1,0,1,76,0,0,1,76,0,0
07:b9:2b:73:66:7f,0,4,298,0,0,4,298,0,0
07:b9:2b:73:4f:8d,0,2,152,0,0,2,152,0,0
07:b9:2b:73:60:35,0,1,76,0,0,1,76,0,0
ff:ff:ff:ff:7c:34,0,1,84,0,0,1,84,0,0
f2:6d:27:1f:00:3c,0,12,4657,0,0,12,4657,0,0
2c:6d:c1:f8:6a:e2,0,25,5548,0,0,25,5548,0,0
09:fc:2a:0c:b5:52,0,5,350,0,0,5,350,0,0
a4:20:31:04:19:97,0,2,140,0,0,2,140,0,0
f2:6d:2c:5f:00:3c,0,15,6255,0,0,15,6255,0,0
f6:f3:a4:20:ca:80,0,1,70,0,0,1,70,0,0
71:ec:d4:87:11:f4,0,1,70,0,0,1,70,0,0
80:91:33:75:d8:dd,0,4,1117,0,0,4,1117,0,0
2d:ab:9c:c9:45:8c,0,1,166,0,0,1,166,0,0
9c:c9:45:8c:ab:84,0,1,166,0,0,0,0,1,166
33:33:ff:cb:44:a2,0,3,540,0,0,0,0,3,540
cd:27:5a:14:c9:1c,0,1,258,0,0,1,258,0,0
88:41:2c:60:4a:5e,0,1,258,0,0,0,0,1,258
0a:7d:d4:cb:3d:27,0,3,222,0,0,3,222,0,0
b5:55:4e:0f:74:67,0,10,700,0,0,0,0,10,700
b8:37:4a:94:fa:33,0,66,23885,0,0,66,23885,0,0
b4:ae:c1:0b:1b:04,0,43,10063,0,0,43,10063,0,0
23:dd:f0:c5:4f:78,0,1,1436,0,0,1,1436,0,0
db:c7:83:68:ae:4b,0,1,1436,0,0,0,0,1,1436
34:2e:b7:94:6a:b5,0,7,1936,0,0,7,1936,0,0
93:a8:f7:4a:6a:b5,0,2,146,0,0,2,146,0,0
88:41:2c:00:c4:0a,0,1,166,0,0,0,0,1,166
ff:ff:ff:ff:14:57,0,1,84,0,0,1,84,0,0
71:ec:d4:87:34:1f,0,3,210,0,0,3,210,0,0
93:a8:f7:4a:60:35,0,2,146,0,0,2,146,0,0
ff:ff:ff:ff:ff:7f,0,3,264,0,0,1,88,2,176
85:84:83:40:34:1f,0,1,70,0,0,1,70,0,0
3e:b3:0d:de:5b:71,0,2,146,0,0,2,146,0,0
85:84:83:40:07:75,0,9,630,0,0,9,630,0,0
78:64:c0:b4:d1:9d,0,81,19369,0,0,81,19369,0,0
74:ab:2e:6e:21:9e,0,1,76,0,0,1,76,0,0
c6:0a:cb:25:e6:30,0,16,1504,0,0,0,0,16,1504
ff:ff:ff:ff:5d:d8,0,1,84,0,0,1,84,0,0
04:bd:bf:ea:e0:bc,0,4,789,0,0,4,789,0,0
20:32:c6:03:44:fa,0,9,2278,0,0,9,2278,0,0
98:a5:f9:d3:96:27,0,68,26998,0,0,68,26998,0,0
cc:69:fa:7d:31:7a,0,23,6032,0,0,23,6032,0,0
07:b9:2b:73:bb:53,0,2,146,0,0,2,146,0,0
ff:ff:ff:ff:b5:59,0,1,84,0,0,1,84,0,0
b4:bb:07:14:34:1f,0,1,70,0,0,1,70,0,0
00:45:e2:ab:ed:39,0,6,1866,0,0,6,1866,0,0
07:b9:2b:73:d7:81,0,1,76,0,0,1,76,0,0
07:b9:2b:73:1c:d0,0,6,456,0,0,6,456,0,0
e0:80:6b:4c:dc:53,0,100,23205,0,0,100,23205,0,0
33:33:ff:f0:c2:46,0,2,360,0,0,0,0,2,360
07:b9:2b:73:ab:fd,0,4,292,0,0,4,292,0,0
e4:40:97:67:dc:57,0,3642,343464,0,0,3500,330792,142,12672
33:33:ff:fd:e9:65,0,19,3420,0,0,0,0,19,3420
f8:1a:2b:e7:1d:d1,0,55,12245,0,0,55,12245,0,0
f2:6d:1f:9f:00:3c,0,21,7716,0,0,21,7716,0,0
f2:78:bd:ff:00:3c,0,16,6672,0,0,16,6672,0,0
07:b9:2b:73:35:76,0,1,76,0,0,1,76,0,0
07:b9:2b:73:b9:07,0,13,976,0,0,13,976,0,0
07:b9:2b:73:ee:38,0,12,894,0,0,12,894,0,0
ff:ff:ff:ff:fd:df,0,1,84,0,0,1,84,0,0
f3:f2:60:88:ca:83,0,1,70,0,0,1,70,0,0
ff:ff:ff:ff:15:5e,0,2,154,0,0,2,154,0,0
9c:28:f7:0d:7f:d8,0,71,11222,0,0,71,11222,0,0
d0:ab:d5:82:4d:fd,0,4,1244,0,0,4,1244,0,0
33:33:ff:15:f6:9d,0,1,180,0,0,0,0,1,180
c1:9f:6d:25:b4:f9,0,1,70,0,0,1,70,0,0
f0:b2:cb:25:b5:55,0,1,70,0,0,0,0,1,70
f2:76:18:ef:00:28,0,6,2502,0,0,6,2502,0,0
34:2e:b7:78:5a:d2,0,7,2177,0,0,7,2177,0,0
60:88:11:f4:04:00,0,1,70,0,0,0,0,1,70
d4:87:11:f4:04:00,0,1,70,0,0,0,0,1,70
04:00:d0:5e:ff:ff,0,2,176,0,0,2,176,0,0
a8:fe:9d:34:4e:5b,0,52,18330,0,0,52,18330,0,0
07:b9:2b:73:eb:34,0,2,146,0,0,2,146,0,0
04:00:00:5f:ff:ff,0,1,88,0,0,1,88,0,0
f2:6d:27:df:00:28,0,10,4170,0,0,10,4170,0,0
33:33:ff:e7:ab:12,0,2,360,0,0,0,0,2,360
3c:a6:f6:11:f6:62,0,27,12534,0,0,27,12534,0,0
f2:76:0d:df:00:28,0,8,3336,0,0,8,3336,0,0
f1:74:d2:71:1b:79,0,1,155,0,0,1,155,0,0
98:00:0c:07:ac:28,0,1,155,0,0,0,0,1,155
b5:54:04:00:d0:37,0,1,88,0,0,1,88,0,0
28:ea:2d:a6:02:14,0,8,2944,0,0,8,2944,0,0
09:fc:2a:0c:ca:84,0,4,280,0,0,4,280,0,0
04:00:60:a5:ff:ff,0,1,88,0,0,1,88,0,0
09:fc:2a:0c:ca:81,0,1,70,0,0,1,70,0,0
f2:6d:27:4f:00:28,0,9,3753,0,0,9,3753,0,0
43:e8:41:f3:07:75,0,5,350,0,0,5,350,0,0
f0:9e:4a:0a:ab:bd,0,9,2128,0,0,9,2128,0,0
04:00:00:de:ff:ff,0,1,88,0,0,1,88,0,0
2c:3b:70:cb:a9:33,0,10,2860,0,0,10,2860,0,0
50:da:d6:7d:53:20,0,199,50140,0,0,199,50140,0,0
a8:5b:b7:55:f7:76,0,3,712,0,0,3,712,0,0
34:6f:24:c4:43:85,0,2,312,0,0,2,312,0,0
20:1e:88:13:fd:4e,0,5,1314,0,0,5,1314,0,0
f2:c5:4e:9f:00:28,0,8,3336,0,0,8,3336,0,0
cb:25:b5:54:03:a7,0,2,152,0,0,1,76,1,76
b4:00:d8:00:f8:89,0,1,76,0,0,0,0,1,76
ae:87:b5:54:03:a7,0,2,140,0,0,1,70,1,70
c4:00:ae:00:c4:0a,0,1,70,0,0,0,0,1,70
ff:ff:ff:ff:6f:c1,0,1,84,0,0,1,84,0,0
ff:ff:ff:ff:87:40,0,1,84,0,0,1,84,0,0
e0:d5:5e:15:82:a6,0,2,266,0,0,2,266,0,0
48:74:12:46:44:29,0,37,6376,0,0,37,6376,0,0
48:74:12:92:b1:3d,0,7,1548,0,0,7,1548,0,0
f2:76:17:0f:00:3c,0,11,4587,0,0,11,4587,0,0
f2:6d:12:4f:00:28,0,5,2085,0,0,5,2085,0,0
33:33:ff:6c:f2:e5,0,2,360,0,0,0,0,2,360
54:8c:32:d9:c5:88,0,1,70,0,0,1,70,0,0
4e:d3:cb:25:b5:55,0,1,70,0,0,0,0,1,70
f2:6d:19:cf:00:3c,0,17,6395,0,0,17,6395,0,0
33:33:ff:af:cf:f0,0,3,540,0,0,0,0,3,540
78:af:08:05:d5:cf,0,2,622,0,0,2,622,0,0
08:25:25:ad:c1:6d,0,110,18606,0,0,110,18606,0,0
04:00:40:60:ff:ff,0,2,176,0,0,2,176,0,0
f2:6d:13:3f:00:3c,0,15,5908,0,0,15,5908,0,0
94:ad:23:b5:af:0c,0,65,23128,0,0,65,23128,0,0
a0:80:69:be:71:c0,0,6,3809,0,0,6,3809,0,0
33:33:ff:58:f4:51,0,4,720,0,0,0,0,4,720
f2:76:0f:8f:00:28,0,7,2919,0,0,7,2919,0,0
20:c1:9b:f6:8f:d3,0,4,3125,0,0,4,3125,0,0
b9:d7:65:7e:ce:18,0,1,166,0,0,1,166,0,0
b7:9e:50:8c:32:d9,0,1,166,0,0,0,0,1,166
71:c1:55:0f:18:d5,0,2,140,0,0,2,140,0,0
7e:28:a5:03:ca:82,0,1,70,0,0,1,70,0,0
b8:99:74:f0:ca:80,0,8,560,0,0,8,560,0,0
f2:6d:1a:8f:00:3c,0,13,5074,0,0,13,5074,0,0
33:33:ff:70:e1:31,0,2,360,0,0,0,0,2,360
40:4d:7f:87:de:b3,0,8,1710,0,0,8,1710,0,0
2c:fe:4f:f3:19:13,0,71,11402,0,0,71,11402,0,0
78:67:d7:02:49:3e,0,21,4411,0,0,21,4411,0,0
b0:3c:dc:d3:27:28,0,82,17881,0,0,82,17881,0,0
3f:86:04:57:b5:52,0,1,70,0,0,1,70,0,0
9f:c1:77:22:0c:18,0,1,76,0,0,1,76,0,0
fe:66:c7:2d:0c:18,0,1,76,0,0,1,76,0,0
04:00:70:61:ff:ff,0,2,176,0,0,2,176,0,0
04:00:90:61:ff:ff,0,1,88,0,0,1,88,0,0
cb:25:e6:35:74:ab,0,2,152,0,0,1,76,1,76
b4:00:40:01:c0:47,0,1,76,0,0,0,0,1,76
db:60:54:dc:eb:34,0,1,76,0,0,1,76,0,0
cb:25:e6:35:22:fd,0,1,76,0,0,1,76,0,0
b4:00:6c:0a:c0:47,0,1,76,0,0,0,0,1,76
07:75:09:fc:2a:0c,0,15,1050,0,0,0,0,15,1050
74:40:bb:29:36:6b,0,3,933,0,0,3,933,0,0
33:33:ff:40:13:20,0,1,172,0,0,0,0,1,172
04:00:40:de:ff:ff,0,2,176,0,0,2,176,0,0
04:00:50:de:ff:ff,0,1,88,0,0,1,88,0,0
04:00:60:de:ff:ff,0,1,88,0,0,1,88,0,0
54:55:6e:66:d7:0a,0,1,166,0,0,1,166,0,0
c0:47:54:55:6e:66,0,1,166,0,0,0,0,1,166
8f:9c:25:2c:b5:52,0,1,70,0,0,1,70,0,0
8f:9c:25:2c:b5:51,0,1,70,0,0,1,70,0,0
bc:6e:ff:3b:07:75,0,6,420,0,0,6,420,0,0
a5:c3:8b:5d:b5:50,0,2,140,0,0,2,140,0,0
cb:25:e6:35:d0:6a,0,5,380,0,0,1,76,4,304
b4:00:e4:00:c0:47,0,1,76,0,0,0,0,1,76
54:8c:32:d9:b8:db,0,1,70,0,0,1,70,0,0
83:56:cb:25:b5:55,0,1,70,0,0,0,0,1,70
b8:c7:4a:3d:a0:65,0,62,12179,0,0,62,12179,0,0
74:ab:2e:6e:a0:65,0,1,76,0,0,1,76,0,0
8b:f0:31:42:af:fc,0,1,457,0,0,1,457,0,0
b8:2a:a9:21:78:7a,0,132,42596,0,0,132,42596,0,0
60:06:e3:76:39:64,0,16,4270,0,0,16,4270,0,0
cb:25:e6:35:7e:b3,0,1,76,0,0,0,0,1,76
7e:b3:35:42:63:69,0,1,76,0,0,1,76,0,0
f2:c5:4d:1f:00:28,0,4,1668,0,0,4,1668,0,0
2a:0c:31:04:19:97,0,4,280,0,0,4,280,0,0
e3:0c:c5:56:fb:95,0,2,146,0,0,2,146,0,0
04:00:30:91:ff:ff,0,2,158,0,0,2,158,0,0
10:30:25:c3:50:7f,0,67,20121,0,0,67,20121,0,0
f2:78:18:0f:00:3c,0,16,5978,0,0,16,5978,0,0
f2:6d:29:2f:00:3c,0,11,4587,0,0,11,4587,0,0
10:00:20:00:22:56,0,99,35845,0,0,99,35845,0,0
64:a2:f9:35:6f:6d,0,22,4196,0,0,22,4196,0,0
5c:17:cf:9f:45:9c,0,7,1448,0,0,7,1448,0,0
f8:10:93:98:5e:d7,0,92,32927,0,0,92,32927,0,0
d8:dc:40:f0:3a:8c,0,29,7254,0,0,29,7254,0,0
90:df:7d:f3:9f:c5,0,292,44514,0,0,292,44514,0,0
cb:25:b5:54:ba:d3,0,3,228,0,0,3,228,0,0
b4:00:0c:06:f8:89,0,3,228,0,0,0,0,3,228
a4:ab:b5:54:ba:d3,0,1,70,0,0,1,70,0,0
c4:00:e2:05:c4:0a,0,1,70,0,0,0,0,1,70
ff:ff:ff:df:c2:da,0,4,306,0,0,4,306,0,0
b5:54:1c:b8:99:69,0,2,140,0,0,0,0,2,140
ff:ff:ff:ff:0a:fa,0,4,300,0,0,4,300,0,0
07:75:6d:d8:3e:27,0,17,1190,0,0,0,0,17,1190
d2:c7:07:75:a2:a1,0,2,152,0,0,0,0,2,152
d2:c7:07:75:46:e9,0,5,350,0,0,5,350,0,0
85:5b:07:75:a2:a1,0,2,140,0,0,0,0,2,140
d4:87:07:75:a2:a1,0,2,140,0,0,0,0,2,140
83:40:07:75:a2:a1,0,1,70,0,0,0,0,1,70
78:af:08:05:a9:42,0,6,1495,0,0,6,1495,0,0
62:ee:a2:99:7b:9e,0,1,76,0,0,1,76,0,0
04:00:e0:c8:ff:ff,0,1,88,0,0,1,88,0,0
f2:76:18:8f:00:3c,0,12,5004,0,0,12,5004,0,0
5c:e9:1e:b3:27:fe,0,9,3006,0,0,9,3006,0,0
9c:c4:fe:2b:b5:54,0,2,140,0,0,2,140,0,0
ff:ff:ff:ff:7a:fe,0,1,84,0,0,1,84,0,0
d4:63:de:72:ba:3c,0,131,22741,0,0,131,22741,0,0
b5:54:04:00:40:38,0,1,88,0,0,1,88,0,0
8e:43:7b:d5:00:3c,0,3,222,0,0,3,222,0,0
b5:54:04:00:70:38,0,1,88,0,0,1,88,0,0
88:b2:91:a0:38:47,0,57,20269,0,0,57,20269,0,0
f2:6d:0e:8f:00:3c,0,10,4170,0,0,10,4170,0,0
d4:8a:39:23:ed:f0,0,16,2648,0,0,16,2648,0,0
d0:3f:aa:5f:f0:2c,0,20,6755,0,0,20,6755,0,0
33:33:ff:d1:fc:81,0,30,5400,0,0,0,0,30,5400
33:33:ff:48:98:df,0,4,720,0,0,0,0,4,720
f2:6d:2c:5f:00:28,0,10,3823,0,0,10,3823,0,0
04:00:50:63:ff:ff,0,3,246,0,0,3,246,0,0
21:77:69:0a:b5:54,0,2,146,0,0,0,0,2,146
35:6e:30:f3:18:d5,0,1,70,0,0,1,70,0,0
b5:54:04:00:a0:38,0,1,88,0,0,1,88,0,0
b5:54:17:96:58:54,0,34,2482,0,0,34,2482,0,0
49:aa:9b:a7:85:75,0,2,146,0,0,2,146,0,0
b5:54:85:b3:27:85,0,8,560,0,0,0,0,8,560
48:51:c5:a3:10:a6,0,4,1244,0,0,4,1244,0,0
c4:1d:86:d1:b5:54,0,5,350,0,0,5,350,0,0
ff:ff:ff:ff:92:7f,0,4,300,0,0,4,300,0,0
07:75:2d:66:0d:06,0,2,140,0,0,0,0,2,140
cb:25:b5:54:2a:28,0,22,1672,0,0,3,228,19,1444
cb:25:b5:54:5a:37,0,6,420,0,0,6,420,0,0
d8:7e:b5:54:2a:28,0,7,490,0,0,2,140,5,350
ff:ff:ff:ff:aa:fd,0,1,84,0,0,1,84,0,0
b3:57:75:de:b5:54,0,4,292,0,0,0,0,4,292
ce:b7:de:0f:b5:54,0,1,70,0,0,1,70,0,0
b5:54:04:00:f0:38,0,1,88,0,0,1,88,0,0
b5:54:49:aa:9b:a7,0,4,292,0,0,4,292,0,0
b5:54:4d:fb:0f:d3,0,5,350,0,0,0,0,5,350
33:33:ff:88:77:f7,0,1,180,0,0,0,0,1,180
ec:73:79:8e:49:18,0,48,20041,0,0,48,20041,0,0
dc:b7:2e:fc:4a:aa,0,2,790,0,0,2,790,0,0
f2:6d:28:0f:00:28,0,7,2919,0,0,7,2919,0,0
b9:2e:2e:03:b5:54,0,3,216,0,0,0,0,3,216
bc:42:67:99:5e:d7,0,3,222,0,0,3,222,0,0
ff:ff:ff:ff:e3:72,0,1,84,0,0,1,84,0,0
a2:a1:82:1a:5d:90,0,2,146,0,0,2,146,0,0
04:00:c0:91:ff:ff,0,1,88,0,0,1,88,0,0
e3:0c:c5:56:84:5f,0,3,216,0,0,3,216,0,0
ff:ff:ff:ff:7b:f7,0,1,84,0,0,1,84,0,0
98:69:8a:c5:26:bc,0,8,1881,0,0,8,1881,0,0
a4:c6:9a:e9:53:97,0,36,11598,0,0,36,11598,0,0
e3:0c:c5:56:73:f7,0,3,216,0,0,3,216,0,0
ac:c9:06:24:cf:82,0,31,13932,0,0,31,13932,0,0
17:96:58:54:b5:6b,0,6,438,0,0,6,438,0,0
33:33:ff:d2:71:5c,0,3,540,0,0,0,0,3,540
33:33:ff:57:01:a3,0,7,1260,0,0,0,0,7,1260
ce:9d:30:7c:80:fe,0,3,216,0,0,3,216,0,0
7e:28:a5:03:b5:51,0,1,70,0,0,1,70,0,0
f2:c5:4c:bf:00:3c,0,13,5421,0,0,13,5421,0,0
54:8c:32:d9:f7:ce,0,1,70,0,0,1,70,0,0
2c:01:cb:25:b5:55,0,1,70,0,0,0,0,1,70
07:b9:2b:73:00:28,0,18,1332,0,0,18,1332,0,0
ff:ff:ff:ff:93:76,0,2,160,0,0,2,160,0,0
68:d9:fa:8f:07:75,0,1,70,0,0,1,70,0,0
12:c3:40:da:e9:5f,0,3,615,0,0,3,615,0,0
f2:76:20:ff:00:28,0,10,3823,0,0,10,3823,0,0
f2:6d:1e:4f:00:28,0,7,2919,0,0,7,2919,0,0
40:2e:dc:b1:75:e4,0,1,76,0,0,1,76,0,0
b5:54:e6:4f:1d:69,0,1,70,0,0,0,0,1,70
f2:6d:28:ff:00:3c,0,10,3129,0,0,10,3129,0,0
33:33:ff:90:1f:f2,0,1,180,0,0,0,0,1,180
d8:dc:40:72:61:4f,0,2,424,0,0,2,424,0,0
6d:d8:3e:27:ca:80,0,3,210,0,0,3,210,0,0
b4:b5:2f:bc:bf:0c,0,1,154,0,0,1,154,0,0
53:56:3b:5b:e4:72,0,3,216,0,0,3,216,0,0
8c:ec:4b:97:7f:11,0,1,184,0,0,1,184,0,0
4c:79:6e:41:50:d2,0,143,23842,0,0,143,23842,0,0
aa:ed:8d:3e:64:3b,0,50,7986,0,0,50,7986,0,0
7c:50:79:05:ec:63,0,3,617,0,0,3,617,0,0
59:85:e8:80:b5:54,0,2,146,0,0,0,0,2,146
82:3a:87:e5:b5:51,0,1,70,0,0,1,70,0,0
49:42:19:2d:18:d5,0,1,70,0,0,1,70,0,0
04:00:b0:92:ff:ff,0,1,88,0,0,1,88,0,0
24:1b:7a:a4:88:77,0,26,9819,0,0,26,9819,0,0
f2:6d:22:ff:00:28,0,5,2085,0,0,5,2085,0,0
33:33:ff:32:a5:02,0,4,720,0,0,0,0,4,720
04:00:80:cd:ff:ff,0,1,88,0,0,1,88,0,0
cb:25:e6:35:cb:e5,0,3,228,0,0,3,228,0,0
b4:00:e0:00:c0:47,0,3,228,0,0,0,0,3,228
cb:25:b5:54:0f:d3,0,1,76,0,0,1,76,0,0
b4:00:ec:0b:f8:89,0,1,76,0,0,0,0,1,76
cb:25:b5:54:06:00,0,1,76,0,0,1,76,0,0
b4:00:f8:06:f8:89,0,1,76,0,0,0,0,1,76
88:1e:5a:7f:83:3b,0,37,14323,0,0,37,14323,0,0
b4:19:74:22:f8:61,0,13,2976,0,0,13,2976,0,0
97:d6:78:5d:dc:e2,0,1,76,0,0,1,76,0,0
3f:5a:ea:68:b5:50,0,1,70,0,0,1,70,0,0
c0:ef:f8:c5:16:ce,0,1,76,0,0,1,76,0,0
52:30:8c:7c:5e:4f,0,1,76,0,0,1,76,0,0
76:5b:17:b2:b5:50,0,1,70,0,0,1,70,0,0
ee:1e:31:04:19:97,0,1,70,0,0,1,70,0,0
87:3c:ee:1e:18:d5,0,4,280,0,0,4,280,0,0
76:5b:17:b2:18:d5,0,1,70,0,0,1,70,0,0
04:00:10:69:03:00,0,1,88,0,0,0,0,1,88
04:00:10:69:0f:00,0,1,88,0,0,0,0,1,88
04:00:10:69:1f:00,0,1,88,0,0,0,0,1,88
94:00:00:00:7e:8f,0,9,792,0,0,0,0,9,792
00:00:ff:ff:ff:ff,0,2,176,0,0,2,176,0,0
ca:85:7e:8f:c1:9f,0,16,1396,0,0,0,0,16,1396
87:3c:ee:1e:b5:52,0,3,210,0,0,3,210,0,0
d4:3a:2c:82:4a:fa,0,11,2718,0,0,11,2718,0,0
f2:6d:19:ff:00:3c,0,12,5004,0,0,12,5004,0,0
48:74:12:43:c9:03,0,19,2926,0,0,19,2926,0,0
a0:d7:95:97:66:bf,0,6,1371,0,0,6,1371,0,0
90:0f:0c:87:11:97,0,1,184,0,0,1,184,0,0
3c:19:5e:54:49:ec,0,104,16309,0,0,104,16309,0,0
c4:1b:03:cc:b5:54,0,2,146,0,0,0,0,2,146
ff:3b:0c:07:ac:28,0,1,70,0,0,0,0,1,70
32:d9:ea:a8:a3:72,0,1,70,0,0,0,0,1,70
f4:a4:75:71:94:04,0,1,243,0,0,1,243,0,0
04:00:80:df:ff:ff,0,1,88,0,0,1,88,0,0
04:00:90:df:ff:ff,0,2,158,0,0,2,158,0,0
d6:17:a3:d9:18:d5,0,4,280,0,0,4,280,0,0
1e:21:97:2b:18:d5,0,1,70,0,0,1,70,0,0
d9:e8:d7:68:18:d5,0,1,70,0,0,1,70,0,0
b5:54:04:00:80:39,0,1,88,0,0,1,88,0,0
17:96:58:54:31:0d,0,2,146,0,0,2,146,0,0
f2:78:19:5f:00:28,0,9,3753,0,0,9,3753,0,0
a8:5b:b7:da:9a:3c,0,24,13049,0,0,24,13049,0,0
50:57:8a:94:4e:b8,0,41,14676,0,0,41,14676,0,0
04:00:80:e0:ff:ff,0,1,88,0,0,1,88,0,0
df:6b:c7:b8:0d:12,0,2,146,0,0,2,146,0,0
17:96:58:54:67:95,0,2,146,0,0,2,146,0,0
17:96:58:54:67:7e,0,2,146,0,0,2,146,0,0
d2:71:18:d5:97:ed,0,1,70,0,0,1,70,0,0
14:13:33:0e:1b:7f,0,51,11283,0,0,51,11283,0,0
d0:ab:d5:3a:19:2a,0,19,3824,0,0,19,3824,0,0
94:17:00:e3:fc:51,0,168,32949,0,0,168,32949,0,0
ba:38:a7:95:8b:2d,0,11,2997,0,0,11,2997,0,0
60:e9:aa:cf:db:91,0,6,3311,0,0,6,3311,0,0
33:33:ff:7c:75:e4,0,5,900,0,0,0,0,5,900
60:7e:c9:04:f9:c9,0,12,3295,0,0,12,3295,0,0
f2:76:17:ff:00:3c,0,11,4587,0,0,11,4587,0,0
20:32:c6:78:0f:11,0,48,15413,0,0,48,15413,0,0
33:33:ff:64:ae:e2,0,1,180,0,0,0,0,1,180
80:d2:1d:c5:6d:af,0,4,702,0,0,4,702,0,0
f2:6d:24:1f:00:28,0,5,2085,0,0,5,2085,0,0
b4:00:a4:00:f8:89,0,11,836,0,0,0,0,11,836
c4:00:76:00:c4:0a,0,4,280,0,0,0,0,4,280
18:d5:46:f8:ef:d1,0,1,70,0,0,0,0,1,70
f2:6d:23:ef:00:3c,0,17,7089,0,0,17,7089,0,0
2c:be:eb:36:15:0a,0,14,2082,0,0,14,2082,0,0
ae:36:8d:5f:b5:54,0,9,654,0,0,0,0,9,654
bf:f5:1e:a3:b5:54,0,1,70,0,0,1,70,0,0
c0:fa:43:07:b5:54,0,2,146,0,0,0,0,2,146
50:9d:80:a0:b5:54,0,4,280,0,0,4,280,0,0
b5:54:06:ff:f6:59,0,4,280,0,0,0,0,4,280
04:00:80:3a:ff:ff,0,3,246,0,0,3,246,0,0
95:cc:d7:cc:ff:ff,0,2,146,0,0,2,146,0,0
f2:6d:0e:8f:00:28,0,7,2919,0,0,7,2919,0,0
fa:af:54:5a:b5:50,0,1,70,0,0,1,70,0,0
71:ec:d4:87:11:f2,0,1,70,0,0,1,70,0,0
98:b8:bc:35:e3:21,0,237,39133,0,0,237,39133,0,0
3c:a6:f6:32:53:24,0,31,14787,0,0,31,14787,0,0
33:33:ff:5b:16:da,0,11,1980,0,0,0,0,11,1980
f2:c5:4f:2f:00:28,0,9,3753,0,0,9,3753,0,0
b4:bb:07:14:b5:51,0,7,490,0,0,7,490,0,0
a8:8f:d9:31:97:9c,0,5,3070,0,0,5,3070,0,0
a0:8c:fd:c5:23:c6,0,1,186,0,0,1,186,0,0
33:33:ff:2e:38:eb,0,2,360,0,0,0,0,2,360
14:c2:13:0a:51:a4,0,29,9406,0,0,29,9406,0,0
33:33:ff:6e:d7:5e,0,2,360,0,0,0,0,2,360
2c:3b:70:d7:4e:1f,0,3,933,0,0,3,933,0,0
33:33:ff:9d:f9:80,0,3,540,0,0,0,0,3,540
04:00:80:e1:ff:ff,0,1,88,0,0,1,88,0,0
04:00:90:e1:ff:ff,0,2,176,0,0,2,176,0,0
fc:4e:a4:0e:4e:17,0,10,2609,0,0,10,2609,0,0
04:00:e0:e1:ff:ff,0,1,88,0,0,1,88,0,0
04:00:f0:e1:ff:ff,0,2,176,0,0,1,88,1,88
04:00:10:e2:ff:ff,0,1,88,0,0,1,88,0,0
04:00:30:e2:ff:ff,0,2,176,0,0,2,176,0,0
04:00:50:e2:ff:ff,0,1,88,0,0,1,88,0,0
04:00:60:e2:ff:ff,0,3,246,0,0,3,246,0,0
04:00:70:e2:ff:ff,0,1,88,0,0,1,88,0,0
33:33:ff:35:70:03,0,3,540,0,0,0,0,3,540
30:d1:6b:ea:7a:61,0,13,2622,0,0,13,2622,0,0
04:00:c0:e2:ff:ff,0,3,246,0,0,3,246,0,0
04:00:d0:e2:ff:ff,0,2,176,0,0,2,176,0,0
f2:78:bd:3f:00:28,0,10,4170,0,0,10,4170,0,0
01:00:5e:02:02:02,0,7,1162,0,0,0,0,7,1162
8c:17:59:c4:45:32,0,15,3645,0,0,15,3645,0,0
07:b9:2b:73:d0:3d,0,2,146,0,0,2,146,0,0
ff:ff:ff:ff:38:69,0,1,84,0,0,1,84,0,0
f2:6d:13:0f:00:3c,0,12,5004,0,0,12,5004,0,0
bc:10:7b:5b:d3:ee,0,23,4134,0,0,23,4134,0,0
33:33:ff:22:eb:8a,0,1,180,0,0,0,0,1,180
d8:32:e3:69:62:2d,0,70,10764,0,0,70,10764,0,0
c6:0a:cb:5c:11:f0,0,2,188,0,0,0,0,2,188
ca:8c:6e:87:9d:a5,0,1,70,0,0,1,70,0,0
1f:88:cb:25:b5:55,0,1,70,0,0,0,0,1,70
e4:9c:67:52:2c:f7,0,28,7147,0,0,28,7147,0,0
18:3e:ef:ed:2f:40,0,17,14446,0,0,17,14446,0,0
b4:1a:1d:f9:28:ea,0,149,22894,0,0,149,22894,0,0
f2:6d:1d:8f:00:28,0,7,2919,0,0,7,2919,0,0
80:65:7c:e1:7d:70,0,24,11799,0,0,24,11799,0,0
70:72:fe:5a:94:69,0,2,1526,0,0,2,1526,0,0
c8:94:02:81:e2:d7,0,98,19482,0,0,98,19482,0,0
e8:d0:fc:93:ef:8f,0,7,2177,0,0,7,2177,0,0
04:00:10:e3:ff:ff,0,1,88,0,0,1,88,0,0
04:00:20:e3:ff:ff,0,2,176,0,0,2,176,0,0
04:00:40:e3:ff:ff,0,4,316,0,0,4,316,0,0
07:b9:2b:73:c6:85,0,4,304,0,0,4,304,0,0
04:00:60:e3:ff:ff,0,1,88,0,0,1,88,0,0
ff:ff:ff:ff:00:eb,0,1,84,0,0,1,84,0,0
c4:0a:cb:25:b1:a0,0,1,164,0,0,1,164,0,0
ff:ff:ff:ff:61:d7,0,1,88,0,0,1,88,0,0
04:00:70:e3:ff:ff,0,1,88,0,0,0,0,1,88
04:00:c0:e3:ff:ff,0,1,88,0,0,1,88,0,0
2c:a7:ef:0b:f6:0b,0,1,164,0,0,1,164,0,0
04:99:bb:99:fa:73,0,22,8275,0,0,22,8275,0,0
1c:57:dc:50:c5:ea,0,34,29674,0,0,34,29674,0,0
33:33:ff:59:7e:d4,0,1,180,0,0,0,0,1,180
07:b9:2b:73:59:b9,0,4,292,0,0,4,292,0,0
ff:ff:ff:ff:48:6d,0,1,84,0,0,1,84,0,0
04:00:60:93:ff:ff,0,2,176,0,0,1,88,1,88
42:0a:44:99:10:9d,0,1,76,0,0,1,76,0,0
68:d9:fa:8f:b5:54,0,3,210,0,0,3,210,0,0
04:00:e0:e3:ff:ff,0,1,88,0,0,1,88,0,0
f4:c1:ef:c5:c2:32,0,2,152,0,0,2,152,0,0
04:00:30:3b:ff:ff,0,1,88,0,0,1,88,0,0
f4:c1:ef:c5:ff:ff,0,1,76,0,0,1,76,0,0
cb:25:b5:54:f4:c1,0,5,380,0,0,0,0,5,380
04:00:f0:e3:ff:ff,0,1,88,0,0,1,88,0,0
04:00:00:e4:ff:ff,0,1,88,0,0,1,88,0,0
f2:78:bd:0f:00:3c,0,11,4587,0,0,11,4587,0,0
04:00:20:e4:ff:ff,0,2,176,0,0,2,176,0,0
7e:68:a2:db:39:a1,0,1,173,0,0,1,173,0,0
b3:4c:53:a9:39:a1,0,1,70,0,0,1,70,0,0
71:ec:d4:87:39:a1,0,1,70,0,0,1,70,0,0
bc:e7:cf:df:b5:54,0,12,840,0,0,12,840,0,0
5f:38:77:46:a6:ac,0,1,262,0,0,1,262,0,0
17:89:d2:c7:07:75,0,1,262,0,0,0,0,1,262
cb:25:b5:54:2e:36,0,8,608,0,0,1,76,7,532
bc:6e:ff:3b:11:f4,0,1,70,0,0,1,70,0,0
81:fd:8c:4d:7b:19,0,1,76,0,0,1,76,0,0
06:57:b6:7a:b5:54,0,1,70,0,0,1,70,0,0
f4:26:79:38:ee:8d,0,23,4775,0,0,23,4775,0,0
2e:36:f6:ff:4e:21,0,1,76,0,0,1,76,0,0
17:96:58:54:4e:21,0,2,146,0,0,2,146,0,0
b5:54:f6:5b:e4:03,0,15,1050,0,0,0,0,15,1050
04:00:80:e5:ff:ff,0,2,176,0,0,2,176,0,0
1c:36:87:6a:ff:ff,0,2,152,0,0,2,152,0,0
cb:25:b5:54:55:cc,0,1,76,0,0,1,76,0,0
b4:00:1f:01:f8:89,0,1,76,0,0,0,0,1,76
cb:25:b5:54:b1:f2,0,2,152,0,0,2,152,0,0
b4:00:b2:00:f8:89,0,2,152,0,0,0,0,2,152
04:00:d0:e5:ff:ff,0,2,176,0,0,1,88,1,88
04:00:20:e6:ff:ff,0,1,88,0,0,0,0,1,88
04:00:30:e6:ff:ff,0,1,88,0,0,0,0,1,88
04:00:40:e6:ff:ff,0,1,88,0,0,0,0,1,88
f3:f2:60:88:ca:85,0,5,350,0,0,5,350,0,0
6c:06:80:50:8c:55,0,2,152,0,0,2,152,0,0
b4:7e:e4:9d:8c:55,0,1,76,0,0,1,76,0,0
04:00:f0:e6:ff:ff,0,6,474,0,0,5,386,1,88
04:00:00:e7:ff:ff,0,3,264,0,0,2,176,1,88
04:00:10:e7:ff:ff,0,1,88,0,0,1,88,0,0
f3:f2:60:88:ca:84,0,4,280,0,0,4,280,0,0
04:00:00:e8:ff:ff,0,1,88,0,0,1,88,0,0
04:00:60:e8:ff:ff,0,1,88,0,0,0,0,1,88
04:00:b0:e8:ff:ff,0,1,88,0,0,1,88,0,0
04:00:f0:e8:ff:ff,0,1,88,0,0,1,88,0,0
5c:e9:1e:b3:04:b7,0,84,53550,0,0,84,53550,0,0
04:00:b0:e9:ff:ff,0,2,176,0,0,2,176,0,0
04:00:c0:e9:ff:ff,0,1,88,0,0,1,88,0,0
18:e7:b0:1a:bd:b7,0,4,792,0,0,4,792,0,0
04:00:d0:ea:ff:ff,0,1,88,0,0,1,88,0,0
04:00:e0:ea:ff:ff,0,2,176,0,0,2,176,0,0
04:00:20:eb:ff:ff,0,2,176,0,0,2,176,0,0
d0:c6:37:3c:02:c1,0,4,1003,0,0,4,1003,0,0
04:00:30:eb:ff:ff,0,1,88,0,0,1,88,0,0
04:00:90:eb:ff:ff,0,6,474,0,0,6,474,0,0
04:00:a0:eb:ff:ff,0,1,88,0,0,1,88,0,0
04:00:b0:eb:ff:ff,0,2,176,0,0,2,176,0,0
04:00:c0:eb:ff:ff,0,1,88,0,0,1,88,0,0
e3:0c:c5:56:ff:ff,0,6,432,0,0,6,432,0,0
04:00:e0:eb:ff:ff,0,2,176,0,0,2,176,0,0
04:00:f0:eb:ff:ff,0,5,386,0,0,5,386,0,0
04:00:50:ec:ff:ff,0,3,246,0,0,3,246,0,0
48:9b:e0:5d:df:a1,0,1,184,0,0,1,184,0,0
04:00:b0:ec:ff:ff,0,4,316,0,0,4,316,0,0
04:00:c0:ec:ff:ff,0,2,176,0,0,2,176,0,0
04:00:d0:ec:ff:ff,0,1,88,0,0,1,88,0,0
04:00:e0:ec:ff:ff,0,1,88,0,0,1,88,0,0
04:00:f0:ec:ff:ff,0,2,158,0,0,2,158,0,0
04:00:00:ed:ff:ff,0,2,176,0,0,2,176,0,0
04:00:20:ed:ff:ff,0,1,88,0,0,1,88,0,0
50:e7:b7:0b:d6:27,0,7,1098,0,0,7,1098,0,0
04:00:30:ed:ff:ff,0,2,176,0,0,2,176,0,0
04:00:40:ed:ff:ff,0,2,176,0,0,2,176,0,0
04:00:50:ed:ff:ff,0,3,264,0,0,3,264,0,0
04:00:80:ed:ff:ff,0,2,176,0,0,2,176,0,0
e4:ec:e8:2c:dc:d3,0,252,38060,0,0,252,38060,0,0
04:00:90:ed:ff:ff,0,2,176,0,0,2,176,0,0
04:00:80:ee:ff:ff,0,3,264,0,0,3,264,0,0
04:00:90:ee:ff:ff,0,3,264,0,0,3,264,0,0
04:00:b0:ee:ff:ff,0,3,264,0,0,3,264,0,0
04:00:c0:ee:ff:ff,0,1,88,0,0,1,88,0,0
04:00:d0:ee:ff:ff,0,1,88,0,0,1,88,0,0
04:00:e0:ee:ff:ff,0,1,88,0,0,1,88,0,0
a6:f0:8a:cd:f7:9f,0,4,1744,0,0,4,1744,0,0
04:00:40:ef:ff:ff,0,3,264,0,0,3,264,0,0
04:00:50:ef:ff:ff,0,3,264,0,0,3,264,0,0
04:00:60:ef:ff:ff,0,3,246,0,0,3,246,0,0
04:00:70:ef:ff:ff,0,3,246,0,0,3,246,0,0
bc:6e:e2:74:67:2e,0,6,1657,0,0,6,1657,0,0
48:74:12:37:49:3b,0,35,5316,0,0,35,5316,0,0
ca:8c:6e:87:c4:6c,0,1,70,0,0,1,70,0,0
f5:07:cb:25:b5:55,0,1,70,0,0,0,0,1,70
ca:8c:6e:87:34:c8,0,1,70,0,0,1,70,0,0
e7:5d:cb:25:b5:55,0,1,70,0,0,0,0,1,70
ca:8c:6e:87:67:ab,0,1,70,0,0,1,70,0,0
55:0c:cb:25:b5:55,0,1,70,0,0,0,0,1,70
ca:8c:6e:87:02:9f,0,1,70,0,0,1,70,0,0
d3:52:cb:25:b5:55,0,1,70,0,0,0,0,1,70
d2:c7:07:75:c4:b5,0,2,140,0,0,2,140,0,0
c6:f2:ca:85:04:00,0,1,70,0,0,0,0,1,70
04:00:50:f1:ff:ff,0,2,176,0,0,2,176,0,0
04:00:60:f1:ff:ff,0,1,88,0,0,1,88,0,0
04:00:b0:f1:ff:ff,0,1,88,0,0,1,88,0,0
04:00:c0:f1:ff:ff,0,2,176,0,0,2,176,0,0
04:00:d0:f1:ff:ff,0,3,264,0,0,3,264,0,0
04:00:e0:f1:ff:ff,0,2,176,0,0,2,176,0,0
04:00:f0:f1:ff:ff,0,1,88,0,0,1,88,0,0
04:00:50:f2:ff:ff,0,2,176,0,0,2,176,0,0
f2:6d:27:7f:00:28,0,6,2502,0,0,6,2502,0,0
04:00:00:f3:ff:ff,0,1,88,0,0,1,88,0,0
85:84:83:40:6d:25,0,6,420,0,0,6,420,0,0
04:00:60:f3:ff:ff,0,2,176,0,0,1,88,1,88
04:00:70:f3:ff:ff,0,2,176,0,0,1,88,1,88
04:00:80:f3:ff:ff,0,3,264,0,0,2,176,1,88
04:00:90:f3:ff:ff,0,2,176,0,0,1,88,1,88
04:00:d0:f3:ff:ff,0,2,176,0,0,2,176,0,0
04:00:e0:f3:ff:ff,0,3,264,0,0,3,264,0,0
04:00:f0:f3:ff:ff,0,1,88,0,0,1,88,0,0
04:00:00:f4:ff:ff,0,1,88,0,0,1,88,0,0
04:00:10:f4:ff:ff,0,1,88,0,0,1,88,0,0
04:00:00:f5:ff:ff,0,1,88,0,0,1,88,0,0
ab:3a:72:f8:18:d5,0,3,210,0,0,3,210,0,0
b2:67:5f:35:18:d5,0,1,70,0,0,1,70,0,0
3f:c4:68:2d:18:d5,0,1,70,0,0,1,70,0,0
b5:54:04:00:b0:3b,0,1,88,0,0,1,88,0,0
ca:85:04:00:30:f5,0,1,88,0,0,1,88,0,0
b4:00:e1:00:c4:0a,0,1,76,0,0,0,0,1,76
c4:00:b5:00:f8:89,0,1,70,0,0,0,0,1,70
d2:71:18:d5:c4:1b,0,2,152,0,0,1,76,1,76
b4:00:ab:00:c4:0a,0,1,76,0,0,0,0,1,76
55:0f:18:d5:c4:1b,0,2,140,0,0,1,70,1,70
c4:00:7f:00:f8:89,0,1,70,0,0,0,0,1,70
8b:5d:18:d5:c4:1b,0,1,70,0,0,1,70,0,0
87:73:b5:54:d7:3c,0,3,210,0,0,3,210,0,0
c4:00:6d:00:c4:0a,0,3,210,0,0,0,0,3,210
cb:25:e6:35:5a:67,0,2,152,0,0,2,152,0,0
b4:00:6f:01:c0:47,0,2,152,0,0,0,0,2,152
cb:25:b5:54:cc:b3,0,2,152,0,0,2,152,0,0
b4:00:9f:00:f8:89,0,2,152,0,0,0,0,2,152
93:58:b5:54:cc:b3,0,2,140,0,0,2,140,0,0
c4:00:71:00:c4:0a,0,2,140,0,0,0,0,2,140
c7:1f:e6:35:5a:67,0,1,70,0,0,1,70,0,0
a2:31:ca:85:04:00,0,1,70,0,0,1,70,0,0
c4:00:6f:00:c4:0a,0,2,140,0,0,0,0,2,140
cb:25:b5:54:61:77,0,1,76,0,0,1,76,0,0
b4:00:9d:00:f8:89,0,1,76,0,0,0,0,1,76
a2:31:b5:54:61:77,0,1,70,0,0,1,70,0,0
04:00:70:f5:ff:ff,0,2,158,0,0,2,158,0,0
49:aa:9b:a7:a5:6e,0,2,146,0,0,2,146,0,0
cb:25:e6:35:25:83,0,1,76,0,0,0,0,1,76
04:00:00:f6:ff:ff,0,2,176,0,0,2,176,0,0
18:87:40:c2:e9:0c,0,1,404,0,0,1,404,0,0
cb:25:b5:55:a5:b6,0,1,76,0,0,1,76,0,0
b4:00:a8:00:5c:ed,0,1,76,0,0,0,0,1,76
91:b4:b5:55:a5:b6,0,1,70,0,0,1,70,0,0
c4:00:7c:00:c4:0a,0,1,70,0,0,0,0,1,70
04:00:60:f6:ff:ff,0,1,88,0,0,1,88,0,0
ae:36:8d:5f:a1:b8,0,10,718,0,0,10,718,0,0
f2:fa:32:92:a1:b8,0,2,146,0,0,2,146,0,0
b5:54:bd:5f:1d:89,0,1,70,0,0,0,0,1,70
49:aa:9b:a7:0d:12,0,2,146,0,0,2,146,0,0
04:00:e0:f6:ff:ff,0,1,88,0,0,1,88,0,0
92:e7:0a:cf:92:88,0,1,70,0,0,1,70,0,0
eb:46:ca:85:04:00,0,1,70,0,0,0,0,1,70
04:00:00:f7:ff:ff,0,1,88,0,0,0,0,1,88
04:00:10:f7:ff:ff,0,1,88,0,0,0,0,1,88
04:00:20:f7:ff:ff,0,1,88,0,0,1,88,0,0
04:00:30:f7:ff:ff,0,1,88,0,0,1,88,0,0
04:00:40:f7:ff:ff,0,2,176,0,0,2,176,0,0
21:9d:ba:a5:ff:ff,0,2,152,0,0,2,152,0,0
21:9d:ba:a5:b5:55,0,3,228,0,0,0,0,3,228
21:9d:ba:a5:00:3c,0,1,76,0,0,1,76,0,0
f2:76:13:7f:00:3c,0,8,3336,0,0,8,3336,0,0
04:00:90:f7:ff:ff,0,1,88,0,0,1,88,0,0
e8:fb:1c:e0:8b:55,0,3,933,0,0,3,933,0,0
48:3d:fd:76:18:d5,0,1,70,0,0,1,70,0,0
b5:54:02:ee:a0:84,0,4,280,0,0,0,0,4,280
b5:54:15:22:77:29,0,23,1610,0,0,0,0,23,1610
88:51:30:00:c4:0a,0,1,154,0,0,0,0,1,154
f8:89:d2:41:18:d5,0,1,154,0,0,1,154,0,0
04:00:20:3d:ff:ff,0,1,88,0,0,1,88,0,0
ca:8c:6e:87:46:30,0,1,70,0,0,1,70,0,0
b6:ae:cb:25:b5:55,0,1,70,0,0,0,0,1,70
5f:7f:cb:25:b5:55,0,1,70,0,0,0,0,1,70
85:b3:27:85:b5:54,0,2,140,0,0,2,140,0,0
1c:91:80:cd:91:5d,0,2,384,0,0,2,384,0,0
33:33:ff:a1:f5:c1,0,1,180,0,0,0,0,1,180
dc:bd:fb:07:18:d5,0,3,210,0,0,3,210,0,0
25:69:41:ac:b5:54,0,5,368,0,0,0,0,5,368
9b:35:8c:2b:b5:54,0,2,146,0,0,0,0,2,146
9f:33:7e:b8:18:d5,0,1,70,0,0,1,70,0,0
ac:c5:e2:bd:f7:57,0,1,1388,0,0,1,1388,0,0
f9:dd:f9:14:b6:7a,0,1,1388,0,0,0,0,1,1388
b5:54:04:00:90:3d,0,1,88,0,0,1,88,0,0
cf:a7:ff:e6:ca:85,0,3,210,0,0,3,210,0,0
f2:6d:14:5f:00:28,0,7,2919,0,0,7,2919,0,0
c8:94:02:aa:61:0d,0,6,1629,0,0,6,1629,0,0
c4:d9:87:3e:ea:5e,0,13,8336,0,0,13,8336,0,0
e1:3f:73:8d:b5:52,0,1,70,0,0,1,70,0,0
04:00:60:fa:ff:ff,0,1,88,0,0,1,88,0,0
04:00:70:fa:ff:ff,0,2,176,0,0,2,176,0,0
04:00:80:fa:ff:ff,0,2,176,0,0,2,176,0,0
04:00:90:fa:ff:ff,0,1,88,0,0,1,88,0,0
04:00:a0:fa:ff:ff,0,1,88,0,0,1,88,0,0
04:00:b0:fa:ff:ff,0,1,88,0,0,1,88,0,0
68:3e:26:0f:c4:31,0,10,1762,0,0,10,1762,0,0
04:00:b0:fb:ff:ff,0,1,88,0,0,1,88,0,0
04:00:c0:fb:ff:ff,0,1,88,0,0,1,88,0,0
a3:35:27:1f:6d:25,0,1,70,0,0,1,70,0,0
88:e9:fe:53:19:1a,0,5,2044,0,0,5,2044,0,0
04:00:a0:fd:ff:ff,0,1,88,0,0,1,88,0,0
04:00:70:fe:ff:ff,0,1,88,0,0,1,88,0,0
04:00:80:fe:ff:ff,0,1,88,0,0,1,88,0,0
04:00:90:fe:ff:ff,0,1,88,0,0,1,88,0,0
04:00:a0:fe:ff:ff,0,1,88,0,0,1,88,0,0
04:00:b0:fe:ff:ff,0,1,88,0,0,1,88,0,0
04:00:f0:fe:ff:ff,0,1,88,0,0,1,88,0,0
66:ef:f1:fa:3b:7b,0,6,1206,0,0,6,1206,0,0
04:00:50:ff:ff:ff,0,1,88,0,0,1,88,0,0
04:00:60:ff:ff:ff,0,1,88,0,0,1,88,0,0
04:00:90:ff:ff:ff,0,2,176,0,0,2,176,0,0
04:00:a0:ff:ff:ff,0,11,896,0,0,11,896,0,0
04:00:c0:ff:ff:ff,0,2,176,0,0,2,176,0,0
04:00:00:00:ff:ff,0,2,176,0,0,2,176,0,0
04:00:20:00:ff:ff,0,1,88,0,0,1,88,0,0
04:00:30:00:ff:ff,0,2,176,0,0,2,176,0,0
04:00:40:00:ff:ff,0,1,88,0,0,1,88,0,0
04:00:50:00:ff:ff,0,3,246,0,0,3,246,0,0
04:00:60:00:ff:ff,0,1,88,0,0,1,88,0,0
04:00:80:00:ff:ff,0,1,88,0,0,1,88,0,0
04:00:90:00:ff:ff,0,1,88,0,0,1,88,0,0
04:00:a0:00:ff:ff,0,1,88,0,0,1,88,0,0
04:00:b0:00:ff:ff,0,1,88,0,0,1,88,0,0
04:00:c0:00:ff:ff,0,1,88,0,0,1,88,0,0
04:00:f0:00:ff:ff,0,2,176,0,0,1,88,1,88
04:00:20:01:ff:ff,0,14,1214,0,0,14,1214,0,0
04:00:60:01:ff:ff,0,2,176,0,0,1,88,1,88
04:00:b0:01:ff:ff,0,4,316,0,0,4,316,0,0
04:00:c0:01:ff:ff,0,3,246,0,0,3,246,0,0
04:00:d0:01:ff:ff,0,1,88,0,0,1,88,0,0
04:00:e0:01:ff:ff,0,1,88,0,0,1,88,0,0
04:00:f0:01:ff:ff,0,1,88,0,0,1,88,0,0
fc:e2:6c:aa:ab:e1,0,10,3862,0,0,10,3862,0,0
04:00:00:02:ff:ff,0,2,176,0,0,2,176,0,0
04:00:10:02:ff:ff,0,2,158,0,0,2,158,0,0
ac:45:00:0c:57:3b,0,101,31534,0,0,101,31534,0,0
ac:3e:b1:01:b9:2b,0,1,440,0,0,1,440,0,0
14:d4:24:55:39:9f,0,5,979,0,0,5,979,0,0
04:00:e0:03:ff:ff,0,2,176,0,0,2,176,0,0
04:00:f0:03:ff:ff,0,3,246,0,0,3,246,0,0
04:00:00:04:ff:ff,0,2,176,0,0,2,176,0,0
33:33:ff:31:ce:f0,0,1,172,0,0,0,0,1,172
fb:7e:75:84:19:97,0,1,76,0,0,1,76,0,0
68:d9:fa:8f:b5:52,0,2,140,0,0,2,140,0,0
bc:6e:ff:3b:e6:33,0,1,70,0,0,1,70,0,0
04:00:d0:04:ff:ff,0,1,88,0,0,1,88,0,0
04:00:e0:04:ff:ff,0,1,88,0,0,1,88,0,0
04:00:f0:04:ff:ff,0,2,176,0,0,2,176,0,0
04:00:00:05:ff:ff,0,1,88,0,0,1,88,0,0
04:00:10:05:ff:ff,0,4,334,0,0,4,334,0,0
50:76:af:99:94:a4,0,4,1087,0,0,4,1087,0,0
b4:8c:9d:91:b9:5d,0,99,20041,0,0,99,20041,0,0
04:00:f0:05:ff:ff,0,2,176,0,0,2,176,0,0
a5:bd:0c:25:ca:85,0,1,70,0,0,1,70,0,0
04:00:d0:06:ff:ff,0,2,176,0,0,2,176,0,0
04:00:e0:06:ff:ff,0,5,422,0,0,5,422,0,0
e4:84:d3:b7:42:fa,0,8,1713,0,0,8,1713,0,0
04:00:50:07:ff:ff,0,2,176,0,0,2,176,0,0
96:cd:05:dc:3b:c2,0,1,173,0,0,1,173,0,0
ea:83:d9:f4:17:f2,0,1,187,0,0,1,187,0,0
ee:f7:9e:70:5d:2e,0,2,352,0,0,2,352,0,0
85:84:83:40:5d:2e,0,1,70,0,0,1,70,0,0
f2:78:17:df:00:28,0,4,1668,0,0,4,1668,0,0
04:00:00:08:ff:ff,0,4,316,0,0,4,316,0,0
0c:d2:92:fe:4f:70,0,4,1244,0,0,4,1244,0,0
04:00:10:08:ff:ff,0,1,88,0,0,1,88,0,0
fa:56:99:7b:19:27,0,1,178,0,0,1,178,0,0
98:b8:bc:df:63:2c,0,1,164,0,0,1,164,0,0
07:b9:2b:73:4a:ac,0,2,152,0,0,2,152,0,0
f9:5a:ed:ac:4a:ac,0,1,76,0,0,1,76,0,0
04:00:10:09:ff:ff,0,1,88,0,0,1,88,0,0
f9:5a:ed:ac:ff:ff,0,2,152,0,0,2,152,0,0
cb:25:b5:54:f9:5a,0,1,76,0,0,0,0,1,76
cb:25:b5:54:9c:c4,0,1,70,0,0,1,70,0,0
fe:2b:b5:54:f9:5a,0,1,70,0,0,0,0,1,70
f8:89:d2:c7:57:44,0,1,160,0,0,0,0,1,160
f8:48:a1:b8:fb:7d,0,2,146,0,0,2,146,0,0
04:00:a0:09:ff:ff,0,4,316,0,0,4,316,0,0
04:00:e0:09:ff:ff,0,3,246,0,0,3,246,0,0
04:00:f0:09:ff:ff,0,2,176,0,0,2,176,0,0
04:00:50:0a:ff:ff,0,1,88,0,0,1,88,0,0
04:00:b0:0a:ff:ff,0,1,88,0,0,1,88,0,0
04:00:c0:0a:ff:ff,0,2,176,0,0,2,176,0,0
04:00:00:0b:ff:ff,0,1,88,0,0,1,88,0,0
18:f1:d8:e6:77:33,0,40,8997,0,0,40,8997,0,0
90:32:4b:14:f1:3d,0,6,1734,0,0,6,1734,0,0
a0:46:5a:52:60:5c,0,2,382,0,0,2,382,0,0
7a:51:6b:c7:18:d5,0,1,70,0,0,1,70,0,0
2c:33:1d:3e:18:d5,0,1,70,0,0,1,70,0,0
04:00:30:0b:ff:ff,0,1,88,0,0,1,88,0,0
d4:8a:39:f0:e1:32,0,6,1246,0,0,6,1246,0,0
04:00:60:0b:ff:ff,0,1,88,0,0,1,88,0,0
04:00:b0:0b:ff:ff,0,1,88,0,0,1,88,0,0
04:00:c0:0b:ff:ff,0,2,176,0,0,2,176,0,0
04:00:e0:0b:ff:ff,0,1,88,0,0,1,88,0,0
d2:a6:af:be:b5:55,0,1,70,0,0,1,70,0,0
06:8e:85:8f:b5:55,0,1,70,0,0,1,70,0,0
d7:b1:74:77:b5:50,0,1,70,0,0,1,70,0,0
04:00:00:0c:ff:ff,0,1,88,0,0,1,88,0,0
04:00:10:0c:ff:ff,0,2,176,0,0,2,176,0,0
04:00:20:0c:ff:ff,0,2,176,0,0,2,176,0,0
04:00:f0:0c:ff:ff,0,1,88,0,0,1,88,0,0
a8:4a:28:2a:62:2a,0,37,9717,0,0,37,9717,0,0
14:2d:4d:79:08:4b,0,39,15902,0,0,39,15902,0,0
04:00:20:0d:ff:ff,0,1,88,0,0,1,88,0,0
fd:44:c5:0a:27:28,0,2,146,0,0,2,146,0,0
40:1c:83:82:7f:4e,0,15,3464,0,0,15,3464,0,0
b0:a4:60:d7:99:b6,0,4,930,0,0,4,930,0,0
04:00:a0:0e:ff:ff,0,1,88,0,0,1,88,0,0
04:00:b0:0e:ff:ff,0,1,88,0,0,1,88,0,0
04:00:c0:0e:ff:ff,0,1,88,0,0,1,88,0,0
14:88:e6:0d:2b:bc,0,17,4287,0,0,17,4287,0,0
04:00:40:0f:ff:ff,0,3,264,0,0,3,264,0,0
04:00:60:0f:ff:ff,0,2,176,0,0,2,176,0,0
04:00:80:0f:ff:ff,0,2,176,0,0,2,176,0,0
04:00:b0:0f:ff:ff,0,2,176,0,0,1,88,1,88
04:00:10:10:ff:ff,0,1,88,0,0,1,88,0,0
04:00:20:10:ff:ff,0,1,88,0,0,1,88,0,0
04:00:40:10:ff:ff,0,1,88,0,0,1,88,0,0
04:00:60:10:ff:ff,0,1,88,0,0,1,88,0,0
04:00:c0:10:ff:ff,0,1,88,0,0,1,88,0,0
9c:3e:53:6d:a7:f3,0,18,8523,0,0,18,8523,0,0
33:33:ff:02:38:72,0,8,1440,0,0,0,0,8,1440
04:00:d0:10:ff:ff,0,1,88,0,0,1,88,0,0
44:9b:11:c8:ff:ff,0,2,152,0,0,2,152,0,0
04:00:20:11:ff:ff,0,1,88,0,0,1,88,0,0
04:00:30:11:ff:ff,0,3,246,0,0,3,246,0,0
04:00:40:11:ff:ff,0,1,88,0,0,1,88,0,0
04:00:50:11:ff:ff,0,2,176,0,0,2,176,0,0
04:00:70:11:ff:ff,0,2,176,0,0,2,176,0,0
04:00:a0:11:ff:ff,0,1,88,0,0,1,88,0,0
04:00:b0:11:ff:ff,0,1,88,0,0,1,88,0,0
04:00:d0:11:ff:ff,0,1,88,0,0,1,88,0,0
04:00:e0:11:ff:ff,0,1,88,0,0,1,88,0,0
04:00:20:12:ff:ff,0,1,88,0,0,1,88,0,0
04:00:30:12:ff:ff,0,1,88,0,0,1,88,0,0
04:00:70:12:ff:ff,0,1,88,0,0,1,88,0,0
04:00:80:12:ff:ff,0,1,88,0,0,1,88,0,0
04:00:90:12:ff:ff,0,1,88,0,0,1,88,0,0
3a:7c:ac:5b:e8:de,0,46,16281,0,0,46,16281,0,0
04:00:d0:12:ff:ff,0,2,176,0,0,2,176,0,0
04:00:f0:12:ff:ff,0,2,158,0,0,2,158,0,0
04:00:00:13:ff:ff,0,1,88,0,0,1,88,0,0
aa:84:25:72:24:63,0,2,346,0,0,2,346,0,0
04:00:10:13:ff:ff,0,1,88,0,0,1,88,0,0
04:00:30:13:ff:ff,0,2,176,0,0,2,176,0,0
04:00:40:13:ff:ff,0,2,176,0,0,2,176,0,0
04:00:80:13:ff:ff,0,1,88,0,0,1,88,0,0
04:00:90:13:ff:ff,0,2,176,0,0,1,88,1,88
04:00:a0:13:ff:ff,0,1,88,0,0,1,88,0,0
04:00:b0:13:ff:ff,0,1,88,0,0,1,88,0,0
04:00:c0:13:ff:ff,0,1,88,0,0,1,88,0,0
04:00:e0:13:ff:ff,0,2,176,0,0,2,176,0,0
04:00:f0:13:ff:ff,0,2,176,0,0,2,176,0,0
33:33:ff:2d:06:c0,0,4,720,0,0,0,0,4,720
04:00:20:14:ff:ff,0,1,88,0,0,1,88,0,0
04:00:40:14:ff:ff,0,1,88,0,0,1,88,0,0
04:00:50:14:ff:ff,0,1,88,0,0,1,88,0,0
04:00:80:14:ff:ff,0,1,88,0,0,1,88,0,0
04:00:90:14:ff:ff,0,1,88,0,0,1,88,0,0
04:00:a0:14:ff:ff,0,2,176,0,0,2,176,0,0
04:00:b0:14:ff:ff,0,1,88,0,0,1,88,0,0
04:00:c0:14:ff:ff,0,1,88,0,0,1,88,0,0
04:00:e0:14:ff:ff,0,1,88,0,0,1,88,0,0
04:00:f0:14:ff:ff,0,1,88,0,0,1,88,0,0
04:00:00:15:ff:ff,0,1,88,0,0,1,88,0,0
04:00:40:15:ff:ff,0,2,176,0,0,2,176,0,0
e8:f7:91:b0:5a:56,0,759,240824,0,0,283,49828,476,190996
04:00:50:15:ff:ff,0,2,176,0,0,2,176,0,0
04:00:80:15:ff:ff,0,1,88,0,0,1,88,0,0
07:b9:2b:73:13:93,0,1,76,0,0,1,76,0,0
33:33:ff:2c:ef:6d,0,12,2160,0,0,0,0,12,2160
ca:8c:6e:87:38:53,0,1,70,0,0,1,70,0,0
cd:b5:cb:25:b5:55,0,1,70,0,0,0,0,1,70
ca:8c:6e:87:d2:a6,0,1,70,0,0,1,70,0,0
af:be:cb:25:b5:55,0,1,70,0,0,0,0,1,70
04:00:10:16:ff:ff,0,1,88,0,0,1,88,0,0
04:00:30:16:ff:ff,0,1,88,0,0,1,88,0,0
ca:8c:6e:87:f3:2b,0,1,70,0,0,1,70,0,0
53:7d:cb:25:b5:55,0,1,70,0,0,0,0,1,70
ca:8c:6e:87:49:9b,0,1,70,0,0,1,70,0,0
2a:d8:cb:25:b5:55,0,1,70,0,0,0,0,1,70
04:00:60:16:ff:ff,0,1,88,0,0,1,88,0,0
04:00:70:16:ff:ff,0,1,88,0,0,1,88,0,0
04:00:80:16:ff:ff,0,1,88,0,0,1,88,0,0
04:00:f0:16:ff:ff,0,1,88,0,0,1,88,0,0
04:00:00:17:ff:ff,0,1,88,0,0,1,88,0,0
04:00:10:17:ff:ff,0,1,88,0,0,1,88,0,0
04:00:b0:17:ff:ff,0,1,88,0,0,1,88,0,0
04:00:c0:17:ff:ff,0,1,88,0,0,1,88,0,0
04:00:d0:17:ff:ff,0,1,88,0,0,1,88,0,0
04:00:e0:17:ff:ff,0,1,88,0,0,1,88,0,0
04:00:f0:17:ff:ff,0,1,88,0,0,1,88,0,0
d8:c0:a6:3a:98:8f,0,15,2728,0,0,15,2728,0,0
04:00:a0:18:ff:ff,0,2,176,0,0,2,176,0,0
04:00:b0:18:ff:ff,0,2,176,0,0,2,176,0,0
04:00:10:19:ff:ff,0,1,88,0,0,0,0,1,88
04:00:20:19:ff:ff,0,1,88,0,0,0,0,1,88
28:c1:a0:f1:4e:36,0,33,11748,0,0,33,11748,0,0
b4:00:a0:00:d4:8a,0,2,152,0,0,0,0,2,152
d4:57:63:e8:aa:17,0,454,111400,0,0,229,85659,225,25741
80:ce:b9:d9:06:39,0,5,878,0,0,5,878,0,0
04:00:70:1a:ff:ff,0,1,88,0,0,1,88,0,0
04:00:80:1a:ff:ff,0,1,88,0,0,1,88,0,0
04:00:90:1a:ff:ff,0,4,316,0,0,4,316,0,0
85:84:83:40:aa:17,0,2,140,0,0,2,140,0,0
f6:02:b5:ef:aa:17,0,89,6230,0,0,89,6230,0,0
04:00:f0:1a:ff:ff,0,1,88,0,0,1,88,0,0
04:00:00:1b:ff:ff,0,1,88,0,0,1,88,0,0
04:00:10:1b:ff:ff,0,2,158,0,0,2,158,0,0
22:2a:9f:de:aa:17,0,3,210,0,0,3,210,0,0
09:1b:24:a2:aa:17,0,2,140,0,0,2,140,0,0
43:0f:4f:5d:aa:17,0,2,140,0,0,2,140,0,0
d7:25:6b:d0:3d:27,0,5,356,0,0,5,356,0,0
04:60:a0:01:20:fc,0,1,88,0,0,1,88,0,0
04:60:a0:01:ff:ff,0,12,876,0,0,12,876,0,0
04:00:50:1b:ff:ff,0,10,718,0,0,10,718,0,0
f6:02:b5:ef:b5:53,0,8,560,0,0,8,560,0,0
cb:25:b5:55:8d:f4,0,3,228,0,0,0,0,3,228
cb:25:b5:55:83:12,0,2,140,0,0,2,140,0,0
70:5e:b5:55:8d:f4,0,2,140,0,0,0,0,2,140
f6:02:b5:ef:ca:84,0,4,280,0,0,4,280,0,0
f6:02:b5:ef:ca:85,0,15,1050,0,0,15,1050,0,0
34:d2:32:c5:aa:17,0,1,70,0,0,1,70,0,0
c4:0a:cb:2d:ca:76,0,1,70,0,0,0,0,1,70
46:0e:8b:f5:aa:17,0,2,140,0,0,2,140,0,0
f6:02:b5:ef:b5:54,0,5,350,0,0,5,350,0,0
7c:1d:fe:72:b5:55,0,6,420,0,0,6,420,0,0
aa:17:f6:02:b5:ef,0,7,490,0,0,0,0,7,490
15:6d:39:a4:b5:54,0,1,70,0,0,1,70,0,0
6d:3f:30:89:aa:17,0,4,280,0,0,4,280,0,0
f3:15:6e:26:aa:17,0,1,70,0,0,1,70,0,0
b4:f9:49:38:73:40,0,1,176,0,0,0,0,1,176
b5:54:04:00:f0:04,0,4,298,0,0,4,298,0,0
b5:54:04:60:a0:01,0,1,88,0,0,1,88,0,0
ff:ff:ff:03:00:00,0,12,972,0,0,6,474,6,498
ca:85:04:00:00:1c,0,1,88,0,0,1,88,0,0
04:00:10:1c:ff:ff,0,1,88,0,0,1,88,0,0
44:8c:00:e1:f5:21,0,3,616,0,0,3,616,0,0
04:00:40:1c:ff:ff,0,1,88,0,0,0,0,1,88
04:00:60:1c:ff:ff,0,1,88,0,0,0,0,1,88
04:00:c0:1c:ff:ff,0,1,88,0,0,1,88,0,0
04:00:d0:1c:ff:ff,0,2,176,0,0,2,176,0,0
c7:1f:0f:2f:25:ff,0,6,420,0,0,6,420,0,0
04:00:10:1d:ff:ff,0,2,176,0,0,2,176,0,0
3c:61:88:3b:ff:ff,0,2,146,0,0,2,146,0,0
04:00:30:1d:ff:ff,0,1,88,0,0,1,88,0,0
04:00:40:1d:ff:ff,0,1,88,0,0,1,88,0,0
3c:61:88:3b:bb:78,0,1,76,0,0,1,76,0,0
04:00:60:1d:ff:ff,0,2,176,0,0,2,176,0,0
50:da:d6:9a:b4:56,0,82,12663,0,0,82,12663,0,0
04:00:80:1d:ff:ff,0,1,88,0,0,1,88,0,0
04:00:90:1d:ff:ff,0,1,88,0,0,1,88,0,0
04:00:a0:1d:ff:ff,0,2,158,0,0,0,0,2,158
3c:61:88:3b:b5:54,0,2,146,0,0,0,0,2,146
92:2b:18:ef:b5:54,0,3,210,0,0,3,210,0,0
2a:28:de:59:c1:5f,0,2,146,0,0,2,146,0,0
d8:d2:b1:7e:18:d5,0,2,140,0,0,2,140,0,0
04:00:60:1e:ff:ff,0,2,176,0,0,2,176,0,0
04:00:70:1e:ff:ff,0,1,88,0,0,1,88,0,0
04:00:80:1e:ff:ff,0,2,176,0,0,2,176,0,0
04:00:a0:1e:ff:ff,0,1,88,0,0,1,88,0,0
04:00:c0:1e:ff:ff,0,1,88,0,0,1,88,0,0
04:00:d0:1e:ff:ff,0,1,88,0,0,1,88,0,0
04:00:e0:1e:ff:ff,0,1,88,0,0,1,88,0,0
68:54:5a:a4:50:01,0,3,933,0,0,3,933,0,0
33:33:ff:d4:61:fa,0,1,172,0,0,0,0,1,172
04:00:90:20:ff:ff,0,2,176,0,0,2,176,0,0
04:00:a0:20:ff:ff,0,1,88,0,0,1,88,0,0
04:00:e0:21:ff:ff,0,1,88,0,0,1,88,0,0
04:00:f0:21:ff:ff,0,2,158,0,0,2,158,0,0
b5:54:d4:57:63:e8,0,31,2668,0,0,0,0,31,2668
aa:17:bc:00:c1:71,0,2,140,0,0,0,0,2,140
aa:17:0c:1a:e0:0a,0,1,70,0,0,0,0,1,70
aa:17:dd:25:11:f2,0,1,70,0,0,0,0,1,70
aa:17:8b:47:67:0b,0,2,140,0,0,0,0,2,140
aa:17:0b:43:27:bb,0,5,362,0,0,5,362,0,0
aa:17:04:60:80:03,0,21,1670,0,0,21,1670,0,0
3d:05:82:be:00:fb,0,17,1360,0,0,0,0,17,1360
ca:85:04:00:50:22,0,1,88,0,0,1,88,0,0
3d:05:82:be:ff:ff,0,6,456,0,0,0,0,6,456
b5:54:2a:28:de:59,0,9,660,0,0,9,660,0,0
ff:ff:ff:ff:e5:32,0,1,84,0,0,1,84,0,0
38:d5:7a:06:b8:fd,0,6,1790,0,0,6,1790,0,0
d2:a6:af:be:aa:17,0,1,70,0,0,1,70,0,0
04:00:30:23:ff:ff,0,1,88,0,0,0,0,1,88
04:00:40:23:ff:ff,0,2,158,0,0,0,0,2,158
04:00:60:23:ff:ff,0,1,88,0,0,0,0,1,88
c9:88:19:dc:ff:ff,0,14,1034,0,0,11,812,3,222
22:31:39:94:b5:54,0,9,630,0,0,9,630,0,0
28:94:0f:c9:29:b8,0,12,1892,0,0,12,1892,0,0
04:00:a0:23:ff:ff,0,2,176,0,0,2,176,0,0
04:00:b0:23:ff:ff,0,1,88,0,0,1,88,0,0
a6:e3:e8:21:cb:fa,0,2,146,0,0,2,146,0,0
04:00:a0:36:03:00,0,1,88,0,0,1,88,0,0
04:00:10:24:ff:ff,0,1,88,0,0,1,88,0,0
04:00:20:24:ff:ff,0,1,88,0,0,0,0,1,88
04:00:30:24:ff:ff,0,1,88,0,0,0,0,1,88
04:00:40:24:ff:ff,0,1,88,0,0,0,0,1,88
bb:ea:49:9e:ff:ff,0,7,520,0,0,3,222,4,298
33:33:ff:d8:97:c7,0,7,1260,0,0,0,0,7,1260
18:3e:ef:f1:04:cc,0,21,11200,0,0,21,11200,0,0
34:7d:f6:0c:57:f1,0,5,1555,0,0,5,1555,0,0
55:7f:e4:48:0e:b9,0,4,286,0,0,4,286,0,0
04:60:80:03:01:00,0,1,88,0,0,1,88,0,0
04:00:b0:24:ff:ff,0,1,88,0,0,1,88,0,0
c7:1f:0c:b1:c2:09,0,1,70,0,0,1,70,0,0
cb:25:b5:54:04:30,0,2,160,0,0,2,160,0,0
84:00:2c:00:d4:57,0,1,80,0,0,0,0,1,80
84:08:2c:00:d4:57,0,1,80,0,0,0,0,1,80
b5:ef:b5:54:04:30,0,1,70,0,0,1,70,0,0
d4:00:00:00:d4:57,0,1,70,0,0,0,0,1,70
04:00:f0:24:ff:ff,0,2,176,0,0,1,88,1,88
04:00:10:25:ff:ff,0,4,316,0,0,3,228,1,88
04:00:10:26:ff:ff,0,1,88,0,0,1,88,0,0
04:00:40:26:ff:ff,0,1,88,0,0,1,88,0,0
04:60:80:03:03:00,0,1,88,0,0,1,88,0,0
2a:28:de:59:03:00,0,2,152,0,0,2,152,0,0
25:3c:a1:c7:45:62,0,1,76,0,0,1,76,0,0
cb:25:b5:54:1c:9c,0,1,76,0,0,1,76,0,0
fe:2b:b5:54:1c:9c,0,1,70,0,0,1,70,0,0
c4:00:de:00:c4:0a,0,1,70,0,0,0,0,1,70
88:f0:31:04:19:f7,0,1,193,0,0,1,193,0,0
a0:65:e5:87:bb:78,0,2,146,0,0,2,146,0,0
bd:6c:44:38:08:4b,0,2,146,0,0,2,146,0,0
04:00:a0:36:07:00,0,1,88,0,0,1,88,0,0
04:00:90:26:ff:ff,0,1,88,0,0,1,88,0,0
04:00:a0:26:ff:ff,0,1,88,0,0,1,88,0,0
04:00:b0:26:ff:ff,0,2,176,0,0,2,176,0,0
04:00:c0:26:ff:ff,0,1,88,0,0,1,88,0,0
38:8f:30:4b:74:ff,0,8,1527,0,0,8,1527,0,0
04:00:e0:26:ff:ff,0,2,176,0,0,2,176,0,0
04:00:f0:26:ff:ff,0,1,88,0,0,0,0,1,88
04:00:00:27:ff:ff,0,1,88,0,0,0,0,1,88
04:00:10:27:ff:ff,0,2,158,0,0,0,0,2,158
04:00:30:27:ff:ff,0,2,176,0,0,2,176,0,0
04:00:40:27:ff:ff,0,1,88,0,0,1,88,0,0
04:00:50:27:ff:ff,0,2,176,0,0,2,176,0,0
04:00:70:27:ff:ff,0,2,176,0,0,2,176,0,0
20:cd:6e:38:26:df,0,225,34246,0,0,225,34246,0,0
04:00:80:27:ff:ff,0,2,176,0,0,2,176,0,0
04:00:90:27:ff:ff,0,1,88,0,0,0,0,1,88
04:00:b0:27:ff:ff,0,3,264,0,0,3,264,0,0
04:00:c0:27:ff:ff,0,2,176,0,0,2,176,0,0
04:00:d0:27:ff:ff,0,2,176,0,0,2,176,0,0
04:00:f0:27:ff:ff,0,2,176,0,0,2,176,0,0
55:7f:e4:48:ff:ff,0,2,146,0,0,2,146,0,0
04:60:80:03:07:00,0,1,88,0,0,1,88,0,0
17:96:58:54:9a:41,0,2,146,0,0,2,146,0,0
28:a5:3f:41:0d:e0,0,8,1886,0,0,8,1886,0,0
04:00:40:28:ff:ff,0,2,176,0,0,2,176,0,0
04:00:50:28:ff:ff,0,1,88,0,0,1,88,0,0
04:00:60:28:ff:ff,0,2,158,0,0,2,158,0,0
04:00:70:28:ff:ff,0,2,176,0,0,2,176,0,0
04:00:b0:28:ff:ff,0,1,88,0,0,1,88,0,0
04:00:f0:28:ff:ff,0,1,88,0,0,1,88,0,0
e1:3b:32:e3:fa:d4,0,2,146,0,0,2,146,0,0
04:60:80:03:0f:00,0,1,88,0,0,1,88,0,0
c7:1f:0f:c9:29:b8,0,1,70,0,0,1,70,0,0
cb:25:b5:54:d4:57,0,2,152,0,0,2,152,0,0
63:e8:aa:17:fa:b4,0,1,76,0,0,0,0,1,76
63:e8:aa:17:b9:01,0,1,70,0,0,1,70,0,0
05:d9:aa:17:fa:b4,0,1,70,0,0,0,0,1,70
63:e8:aa:17:c4:0a,0,5,404,0,0,5,404,0,0
cb:25:b5:54:04:60,0,2,176,0,0,0,0,2,176
04:00:c0:29:ff:ff,0,2,176,0,0,2,176,0,0
04:00:d0:29:ff:ff,0,1,88,0,0,1,88,0,0
f2:6d:23:bf:00:3c,0,10,3476,0,0,10,3476,0,0
c4:0a:cb:25:e6:32,0,14,4816,0,0,14,4816,0,0
b0:3c:dc:e5:7a:7c,0,11,2206,0,0,11,2206,0,0
04:00:b0:2a:ff:ff,0,2,176,0,0,2,176,0,0
04:00:c0:2a:ff:ff,0,2,176,0,0,2,176,0,0
04:00:d0:2a:ff:ff,0,3,246,0,0,3,246,0,0
b9:01:05:d9:b5:51,0,1,70,0,0,1,70,0,0
f6:14:aa:8e:aa:17,0,1,70,0,0,1,70,0,0
b5:55:04:00:a0:36,0,22,1846,0,0,22,1846,0,0
3c:61:88:3b:69:ba,0,2,146,0,0,2,146,0,0
aa:17:c4:0a:cb:25,0,21,1596,0,0,0,0,21,1596
b5:54:22:31:39:94,0,10,700,0,0,0,0,10,700
54:6c:eb:b3:b7:44,0,4,640,0,0,4,640,0,0
39:57:2e:d2:d5:4e,0,1,76,0,0,0,0,1,76
39:57:2e:d2:ca:d3,0,2,140,0,0,2,140,0,0
db:b1:2e:d2:d5:4e,0,1,70,0,0,0,0,1,70
b8:ae:6d:9b:bf:98,0,1,730,0,0,1,730,0,0
90:c5:6d:89:28:05,0,1,730,0,0,0,0,1,730
6e:87:b3:95:60:5c,0,1,70,0,0,0,0,1,70
04:00:b0:2b:ff:ff,0,1,88,0,0,1,88,0,0
04:00:c0:2b:ff:ff,0,1,88,0,0,1,88,0,0
54:6c:eb:f6:77:91,0,2,320,0,0,2,320,0,0
50:84:92:d4:7a:ba,0,2,312,0,0,2,312,0,0
5a:03:55:e8:aa:17,0,1,160,0,0,0,0,1,160
a8:23:cb:22:b5:55,0,1,70,0,0,1,70,0,0
aa:17:54:c3:98:f0,0,2,140,0,0,0,0,2,140
aa:17:81:ed:3f:d5,0,1,70,0,0,0,0,1,70
33:33:00:80:7e:2c,0,1,1292,0,0,0,0,1,1292
b5:54:04:60:80:03,0,3,228,0,0,3,228,0,0
cb:25:b5:54:c9:88,0,3,228,0,0,0,0,3,228
cb:25:b5:54:22:31,0,3,210,0,0,3,210,0,0
39:94:b5:54:c9:88,0,3,210,0,0,0,0,3,210
be:a7:72:5f:d9:e0,0,2,320,0,0,2,320,0,0
b5:54:97:2a:dc:47,0,2,140,0,0,0,0,2,140
4c:79:6e:3e:2c:ef,0,5,800,0,0,5,800,0,0
98:43:fa:f2:9c:2f,0,2,320,0,0,2,320,0,0
ca:85:04:00:a0:2c,0,1,88,0,0,1,88,0,0
04:00:b0:2c:ff:ff,0,1,88,0,0,1,88,0,0
04:30:00:71:01:00,0,1,88,0,0,1,88,0,0
c9:88:19:dc:01:00,0,1,76,0,0,1,76,0,0
14:4e:00:00:14:4e,0,1,388,0,0,1,388,0,0
00:00:14:4e:00:00,0,2,476,0,0,1,88,1,388
b5:54:4b:d2:96:44,0,1,76,0,0,1,76,0,0
84:8b:8c:7a:3d:e9,0,1,160,0,0,1,160,0,0
1b:ec:2a:49:2e:d2,0,1,70,0,0,1,70,0,0
04:00:90:2d:ff:ff,0,1,88,0,0,1,88,0,0
bd:2a:4e:ea:2e:d2,0,1,70,0,0,1,70,0,0
04:00:10:2e:ff:ff,0,2,176,0,0,2,176,0,0
04:00:20:2e:ff:ff,0,1,88,0,0,1,88,0,0
04:00:30:2e:ff:ff,0,2,176,0,0,2,176,0,0
04:00:40:2e:ff:ff,0,1,88,0,0,1,88,0,0
2a:28:de:59:b5:55,0,1,76,0,0,0,0,1,76
1c:57:dc:4f:ea:00,0,54,11673,0,0,54,11673,0,0
04:00:a0:2e:ff:ff,0,1,88,0,0,0,0,1,88
f6:02:b5:ef:6d:25,0,2,140,0,0,2,140,0,0
db:b1:cb:25:b5:55,0,1,70,0,0,0,0,1,70
f4:75:c7:71:cf:a7,0,2,140,0,0,2,140,0,0
ff:e6:ca:85:04:00,0,1,70,0,0,0,0,1,70
63:e8:aa:17:78:ee,0,1,76,0,0,0,0,1,76
63:e8:aa:17:6d:3f,0,1,70,0,0,1,70,0,0
30:89:aa:17:78:ee,0,1,70,0,0,0,0,1,70
04:00:80:30:ff:ff,0,1,88,0,0,1,88,0,0
2c:db:07:94:3f:4f,0,2,236,0,0,2,236,0,0
04:00:60:31:ff:ff,0,2,176,0,0,2,176,0,0
04:00:70:31:ff:ff,0,2,176,0,0,2,176,0,0
04:00:80:31:ff:ff,0,1,88,0,0,1,88,0,0
04:00:a0:31:ff:ff,0,3,264,0,0,3,264,0,0
04:00:10:32:ff:ff,0,1,88,0,0,1,88,0,0
04:00:20:32:ff:ff,0,1,88,0,0,1,88,0,0
04:00:60:32:ff:ff,0,1,88,0,0,1,88,0,0
04:00:a0:32:ff:ff,0,2,176,0,0,2,176,0,0
04:00:b0:32:ff:ff,0,1,88,0,0,1,88,0,0
04:00:c0:32:ff:ff,0,1,88,0,0,1,88,0,0
04:00:00:33:ff:ff,0,1,88,0,0,1,88,0,0
04:00:20:33:ff:ff,0,1,88,0,0,1,88,0,0
04:00:30:33:ff:ff,0,1,88,0,0,1,88,0,0
04:00:70:33:ff:ff,0,1,88,0,0,1,88,0,0
04:00:80:33:ff:ff,0,1,88,0,0,1,88,0,0
04:00:a0:33:ff:ff,0,2,176,0,0,2,176,0,0
04:00:b0:33:ff:ff,0,2,176,0,0,2,176,0,0
04:00:c0:33:ff:ff,0,2,176,0,0,2,176,0,0
04:00:f0:33:ff:ff,0,1,88,0,0,1,88,0,0
cc:07:df:09:b5:55,0,2,140,0,0,2,140,0,0
b5:55:86:13:b4:f6,0,1,70,0,0,0,0,1,70
b5:55:36:09:95:8d,0,3,210,0,0,0,0,3,210
78:ee:11:62:b5:54,0,2,146,0,0,0,0,2,146
04:60:80:03:ff:07,0,1,88,0,0,0,0,1,88
39:57:2e:d2:02:9b,0,1,70,0,0,1,70,0,0
04:00:80:34:ff:ff,0,3,246,0,0,2,158,1,88
04:00:b0:34:ff:ff,0,1,88,0,0,1,88,0,0
04:00:20:35:ff:ff,0,1,88,0,0,0,0,1,88
04:00:d0:35:ff:ff,0,1,88,0,0,1,88,0,0
04:00:e0:35:ff:ff,0,1,88,0,0,1,88,0,0
40:1c:83:cf:0f:c1,0,1,160,0,0,1,160,0,0
50:28:4a:e5:ab:af,0,1,160,0,0,1,160,0,0
00:91:9e:a0:98:c6,0,2,320,0,0,2,320,0,0
f6:02:b5:ef:ca:83,0,1,70,0,0,1,70,0,0
08:8e:90:88:75:25,0,12,1849,0,0,12,1849,0,0
04:00:50:37:ff:ff,0,1,88,0,0,1,88,0,0
04:00:f0:37:ff:ff,0,1,88,0,0,1,88,0,0
04:00:00:38:ff:ff,0,1,88,0,0,1,88,0,0
04:00:c0:38:ff:ff,0,1,88,0,0,1,88,0,0
a8:ab:b5:46:ca:36,0,7,1922,0,0,7,1922,0,0
33:33:ff:ea:84:09,0,3,540,0,0,0,0,3,540
04:00:00:3a:ff:ff,0,1,88,0,0,1,88,0,0
04:00:10:3a:ff:ff,0,1,88,0,0,0,0,1,88
6d:3f:30:89:ca:85,0,1,70,0,0,1,70,0,0
64:d6:9a:fd:04:e9,0,3,504,0,0,3,504,0,0
c9:88:19:dc:7d:e9,0,2,146,0,0,2,146,0,0
8c:8d:28:2f:ef:e0,0,3,480,0,0,3,480,0,0
c9:88:19:dc:b5:54,0,4,292,0,0,0,0,4,292
c9:88:19:dc:01:b7,0,2,146,0,0,2,146,0,0
04:00:70:3b:ff:ff,0,1,88,0,0,1,88,0,0
04:00:a0:3b:ff:ff,0,1,88,0,0,1,88,0,0
50:e7:b7:27:93:4d,0,58,8966,0,0,58,8966,0,0
04:00:d0:3b:ff:ff,0,1,88,0,0,1,88,0,0
c9:88:19:dc:e2:56,0,1,76,0,0,1,76,0,0
04:00:e0:3b:ff:ff,0,1,88,0,0,0,0,1,88
60:14:b3:76:68:7f,0,2,2043,0,0,2,2043,0,0
78:64:c0:d7:7d:6e,0,185,64053,0,0,185,64053,0,0
04:00:10:3c:ff:ff,0,1,88,0,0,1,88,0,0
c9:88:19:dc:82:78,0,2,146,0,0,2,146,0,0
c9:88:19:dc:4c:60,0,2,146,0,0,2,146,0,0
50:5d:3a:5d:b4:56,0,1,76,0,0,1,76,0,0
04:00:60:3c:ff:ff,0,1,88,0,0,1,88,0,0
04:00:70:3c:ff:ff,0,1,88,0,0,1,88,0,0
c9:88:19:dc:8b:34,0,2,146,0,0,2,146,0,0
04:00:90:3c:ff:ff,0,2,176,0,0,2,176,0,0
a0:59:50:53:9d:28,0,2,320,0,0,2,320,0,0
d4:d8:53:89:5d:46,0,2,320,0,0,2,320,0,0
c9:88:19:dc:ad:b7,0,2,146,0,0,2,146,0,0
3d:5d:7e:88:5b:56,0,2,146,0,0,2,146,0,0
04:60:80:03:ff:1f,0,1,88,0,0,1,88,0,0
04:00:d0:3c:ff:ff,0,1,88,0,0,1,88,0,0
04:00:e0:3c:ff:ff,0,2,176,0,0,2,176,0,0
04:00:50:3d:ff:ff,0,1,88,0,0,1,88,0,0
24:29:34:9b:79:b5,0,22,3612,0,0,22,3612,0,0
33:33:ff:06:81:5c,0,1,180,0,0,0,0,1,180
04:00:60:3d:ff:ff,0,1,88,0,0,1,88,0,0
04:00:70:3d:ff:ff,0,1,88,0,0,1,88,0,0
04:00:90:3d:ff:ff,0,1,88,0,0,1,88,0,0
04:00:b0:3d:ff:ff,0,2,176,0,0,2,176,0,0
04:00:20:3e:ff:ff,0,1,88,0,0,1,88,0,0
04:00:30:3e:ff:ff,0,1,88,0,0,1,88,0,0
04:00:40:3e:ff:ff,0,1,88,0,0,1,88,0,0
04:00:50:3e:ff:ff,0,1,88,0,0,1,88,0,0
04:00:60:3e:ff:ff,0,1,88,0,0,1,88,0,0
04:00:80:3e:ff:ff,0,3,228,0,0,0,0,3,228
bc:00:c1:71:ca:85,0,1,70,0,0,1,70,0,0
04:60:80:03:ff:3f,0,1,88,0,0,0,0,1,88
04:00:90:3e:ff:ff,0,1,88,0,0,1,88,0,0
04:00:a0:3e:ff:ff,0,1,88,0,0,1,88,0,0
04:00:c0:3e:ff:ff,0,1,88,0,0,1,88,0,0
04:00:d0:3e:ff:ff,0,1,88,0,0,1,88,0,0
04:00:10:3f:ff:ff,0,1,88,0,0,1,88,0,0
04:00:a0:3f:ff:ff,0,2,176,0,0,2,176,0,0
04:00:b0:3f:ff:ff,0,1,88,0,0,1,88,0,0
04:00:c0:3f:ff:ff,0,1,88,0,0,1,88,0,0
04:00:10:40:ff:ff,0,2,158,0,0,0,0,2,158
4c:2e:5e:ff:4e:6d,0,1,903,0,0,1,903,0,0
04:00:80:40:ff:ff,0,1,88,0,0,1,88,0,0
04:00:90:40:ff:ff,0,5,386,0,0,5,386,0,0
04:00:a0:40:ff:ff,0,1,88,0,0,1,88,0,0
04:00:b0:40:ff:ff,0,1,88,0,0,1,88,0,0
09:00:82:e8:b5:54,0,1,70,0,0,1,70,0,0
b5:54:09:00:82:e8,0,2,140,0,0,0,0,2,140
84:1b:77:b5:00:a9,0,2,320,0,0,2,320,0,0
0c:9a:3c:b8:80:fd,0,2,320,0,0,2,320,0,0
04:00:00:41:ff:ff,0,1,88,0,0,1,88,0,0
04:00:10:41:ff:ff,0,1,88,0,0,1,88,0,0
04:00:20:41:ff:ff,0,3,246,0,0,3,246,0,0
7c:21:4a:e2:a6:c6,0,14,3776,0,0,14,3776,0,0
a8:93:4a:2a:b6:79,0,5,2024,0,0,5,2024,0,0
2c:3b:70:5d:c6:6b,0,67,14116,0,0,67,14116,0,0
f2:6d:1b:af:00:28,0,8,3336,0,0,8,3336,0,0
04:00:00:43:ff:ff,0,1,88,0,0,1,88,0,0
04:00:60:43:ff:ff,0,2,176,0,0,2,176,0,0
04:00:70:43:ff:ff,0,2,176,0,0,2,176,0,0
04:00:80:43:ff:ff,0,2,176,0,0,2,176,0,0
a5:c3:8b:5d:b5:54,0,2,140,0,0,2,140,0,0
04:ed:33:50:3c:ff,0,3,821,0,0,3,821,0,0
04:00:f0:43:ff:ff,0,2,176,0,0,2,176,0,0
04:00:70:44:ff:ff,0,1,88,0,0,0,0,1,88
04:00:c0:44:ff:ff,0,1,88,0,0,1,88,0,0
04:00:d0:44:ff:ff,0,1,88,0,0,1,88,0,0
04:00:e0:44:ff:ff,0,1,88,0,0,1,88,0,0
04:00:00:45:ff:ff,0,1,88,0,0,1,88,0,0
04:00:40:45:ff:ff,0,1,88,0,0,0,0,1,88
04:00:50:45:ff:ff,0,1,88,0,0,1,88,0,0
04:00:60:45:ff:ff,0,1,88,0,0,1,88,0,0
04:00:70:45:ff:ff,0,2,176,0,0,2,176,0,0
04:00:80:45:ff:ff,0,1,88,0,0,1,88,0,0
f2:6d:18:af:00:28,0,10,4170,0,0,10,4170,0,0
04:00:90:45:ff:ff,0,2,176,0,0,2,176,0,0
04:00:a0:45:ff:ff,0,1,88,0,0,1,88,0,0
04:00:c0:45:ff:ff,0,2,176,0,0,2,176,0,0
04:00:d0:45:ff:ff,0,2,176,0,0,2,176,0,0
04:00:f0:45:ff:ff,0,1,88,0,0,1,88,0,0
04:00:50:46:ff:ff,0,2,176,0,0,2,176,0,0
04:00:70:46:ff:ff,0,2,176,0,0,2,176,0,0
04:00:80:46:ff:ff,0,1,88,0,0,0,0,1,88
04:00:90:46:ff:ff,0,1,88,0,0,0,0,1,88
04:00:a0:46:ff:ff,0,2,176,0,0,1,88,1,88
04:00:c0:46:ff:ff,0,2,176,0,0,2,176,0,0
04:00:f0:46:ff:ff,0,2,176,0,0,2,176,0,0
04:00:00:47:ff:ff,0,1,88,0,0,1,88,0,0
04:00:30:47:ff:ff,0,1,88,0,0,1,88,0,0
04:00:40:47:ff:ff,0,1,88,0,0,1,88,0,0
04:00:70:47:ff:ff,0,1,88,0,0,1,88,0,0
04:00:80:47:ff:ff,0,1,88,0,0,1,88,0,0
04:00:90:47:ff:ff,0,1,88,0,0,1,88,0,0
04:00:a0:47:ff:ff,0,2,176,0,0,2,176,0,0
04:00:b0:47:ff:ff,0,1,88,0,0,1,88,0,0
04:00:c0:47:ff:ff,0,2,158,0,0,2,158,0,0
04:00:d0:48:ff:ff,0,1,88,0,0,1,88,0,0
68:4a:e9:29:45:42,0,1,164,0,0,1,164,0,0
04:00:20:4a:ff:ff,0,1,88,0,0,1,88,0,0
04:00:30:4a:ff:ff,0,2,176,0,0,2,176,0,0
04:00:40:4a:ff:ff,0,1,88,0,0,1,88,0,0
04:00:50:4a:ff:ff,0,1,88,0,0,1,88,0,0
04:00:c0:4a:ff:ff,0,1,88,0,0,1,88,0,0
04:00:d0:4a:ff:ff,0,1,88,0,0,1,88,0,0
04:00:e0:4a:ff:ff,0,1,88,0,0,1,88,0,0
04:00:10:4b:ff:ff,0,1,88,0,0,1,88,0,0
04:00:30:4b:ff:ff,0,1,88,0,0,1,88,0,0
04:00:40:4b:ff:ff,0,1,88,0,0,1,88,0,0
04:00:20:4c:ff:ff,0,1,88,0,0,1,88,0,0
04:00:30:4c:ff:ff,0,2,176,0,0,2,176,0,0
04:00:40:4c:ff:ff,0,1,88,0,0,1,88,0,0
04:00:50:4c:ff:ff,0,1,88,0,0,1,88,0,0
04:00:60:4c:ff:ff,0,1,88,0,0,1,88,0,0
88:1e:5a:38:e6:45,0,80,28340,0,0,80,28340,0,0
04:00:b0:4c:ff:ff,0,2,176,0,0,1,88,1,88
04:00:c0:4c:ff:ff,0,1,88,0,0,1,88,0,0
10:ec:81:bb:ac:5e,0,23,3542,0,0,23,3542,0,0
04:00:f0:4c:ff:ff,0,1,88,0,0,1,88,0,0
04:00:20:4d:ff:ff,0,1,88,0,0,1,88,0,0
f2:c5:4d:af:00:28,0,7,2919,0,0,7,2919,0,0
04:00:40:4d:ff:ff,0,1,88,0,0,1,88,0,0
04:00:50:4d:ff:ff,0,1,88,0,0,1,88,0,0
04:00:60:4d:ff:ff,0,1,88,0,0,1,88,0,0
04:00:70:4d:ff:ff,0,1,88,0,0,1,88,0,0
04:00:80:4d:ff:ff,0,1,88,0,0,1,88,0,0
04:00:90:4d:ff:ff,0,2,176,0,0,2,176,0,0
04:00:d0:4d:ff:ff,0,2,176,0,0,2,176,0,0
04:00:e0:4d:ff:ff,0,2,176,0,0,2,176,0,0
04:00:f0:4d:ff:ff,0,2,176,0,0,2,176,0,0
04:00:00:4e:ff:ff,0,2,176,0,0,2,176,0,0
04:00:10:4e:ff:ff,0,1,88,0,0,1,88,0,0
04:00:20:4e:ff:ff,0,1,88,0,0,1,88,0,0
94:52:44:ec:9b:c6,0,213,32490,0,0,213,32490,0,0
04:00:40:4e:ff:ff,0,1,88,0,0,1,88,0,0
04:00:80:4e:ff:ff,0,1,88,0,0,1,88,0,0
04:00:90:4e:ff:ff,0,2,176,0,0,1,88,1,88
04:00:a0:4e:ff:ff,0,1,88,0,0,1,88,0,0
b0:be:83:66:5d:d8,0,9,2940,0,0,9,2940,0,0
04:00:b0:4e:ff:ff,0,2,176,0,0,2,176,0,0
04:00:c0:4e:ff:ff,0,2,176,0,0,2,176,0,0
04:00:d0:4e:ff:ff,0,2,176,0,0,2,176,0,0
04:00:e0:4e:ff:ff,0,2,176,0,0,2,176,0,0
04:00:10:4f:ff:ff,0,2,176,0,0,1,88,1,88
04:00:20:4f:ff:ff,0,1,88,0,0,1,88,0,0
04:00:40:4f:ff:ff,0,2,176,0,0,2,176,0,0
04:00:50:4f:ff:ff,0,1,88,0,0,1,88,0,0
04:00:c0:4f:ff:ff,0,2,176,0,0,2,176,0,0
04:00:d0:4f:ff:ff,0,3,246,0,0,3,246,0,0
04:00:e0:4f:ff:ff,0,1,88,0,0,1,88,0,0
04:00:f0:4f:ff:ff,0,2,176,0,0,2,176,0,0
04:00:00:50:ff:ff,0,3,264,0,0,3,264,0,0
04:00:10:50:ff:ff,0,2,176,0,0,2,176,0,0
04:00:30:50:ff:ff,0,2,176,0,0,2,176,0,0
04:00:40:50:ff:ff,0,1,88,0,0,1,88,0,0
04:00:50:50:ff:ff,0,2,176,0,0,2,176,0,0
04:00:60:50:ff:ff,0,2,176,0,0,2,176,0,0
04:00:90:50:ff:ff,0,1,88,0,0,1,88,0,0
04:00:a0:50:ff:ff,0,2,176,0,0,2,176,0,0
04:00:b0:50:ff:ff,0,1,88,0,0,1,88,0,0
04:00:c0:50:ff:ff,0,1,88,0,0,1,88,0,0
04:00:e0:50:ff:ff,0,3,228,0,0,3,228,0,0
04:00:f0:50:ff:ff,0,1,88,0,0,1,88,0,0
04:00:10:51:ff:ff,0,2,176,0,0,2,176,0,0
04:00:20:51:ff:ff,0,2,176,0,0,2,176,0,0
04:00:30:51:ff:ff,0,1,88,0,0,1,88,0,0
04:00:50:51:ff:ff,0,1,88,0,0,1,88,0,0
04:00:60:51:ff:ff,0,1,88,0,0,1,88,0,0
04:00:70:51:ff:ff,0,1,88,0,0,1,88,0,0
04:00:80:51:ff:ff,0,2,176,0,0,2,176,0,0
9c:2f:9d:57:0e:03,0,6,1866,0,0,6,1866,0,0
33:33:ff:2f:2d:c3,0,1,180,0,0,0,0,1,180
04:00:60:52:ff:ff,0,1,88,0,0,1,88,0,0
04:00:50:53:ff:ff,0,1,88,0,0,1,88,0,0
04:00:60:53:ff:ff,0,1,88,0,0,1,88,0,0
04:00:10:54:ff:ff,0,1,88,0,0,1,88,0,0
04:00:30:54:ff:ff,0,1,88,0,0,1,88,0,0
04:00:40:54:ff:ff,0,1,88,0,0,1,88,0,0
04:00:20:55:ff:ff,0,1,88,0,0,1,88,0,0
04:00:30:55:ff:ff,0,2,176,0,0,2,176,0,0
04:00:40:55:ff:ff,0,1,88,0,0,1,88,0,0
04:00:10:56:ff:ff,0,2,176,0,0,2,176,0,0
04:00:20:56:ff:ff,0,1,88,0,0,1,88,0,0
04:00:b0:56:ff:ff,0,1,88,0,0,1,88,0,0
04:00:20:57:ff:ff,0,1,88,0,0,1,88,0,0
04:00:30:57:ff:ff,0,1,88,0,0,1,88,0,0
04:00:10:58:ff:ff,0,1,88,0,0,1,88,0,0
04:00:20:58:ff:ff,0,1,88,0,0,1,88,0,0
f2:c5:4e:ff:00:3c,0,11,4587,0,0,11,4587,0,0
d4:8a:39:a9:70:e9,0,2,492,0,0,2,492,0,0
04:00:e0:58:ff:ff,0,2,176,0,0,2,176,0,0
04:00:f0:58:ff:ff,0,1,88,0,0,1,88,0,0
04:00:00:59:ff:ff,0,2,176,0,0,2,176,0,0
04:00:10:59:ff:ff,0,2,158,0,0,2,158,0,0
1c:bf:c0:6d:f8:11,0,21,4461,0,0,21,4461,0,0
b4:00:b8:00:f8:89,0,10,760,0,0,0,0,10,760
c4:00:8e:00:c4:0a,0,3,210,0,0,0,0,3,210
04:00:80:59:ff:ff,0,1,88,0,0,1,88,0,0
04:00:30:5a:ff:ff,0,1,88,0,0,1,88,0,0
04:00:40:5a:ff:ff,0,1,88,0,0,1,88,0,0
04:00:50:5a:ff:ff,0,1,88,0,0,1,88,0,0
04:00:70:5a:ff:ff,0,1,88,0,0,1,88,0,0
04:00:90:5a:ff:ff,0,2,176,0,0,2,176,0,0
04:00:a0:5a:ff:ff,0,1,88,0,0,1,88,0,0
04:00:d0:5a:ff:ff,0,2,176,0,0,1,88,1,88
04:00:e0:5a:ff:ff,0,2,176,0,0,1,88,1,88
04:00:f0:5a:ff:ff,0,2,176,0,0,2,176,0,0
b0:8c:75:c5:66:bb,0,1,187,0,0,1,187,0,0
04:00:90:5b:ff:ff,0,1,88,0,0,1,88,0,0
07:b9:2b:73:1e:a8,0,2,152,0,0,2,152,0,0
1c:0d:7d:e1:e8:cb,0,2,394,0,0,2,394,0,0
07:b9:2b:73:e8:cb,0,2,146,0,0,2,146,0,0
04:00:b0:5b:ff:ff,0,1,88,0,0,1,88,0,0
40:c7:11:ac:89:ad,0,11,2197,0,0,11,2197,0,0
04:00:00:5c:ff:ff,0,2,176,0,0,2,176,0,0
a8:ab:b5:50:84:d6,0,2,394,0,0,2,394,0,0
b8:2a:a9:0e:28:e2,0,17,3901,0,0,17,3901,0,0
04:00:20:5c:ff:ff,0,1,88,0,0,1,88,0,0
a0:fb:c5:5a:17:14,0,1,207,0,0,1,207,0,0
04:00:30:5c:ff:ff,0,2,176,0,0,2,176,0,0
0c:19:f8:46:a3:b7,0,1,187,0,0,1,187,0,0
8c:ec:7b:1c:26:ae,0,2,394,0,0,2,394,0,0
80:54:9c:22:6c:15,0,328,57736,0,0,328,57736,0,0
28:c2:1f:5c:7d:38,0,237,36086,0,0,237,36086,0,0
cc:69:fa:5b:d3:9f,0,2,394,0,0,2,394,0,0
00:f3:9f:df:35:45,0,3,599,0,0,3,599,0,0
26:7e:ca:07:8f:90,0,8,2462,0,0,8,2462,0,0
33:33:ff:07:8f:90,0,1,180,0,0,0,0,1,180
f8:83:69:4f:9c:57,0,3,216,0,0,3,216,0,0
07:b9:2b:73:8f:90,0,4,292,0,0,4,292,0,0
ff:ff:ff:ff:44:3c,0,1,84,0,0,1,84,0,0
2a:28:de:59:8f:90,0,3,222,0,0,3,222,0,0
25:3c:a1:c7:08:f7,0,2,146,0,0,2,146,0,0
ff:ff:ff:ff:ac:bd,0,1,84,0,0,1,84,0,0
aa:3b:8a:07:07:75,0,1,70,0,0,1,70,0,0
cb:25:b5:54:b5:6c,0,1,76,0,0,1,76,0,0
b4:00:30:02:f8:89,0,1,76,0,0,0,0,1,76
99:69:b5:54:b5:6c,0,1,70,0,0,1,70,0,0
c4:00:06:02:c4:0a,0,1,70,0,0,0,0,1,70
ff:ff:ff:ff:06:21,0,1,84,0,0,1,84,0,0
5e:a1:c4:0a:cb:5c,0,1,88,0,0,0,0,1,88
04:00:b0:5e:ff:ff,0,1,88,0,0,1,88,0,0
04:00:c0:5e:ff:ff,0,1,88,0,0,1,88,0,0
04:00:e0:5e:ff:ff,0,1,88,0,0,1,88,0,0
04:00:40:5f:ff:ff,0,2,176,0,0,1,88,1,88
d0:88:0c:64:6a:32,0,24,8942,0,0,24,8942,0,0
04:00:b0:5f:ff:ff,0,2,158,0,0,2,158,0,0
04:00:e0:97:ff:ff,0,2,176,0,0,2,176,0,0
b9:4e:4b:54:b5:54,0,3,210,0,0,3,210,0,0
04:bd:bf:5f:7a:9d,0,25,3950,0,0,25,3950,0,0
04:00:a0:60:ff:ff,0,1,88,0,0,1,88,0,0
04:00:c0:60:ff:ff,0,1,88,0,0,1,88,0,0
d2:71:18:d5:05:e3,0,5,380,0,0,2,152,3,228
b4:00:b9:00:c4:0a,0,2,152,0,0,0,0,2,152
1b:b2:18:d5:05:e3,0,5,350,0,0,2,140,3,210
c4:00:8d:00:f8:89,0,2,140,0,0,0,0,2,140
8b:5d:18:d5:05:e3,0,2,140,0,0,2,140,0,0
18:d5:46:d2:1b:b2,0,2,140,0,0,0,0,2,140
00:00:a0:dd:00:20,0,1,160,0,0,1,160,0,0
d5:13:e2:88:00:20,0,4,298,0,0,4,298,0,0
04:00:70:62:ff:ff,0,1,88,0,0,1,88,0,0
04:00:80:62:ff:ff,0,1,88,0,0,1,88,0,0
04:00:90:62:ff:ff,0,2,176,0,0,1,88,1,88
04:00:a0:62:ff:ff,0,2,158,0,0,2,158,0,0
04:00:b0:62:ff:ff,0,1,88,0,0,1,88,0,0
04:00:d0:62:ff:ff,0,1,88,0,0,0,0,1,88
3e:96:96:22:ca:85,0,1,70,0,0,1,70,0,0
f2:6d:1c:ff:00:3c,0,9,3753,0,0,9,3753,0,0
04:00:10:63:ff:ff,0,1,88,0,0,1,88,0,0
04:00:70:63:ff:ff,0,1,88,0,0,1,88,0,0
04:00:80:63:ff:ff,0,1,88,0,0,1,88,0,0
20:2b:20:82:d5:d5,0,115,26048,0,0,114,25870,1,178
04:00:90:63:ff:ff,0,2,176,0,0,2,176,0,0
18:d5:bc:a2:4d:92,0,1,70,0,0,0,0,1,70
ff:ff:7f:00:00:00,0,10,820,0,0,4,322,6,498
04:00:c0:63:ff:ff,0,1,88,0,0,1,88,0,0
04:00:d0:63:ff:ff,0,1,88,0,0,1,88,0,0
04:00:e0:63:ff:ff,0,1,88,0,0,1,88,0,0
18:d5:71:c1:55:0f,0,1,70,0,0,0,0,1,70
18:d5:22:f6:0f:99,0,3,210,0,0,0,0,3,210
04:00:30:64:ff:ff,0,1,88,0,0,0,0,1,88
04:00:80:64:ff:ff,0,1,88,0,0,0,0,1,88
04:00:a0:64:ff:ff,0,1,88,0,0,0,0,1,88
04:00:b0:64:ff:ff,0,1,88,0,0,1,88,0,0
04:00:c0:64:ff:ff,0,2,176,0,0,2,176,0,0
9d:f1:39:11:98:46,0,2,146,0,0,2,146,0,0
a0:95:ff:ff:ff:ff,0,1,84,0,0,1,84,0,0
07:b9:2b:73:82:c0,0,2,146,0,0,2,146,0,0
ff:ff:ff:ff:d7:2b,0,1,84,0,0,1,84,0,0
04:00:00:66:ff:ff,0,2,176,0,0,2,176,0,0
04:00:10:66:ff:ff,0,1,88,0,0,1,88,0,0
f2:78:bc:af:00:3c,0,12,5004,0,0,12,5004,0,0
f2:78:17:af:00:3c,0,11,4587,0,0,11,4587,0,0
7a:b9:74:ae:54:7c,0,102,19071,0,0,102,19071,0,0
33:33:ff:11:4e:08,0,6,1080,0,0,0,0,6,1080
50:23:a2:e3:03:54,0,3,581,0,0,3,581,0,0
33:33:ff:c5:19:1d,0,1,180,0,0,0,0,1,180
ff:ff:ff:ff:3f:aa,0,1,84,0,0,1,84,0,0
39:57:2e:d2:65:8f,0,1,70,0,0,1,70,0,0
51:52:ca:85:04:00,0,1,70,0,0,0,0,1,70
39:57:2e:d2:e7:5e,0,1,88,0,0,1,88,0,0
c7:56:4f:14:04:00,0,1,88,0,0,0,0,1,88
b5:55:d5:70:06:a7,0,1,70,0,0,0,0,1,70
65:8f:51:52:2e:d2,0,1,70,0,0,1,70,0,0
ff:ff:3f:00:00:00,0,9,714,0,0,1,88,8,626
ca:85:04:00:a0:66,0,1,88,0,0,1,88,0,0
04:00:b0:66:ff:ff,0,2,176,0,0,1,88,1,88
b5:55:79:1c:3a:da,0,1,70,0,0,0,0,1,70
ae:f7:cf:9a:2e:d2,0,1,70,0,0,1,70,0,0
c0:00:0c:07:ac:3c,0,1,682,0,0,0,0,1,682
ca:85:04:00:e0:66,0,1,88,0,0,1,88,0,0
07:b9:2b:73:01:19,0,2,146,0,0,2,146,0,0
bc:dc:51:36:18:d5,0,1,70,0,0,1,70,0,0
f8:89:34:f7:e1:5e,0,1,183,0,0,1,183,0,0
13:cc:e3:55:ad:28,0,1,183,0,0,0,0,1,183
04:27:eb:d0:92:a2,0,1,189,0,0,1,189,0,0
6d:9b:cf:a4:22:32,0,1,189,0,0,0,0,1,189
b5:54:04:00:20:43,0,4,352,0,0,4,352,0,0
ff:ff:ff:1f:00:00,0,12,948,0,0,3,234,9,714
b5:54:a8:d8:d9:c7,0,2,146,0,0,2,146,0,0
b5:54:34:b9:94:8b,0,1,70,0,0,0,0,1,70
92:fa:cb:25:b5:55,0,1,70,0,0,0,0,1,70
b5:55:39:5b:c7:7f,0,1,70,0,0,0,0,1,70
ff:ff:ff:00:00:00,0,4,322,0,0,1,88,3,234
2e:d2:f8:95:b9:63,0,1,70,0,0,0,0,1,70
ff:ff:ff:07:00:00,0,5,410,0,0,5,410,0,0
ff:ff:ff:0f:00:00,0,8,644,0,0,5,410,3,234
2e:d2:48:8f:98:18,0,1,70,0,0,0,0,1,70
04:00:70:04:1f:00,0,1,88,0,0,1,88,0,0
f2:c5:4c:bf:00:28,0,9,3753,0,0,9,3753,0,0
74:f2:fa:b5:65:87,0,17,3554,0,0,17,3554,0,0
14:94:6c:99:2f:9a,0,13,3662,0,0,13,3662,0,0
e3:0c:c5:56:0e:03,0,4,292,0,0,4,292,0,0
33:33:ff:28:53:0f,0,2,360,0,0,0,0,2,360
48:74:12:c3:4d:53,0,30,5103,0,0,30,5103,0,0
8c:7a:aa:62:9d:a3,0,8,2052,0,0,8,2052,0,0
d2:71:18:d5:ac:39,0,2,152,0,0,0,0,2,152
d2:71:18:d5:97:b9,0,2,140,0,0,2,140,0,0
02:8d:18:d5:ac:39,0,2,140,0,0,0,0,2,140
8b:5d:18:d5:ac:39,0,1,70,0,0,0,0,1,70
18:d5:3b:ff:ca:93,0,1,70,0,0,0,0,1,70
ff:ff:ff:ff:ff:3f,0,5,410,0,0,4,322,1,88
cb:25:b5:54:94:de,0,1,76,0,0,0,0,1,76
cb:25:b5:54:19:b9,0,1,70,0,0,1,70,0,0
5d:c1:b5:54:94:de,0,1,70,0,0,0,0,1,70
fe:73:7c:ef:b5:54,0,2,146,0,0,0,0,2,146
f2:4a:b2:de:b5:54,0,1,70,0,0,1,70,0,0
d2:71:18:d5:c5:49,0,1,76,0,0,0,0,1,76
d2:71:18:d5:c1:f1,0,1,70,0,0,1,70,0,0
80:17:18:d5:c5:49,0,1,70,0,0,0,0,1,70
b8:cd:f1:71:98:d4,0,1,474,0,0,1,474,0,0
f1:01:0c:07:10:c3,0,1,474,0,0,0,0,1,474
14:88:e6:1f:95:35,0,78,26773,0,0,78,26773,0,0
f2:c5:51:cf:00:3c,0,10,4170,0,0,10,4170,0,0
04:bd:bf:c5:41:a3,0,72,10612,0,0,72,10612,0,0
d2:05:b0:06:4e:36,0,2,146,0,0,2,146,0,0
93:a8:f7:4a:06:f4,0,2,146,0,0,2,146,0,0
79:b0:1c:4c:b5:53,0,1,70,0,0,1,70,0,0
71:ec:d4:87:e6:33,0,1,70,0,0,1,70,0,0
f8:83:69:4f:ee:3d,0,3,216,0,0,3,216,0,0
88:f0:31:04:19:a7,0,2,480,0,0,2,480,0,0
6d:25:c4:0a:cb:2d,0,5,440,0,0,0,0,5,440
ff:ff:ff:ff:63:1a,0,2,154,0,0,2,154,0,0
a5:d5:94:3c:b5:52,0,1,70,0,0,1,70,0,0
33:33:ff:95:72:bb,0,2,360,0,0,0,0,2,360
04:00:f0:66:ff:ff,0,1,88,0,0,1,88,0,0
07:a7:d3:73:78:55,0,1,154,0,0,1,154,0,0
fc:ae:1d:e1:76:28,0,1,154,0,0,0,0,1,154
c4:75:ab:d0:d4:82,0,92,37125,0,0,92,37125,0,0
01:00:5e:7f:66:12,0,138,185012,0,0,0,0,138,185012
ba:27:2a:c6:fa:87,0,2,146,0,0,2,146,0,0
a0:4c:c1:99:2e:d2,0,1,70,0,0,1,70,0,0
c4:df:39:ee:d8:6d,0,59,9102,0,0,59,9102,0,0
33:33:ff:6f:af:a6,0,5,900,0,0,0,0,5,900
f2:6d:2a:1f:00:28,0,10,4170,0,0,10,4170,0,0
cb:25:b5:55:5c:ed,0,4,328,0,0,4,328,0,0
f4:75:c7:71:75:15,0,2,152,0,0,0,0,2,152
f4:75:c7:71:d3:93,0,2,140,0,0,2,140,0,0
15:46:c7:71:75:15,0,2,140,0,0,0,0,2,140
46:ac:07:16:18:d5,0,3,210,0,0,3,210,0,0
d2:c7:07:75:b9:2e,0,4,304,0,0,0,0,4,304
cf:df:07:75:b9:2e,0,5,350,0,0,0,0,5,350
d4:87:07:75:b9:2e,0,3,210,0,0,0,0,3,210
1c:87:e3:f9:1e:3e,0,10,1692,0,0,10,1692,0,0
04:00:40:67:ff:ff,0,1,88,0,0,1,88,0,0
ff:e6:cb:25:b5:55,0,1,70,0,0,0,0,1,70
02:00:00:00:00:00,0,1,153,0,0,1,153,0,0
04:00:90:67:ff:ff,0,1,88,0,0,1,88,0,0
04:00:a0:67:ff:ff,0,2,176,0,0,2,176,0,0
04:00:b0:67:ff:ff,0,1,88,0,0,1,88,0,0
04:00:70:68:ff:ff,0,1,88,0,0,1,88,0,0
04:00:80:68:ff:ff,0,1,88,0,0,1,88,0,0
04:00:c0:68:ff:ff,0,2,176,0,0,2,176,0,0
04:00:d0:68:ff:ff,0,1,88,0,0,1,88,0,0
04:00:e0:68:ff:ff,0,1,88,0,0,1,88,0,0
04:00:f0:68:ff:ff,0,1,88,0,0,1,88,0,0
04:00:70:69:ff:ff,0,3,264,0,0,3,264,0,0
04:00:10:6a:ff:ff,0,1,88,0,0,1,88,0,0
04:00:20:6a:ff:ff,0,1,88,0,0,1,88,0,0
04:00:80:6a:ff:ff,0,2,176,0,0,2,176,0,0
04:00:a0:6a:ff:ff,0,1,88,0,0,1,88,0,0
04:00:e0:6a:ff:ff,0,1,88,0,0,1,88,0,0
04:00:30:6b:ff:ff,0,2,176,0,0,2,176,0,0
04:00:40:6b:ff:ff,0,1,88,0,0,1,88,0,0
04:00:60:6b:ff:ff,0,1,88,0,0,1,88,0,0
04:00:70:6b:ff:ff,0,1,88,0,0,1,88,0,0
c6:ea:75:89:f9:58,0,12,3056,0,0,12,3056,0,0
33:33:ff:64:35:08,0,3,540,0,0,0,0,3,540
60:7e:c9:db:99:1b,0,17,4310,0,0,17,4310,0,0
1c:0d:7d:80:d1:66,0,3,713,0,0,3,713,0,0
04:00:90:6b:ff:ff,0,4,316,0,0,4,316,0,0
04:00:b0:6b:ff:ff,0,2,176,0,0,2,176,0,0
04:00:d0:6b:ff:ff,0,1,88,0,0,1,88,0,0
04:00:f0:6b:ff:ff,0,2,176,0,0,2,176,0,0
04:00:30:6c:ff:ff,0,4,352,0,0,3,264,1,88
04:00:b0:6c:ff:ff,0,1,88,0,0,1,88,0,0
04:00:f0:6c:ff:ff,0,1,88,0,0,1,88,0,0
04:00:10:6d:ff:ff,0,1,88,0,0,1,88,0,0
04:00:30:6d:ff:ff,0,1,88,0,0,1,88,0,0
04:00:40:6d:ff:ff,0,3,264,0,0,3,264,0,0
04:00:50:6d:ff:ff,0,1,88,0,0,1,88,0,0
04:00:70:6d:ff:ff,0,4,352,0,0,4,352,0,0
04:00:90:6d:ff:ff,0,1,88,0,0,1,88,0,0
04:00:d0:6d:ff:ff,0,4,316,0,0,4,316,0,0
04:00:10:6e:ff:ff,0,2,176,0,0,2,176,0,0
04:00:30:6e:ff:ff,0,2,176,0,0,2,176,0,0
04:00:50:6e:ff:ff,0,1,88,0,0,1,88,0,0
04:00:70:6e:ff:ff,0,4,334,0,0,4,334,0,0
04:00:60:6f:ff:ff,0,1,88,0,0,1,88,0,0
04:00:70:6f:ff:ff,0,1,88,0,0,1,88,0,0
04:00:80:6f:ff:ff,0,1,88,0,0,1,88,0,0
04:00:90:6f:ff:ff,0,1,88,0,0,1,88,0,0
04:00:a0:6f:ff:ff,0,1,88,0,0,1,88,0,0
04:00:b0:6f:ff:ff,0,1,88,0,0,1,88,0,0
04:00:60:70:ff:ff,0,2,176,0,0,2,176,0,0
04:00:80:70:ff:ff,0,2,176,0,0,2,176,0,0
04:00:90:70:ff:ff,0,1,88,0,0,1,88,0,0
04:00:b0:70:ff:ff,0,1,88,0,0,1,88,0,0
3c:06:30:29:d5:07,0,6,5526,0,0,6,5526,0,0
90:e8:68:25:cf:c7,0,6,1622,0,0,6,1622,0,0
d2:05:b0:06:b5:55,0,4,292,0,0,0,0,4,292
d5:24:ee:60:b5:55,0,2,140,0,0,2,140,0,0
04:00:30:71:ff:ff,0,1,88,0,0,0,0,1,88
04:00:40:71:ff:ff,0,2,176,0,0,1,88,1,88
04:00:50:71:ff:ff,0,2,176,0,0,1,88,1,88
d2:71:18:d5:ed:94,0,3,228,0,0,3,228,0,0
b4:00:cb:00:c4:0a,0,3,228,0,0,0,0,3,228
d2:71:18:d5:37:e3,0,1,76,0,0,1,76,0,0
b4:00:dd:00:c4:0a,0,1,76,0,0,0,0,1,76
79:60:18:d5:37:e3,0,1,70,0,0,1,70,0,0
c4:00:b1:00:f8:89,0,1,70,0,0,0,0,1,70
d2:6f:56:70:1a:df,0,1,1029,0,0,1,1029,0,0
40:28:0c:07:ac:28,0,1,1029,0,0,0,0,1,1029
b5:54:04:00:60:43,0,2,176,0,0,2,176,0,0
cb:25:b5:54:f9:f0,0,1,76,0,0,1,76,0,0
3d:ad:b5:54:f9:f0,0,1,70,0,0,1,70,0,0
c4:00:86:00:c4:0a,0,1,70,0,0,0,0,1,70
6d:f5:24:73:b5:52,0,1,70,0,0,1,70,0,0
18:e7:b0:94:ae:e5,0,10,2612,0,0,10,2612,0,0
a4:c6:9a:6c:fc:6d,0,1,261,0,0,1,261,0,0
6c:97:6d:01:41:97,0,2,328,0,0,2,328,0,0
33:33:ff:16:66:e9,0,1,180,0,0,0,0,1,180
b5:54:04:00:e0:43,0,7,526,0,0,7,526,0,0
18:d5:72:50:c1:34,0,2,146,0,0,2,146,0,0
d2:71:18:d5:c1:db,0,3,210,0,0,3,210,0,0
74:74:0c:07:ac:28,0,1,70,0,0,0,0,1,70
d2:71:18:d5:85:b6,0,2,152,0,0,0,0,2,152
74:74:18:d5:85:b6,0,2,140,0,0,0,0,2,140
8b:5d:18:d5:85:b6,0,1,70,0,0,0,0,1,70
6a:97:70:eb:3e:2e,0,66,22812,0,0,66,22812,0,0
6d:f5:24:73:e6:32,0,1,70,0,0,1,70,0,0
33:33:ff:52:b0:5f,0,7,1260,0,0,0,0,7,1260
f8:9e:94:04:85:cb,0,12,2090,0,0,12,2090,0,0
33:33:ff:a7:08:8d,0,1,172,0,0,0,0,1,172
04:00:80:6a:ff:00,0,1,88,0,0,1,88,0,0
04:00:80:6a:ff:03,0,1,88,0,0,1,88,0,0
94:17:00:fa:1d:2d,0,33,7490,0,0,33,7490,0,0
08:12:67:29:fc:51,0,2,152,0,0,2,152,0,0
08:12:67:29:5e:4f,0,1,76,0,0,1,76,0,0
08:12:67:29:f0:45,0,1,76,0,0,1,76,0,0
08:12:67:29:62:3f,0,1,76,0,0,1,76,0,0
97:d6:78:5d:91:4e,0,1,76,0,0,1,76,0,0
cb:25:e6:35:97:d6,0,1,76,0,0,0,0,1,76
97:d6:78:5d:26:ea,0,1,76,0,0,1,76,0,0
97:d6:78:5d:a0:65,0,1,76,0,0,1,76,0,0
97:d6:78:5d:d5:d5,0,1,76,0,0,1,76,0,0
e8:5a:8b:7e:d7:11,0,136,25958,0,0,136,25958,0,0
18:3e:ef:df:7b:35,0,30,15536,0,0,30,15536,0,0
10:52:1c:02:87:aa,0,8,1220,0,0,8,1220,0,0
33:33:ff:4a:63:5a,0,5,900,0,0,0,0,5,900
f4:02:28:41:b5:84,0,28,4772,0,0,28,4772,0,0
33:33:ff:fa:b7:60,0,5,900,0,0,0,0,5,900
f2:6d:1b:df:00:28,0,2,834,0,0,2,834,0,0
00:00:8c:14:f5:4a,0,1,154,0,0,0,0,1,154
b5:54:04:00:80:44,0,1,88,0,0,1,88,0,0
2c:6d:c1:74:2c:50,0,1,154,0,0,1,154,0,0
d8:b0:53:5c:03:a3,0,3,910,0,0,3,910,0,0
3c:6a:a7:0b:e4:8d,0,9,6076,0,0,9,6076,0,0
8a:1b:30:de:6b:88,0,27,9205,0,0,27,9205,0,0
a8:93:4a:3b:03:93,0,221,48330,0,0,220,48164,1,166
de:44:a5:85:ca:81,0,1,70,0,0,1,70,0,0
c0:ee:fb:3d:0a:9e,0,15,2494,0,0,15,2494,0,0
f2:6d:20:5f:00:28,0,12,4310,0,0,12,4310,0,0
33:33:ef:c0:98:8f,0,16,4714,0,0,0,0,16,4714
40:c7:11:22:e9:5d,0,2,518,0,0,2,518,0,0
34:b9:8d:9b:a3:8a,0,1,164,0,0,1,164,0,0
20:a6:0c:af:e7:0e,0,6,924,0,0,6,924,0,0
00:8a:76:b8:10:d0,0,23,6150,0,0,23,6150,0,0
04:00:80:6a:ff:3f,0,1,88,0,0,1,88,0,0
33:33:ff:b6:ee:73,0,1,180,0,0,0,0,1,180
00:8a:76:6a:fa:8d,0,51,19496,0,0,51,19496,0,0
04:00:f0:71:ff:ff,0,2,176,0,0,2,176,0,0
33:33:ff:66:62:2e,0,1,180,0,0,0,0,1,180
54:8c:32:d9:d6:55,0,1,70,0,0,1,70,0,0
cf:a3:cb:25:b5:55,0,1,70,0,0,0,0,1,70
cb:e5:af:fd:69:f2,0,1,76,0,0,1,76,0,0
cb:e5:af:fd:d5:d5,0,2,152,0,0,2,152,0,0
cb:25:e6:35:db:60,0,1,76,0,0,0,0,1,76
ff:ff:ff:01:00:00,0,6,486,0,0,5,398,1,88
94:00:00:00:c0:47,0,9,792,0,0,0,0,9,792
0b:17:de:44:a5:85,0,3,210,0,0,0,0,3,210
cb:25:e6:35:37:89,0,3,228,0,0,3,228,0,0
b4:00:84:03:c0:47,0,3,228,0,0,0,0,3,228
cb:25:e6:35:87:d3,0,1,76,0,0,0,0,1,76
9b:22:a2:ac:69:f2,0,1,76,0,0,1,76,0,0
33:33:ff:86:99:ec,0,3,540,0,0,0,0,3,540
cd:31:31:04:19:97,0,1,70,0,0,1,70,0,0
c4:00:d8:08:c0:47,0,1,70,0,0,0,0,1,70
f8:89:1c:18:c3:c1,0,1,154,0,0,1,154,0,0
55:33:ab:70:ee:eb,0,1,154,0,0,0,0,1,154
f8:9d:e0:d6:3a:d4,0,1,154,0,0,1,154,0,0
b5:54:04:00:d0:44,0,1,88,0,0,1,88,0,0
32:d9:35:2c:5c:89,0,1,70,0,0,0,0,1,70
32:d9:48:7f:91:0c,0,1,70,0,0,0,0,1,70
88:f0:31:04:99:0e,0,1,306,0,0,1,306,0,0
04:00:40:6c:ff:1f,0,1,88,0,0,0,0,1,88
1d:66:05:92:18:17,0,1,76,0,0,1,76,0,0
1d:66:05:92:e7:de,0,1,76,0,0,1,76,0,0
08:8e:dc:9b:e4:3b,0,13,7027,0,0,13,7027,0,0
1d:66:05:92:e4:3b,0,2,152,0,0,2,152,0,0
1d:66:05:92:4c:a5,0,1,76,0,0,1,76,0,0
88:f0:cd:aa:a1:29,0,1,1404,0,0,1,1404,0,0
c7:1f:20:82:d5:d5,0,9,630,0,0,9,630,0,0
cb:25:e6:35:a6:60,0,1,76,0,0,1,76,0,0
b4:00:bc:06:c0:47,0,1,76,0,0,0,0,1,76
5c:17:5d:8c:32:d9,0,1,1307,0,0,0,0,1,1307
cb:25:e6:35:93:48,0,2,152,0,0,1,76,1,76
b4:00:20:02:c0:47,0,1,76,0,0,0,0,1,76
8b:5d:20:82:d5:d5,0,3,210,0,0,2,140,1,70
04:00:40:6c:ff:3f,0,2,158,0,0,2,158,0,0
d2:71:18:d5:22:2a,0,1,76,0,0,1,76,0,0
b4:00:30:01:c4:0a,0,1,76,0,0,0,0,1,76
18:58:18:d5:22:2a,0,1,70,0,0,1,70,0,0
c4:00:04:01:f8:89,0,1,70,0,0,0,0,1,70
33:33:00:00:83:84,0,1,290,0,0,0,0,1,290
a5:c3:8b:5d:e6:35,0,1,70,0,0,1,70,0,0
2a:28:de:59:91:44,0,2,152,0,0,2,152,0,0
2a:28:de:59:ff:ff,0,2,152,0,0,0,0,2,152
2b:75:18:d2:b5:54,0,1,70,0,0,1,70,0,0
ff:ff:ff:ff:e7:bb,0,1,84,0,0,1,84,0,0
93:48:39:5f:00:28,0,1,76,0,0,1,76,0,0
6d:9d:bc:6a:b5:52,0,1,70,0,0,1,70,0,0
5a:37:d8:7e:b5:51,0,1,70,0,0,1,70,0,0
98:b8:bc:29:cf:61,0,7,1576,0,0,7,1576,0,0
33:33:ff:0e:df:1c,0,3,540,0,0,0,0,3,540
04:00:40:6c:ff:ff,0,7,616,0,0,7,616,0,0
75:13:ec:23:b5:54,0,9,648,0,0,0,0,9,648
6d:9d:bc:6a:18:d5,0,5,350,0,0,5,350,0,0
74:33:57:c6:e9:29,0,11,2016,0,0,11,2016,0,0
c4:0a:cb:5c:11:f5,0,16,1266,0,0,2,176,14,1090
2c:a7:ef:b5:67:71,0,1,273,0,0,1,273,0,0
ec:c7:a4:24:2b:09,0,1,76,0,0,1,76,0,0
74:82:fd:dd:e6:35,0,1,70,0,0,1,70,0,0
ba:c7:e4:d3:ff:ff,0,3,228,0,0,0,0,3,228
ba:c7:e4:d3:b5:54,0,2,152,0,0,0,0,2,152
bd:6c:44:38:4c:60,0,2,146,0,0,2,146,0,0
04:00:a0:36:ff:ff,0,8,686,0,0,8,686,0,0
ba:c7:e4:d3:0d:12,0,1,76,0,0,1,76,0,0
04:00:00:72:ff:ff,0,1,88,0,0,1,88,0,0
33:33:ff:e1:84:9a,0,2,360,0,0,0,0,2,360
ba:c7:e4:d3:e2:56,0,1,76,0,0,1,76,0,0
30:24:32:a7:1b:6a,0,21,7928,0,0,21,7928,0,0
f2:6d:14:bf:00:28,0,10,4170,0,0,10,4170,0,0
33:33:ff:00:00:24,0,1,180,0,0,0,0,1,180
33:33:ff:db:84:94,0,4,720,0,0,0,0,4,720
a2:fd:d1:a7:60:e8,0,4,1438,0,0,4,1438,0,0
ec:c7:a4:24:ac:3c,0,1,76,0,0,1,76,0,0
ec:c7:a4:24:93:25,0,1,76,0,0,1,76,0,0
a6:60:b4:50:89:1e,0,1,76,0,0,1,76,0,0
2a:3c:08:42:89:1e,0,1,76,0,0,1,76,0,0
fa:85:12:a3:b6:3b,0,1,76,0,0,1,76,0,0
d2:e5:7e:13:59:e2,0,4,304,0,0,4,304,0,0
33:17:55:d7:e4:37,0,1,76,0,0,1,76,0,0
26:1e:a3:e0:e4:37,0,1,76,0,0,1,76,0,0
08:12:67:29:e4:37,0,1,76,0,0,1,76,0,0
08:12:67:29:19:97,0,1,76,0,0,1,76,0,0
08:12:67:29:d1:93,0,1,76,0,0,1,76,0,0
cb:25:e6:35:58:d5,0,1,76,0,0,0,0,1,76
cb:25:e6:35:1d:db,0,1,76,0,0,0,0,1,76
cb:25:e6:35:7d:ee,0,2,152,0,0,2,152,0,0
b4:00:7f:03:c0:47,0,2,152,0,0,0,0,2,152
cb:25:e6:35:e5:29,0,1,76,0,0,1,76,0,0
b4:00:cf:00:c0:47,0,1,76,0,0,0,0,1,76
cb:25:e6:35:09:40,0,1,76,0,0,1,76,0,0
b4:00:d1:00:c0:47,0,1,76,0,0,0,0,1,76
cb:25:e6:35:7d:85,0,1,76,0,0,1,76,0,0
b4:00:c8:07:c0:47,0,1,76,0,0,0,0,1,76
4e:14:ae:bc:e6:35,0,1,70,0,0,1,70,0,0
9d:47:54:8c:32:d9,0,1,223,0,0,0,0,1,223
8a:b5:15:99:61:ed,0,1,76,0,0,1,76,0,0
d7:c2:96:da:fc:4e,0,1,76,0,0,1,76,0,0
98:42:6e:67:c2:7a,0,1,76,0,0,1,76,0,0
c9:ea:bb:ae:31:7d,0,1,76,0,0,1,76,0,0
cb:25:e6:35:50:ff,0,1,76,0,0,1,76,0,0
b4:00:9d:01:c0:47,0,1,76,0,0,0,0,1,76
cb:25:e6:35:bf:cb,0,1,76,0,0,1,76,0,0
b4:00:a0:01:c0:47,0,1,76,0,0,0,0,1,76
cb:25:e6:35:a4:84,0,1,76,0,0,1,76,0,0
b4:00:d3:00:c0:47,0,1,76,0,0,0,0,1,76
8c:d9:bd:e0:98:52,0,1,76,0,0,1,76,0,0
43:31:31:04:19:97,0,1,70,0,0,1,70,0,0
c4:00:84:03:c0:47,0,1,70,0,0,0,0,1,70
ed:89:43:31:b5:50,0,1,70,0,0,1,70,0,0
04:20:50:0d:00:00,0,2,176,0,0,1,88,1,88
2a:97:ed:9d:19:97,0,1,76,0,0,1,76,0,0
33:33:ff:21:87:90,0,3,540,0,0,0,0,3,540
46:ab:5f:fb:81:fa,0,1,76,0,0,1,76,0,0
76:24:53:99:62:11,0,1,76,0,0,1,76,0,0
23:12:c7:52:ac:58,0,1,76,0,0,1,76,0,0
74:42:8b:09:bb:20,0,34,8439,0,0,34,8439,0,0
da:e4:98:cf:6c:a2,0,23,3642,0,0,23,3642,0,0
52:30:8c:7c:00:3c,0,2,152,0,0,2,152,0,0
04:99:b9:cb:56:7d,0,20,10022,0,0,20,10022,0,0
74:ab:2e:6e:b9:5d,0,2,152,0,0,2,152,0,0
86:01:92:9e:b9:5d,0,1,76,0,0,1,76,0,0
21:9d:ba:a5:b9:5d,0,1,76,0,0,1,76,0,0
21:9d:ba:a5:bf:5b,0,2,152,0,0,2,152,0,0
21:9d:ba:a5:19:97,0,1,76,0,0,1,76,0,0
03:7b:68:86:b5:50,0,1,70,0,0,1,70,0,0
cb:25:e6:35:21:9d,0,1,76,0,0,0,0,1,76
f0:df:c7:63:19:97,0,2,146,0,0,2,146,0,0
8b:f0:f9:81:67:0e,0,1,1404,0,0,1,1404,0,0
c0:47:54:2c:75:f3,0,1,1404,0,0,0,0,1,1404
40:74:e0:a6:24:df,0,17,3769,0,0,17,3769,0,0
9b:22:a2:ac:e2:13,0,2,152,0,0,2,152,0,0
cb:25:e6:35:9b:22,0,4,304,0,0,0,0,4,304
bc:ca:d5:8b:b5:53,0,1,70,0,0,1,70,0,0
c0:47:54:0c:0b:d8,0,1,467,0,0,0,0,1,467
af:5d:22:df:bb:36,0,1,1404,0,0,1,1404,0,0
c0:47:54:4c:ae:41,0,1,1404,0,0,0,0,1,1404
11:f4:80:a8:5a:58,0,1,70,0,0,0,0,1,70
cb:25:e6:35:dd:0c,0,1,76,0,0,0,0,1,76
5e:cf:05:10:83:67,0,1,246,0,0,1,246,0,0
cb:25:e6:35:4d:0a,0,1,76,0,0,0,0,1,76
ff:ff:ff:ff:fa:96,0,1,84,0,0,1,84,0,0
31:b3:a4:5b:e2:8d,0,1,76,0,0,1,76,0,0
a4:44:2c:78:30:66,0,2,152,0,0,2,152,0,0
04:00:d0:70:01:00,0,1,88,0,0,1,88,0,0
04:00:d0:70:03:00,0,1,88,0,0,1,88,0,0
5c:10:c5:30:fb:5c,0,1,164,0,0,1,164,0,0
14:7d:da:90:3a:b1,0,88,35366,0,0,88,35366,0,0
97:a8:68:07:ca:80,0,1,70,0,0,1,70,0,0
07:b9:2b:73:06:05,0,2,152,0,0,2,152,0,0
b8:db:83:56:ca:84,0,1,70,0,0,1,70,0,0
1c:1b:b5:8d:17:88,0,23,5122,0,0,23,5122,0,0
cb:e5:af:fd:b9:5d,0,4,304,0,0,4,304,0,0
ae:48:85:b8:1d:5d,0,1,70,0,0,1,70,0,0
f7:ae:cb:25:b5:55,0,1,70,0,0,0,0,1,70
cb:e5:af:fd:5a:56,0,2,152,0,0,2,152,0,0
85:84:83:40:3a:b1,0,1,70,0,0,1,70,0,0
f3:fd:c5:44:a3:f0,0,3,228,0,0,0,0,3,228
54:8c:32:d9:42:d5,0,1,70,0,0,1,70,0,0
c9:d2:cb:25:b5:55,0,1,70,0,0,0,0,1,70
cb:25:e6:35:f3:fd,0,1,76,0,0,0,0,1,76
32:d9:68:f4:e0:db,0,1,70,0,0,0,0,1,70
07:b9:2b:73:79:27,0,2,152,0,0,2,152,0,0
ff:ff:ff:ff:2a:95,0,3,230,0,0,3,230,0,0
b5:54:ae:a8:68:9a,0,2,140,0,0,0,0,2,140
35:2c:5c:89:2d:b5,0,1,70,0,0,1,70,0,0
ba:b6:96:f4:b5:50,0,1,70,0,0,1,70,0,0
63:4e:2a:70:b5:51,0,1,70,0,0,1,70,0,0
cb:25:e6:35:f6:f1,0,1,76,0,0,0,0,1,76
54:8c:32:d9:35:2c,0,2,140,0,0,2,140,0,0
5c:89:b5:54:07:b9,0,1,70,0,0,0,0,1,70
07:b9:2b:73:93:25,0,4,298,0,0,4,298,0,0
07:b9:2b:73:d8:03,0,3,222,0,0,3,222,0,0
33:33:ff:c0:25:d8,0,92,16560,0,0,0,0,92,16560
3c:f7:b8:de:ac:d7,0,3,216,0,0,3,216,0,0
cb:25:b5:54:f0:5f,0,1,76,0,0,1,76,0,0
b4:00:ae:00:f8:89,0,1,76,0,0,0,0,1,76
18:ef:b5:54:f0:5f,0,1,70,0,0,1,70,0,0
c4:00:84:00:c4:0a,0,1,70,0,0,0,0,1,70
07:b9:2b:73:e8:e4,0,1,76,0,0,1,76,0,0
07:b9:2b:73:d3:c2,0,2,146,0,0,2,146,0,0
ff:ff:ff:ff:18:8c,0,1,84,0,0,1,84,0,0
f2:77:ad:5f:00:28,0,6,2502,0,0,6,2502,0,0
f8:4d:89:cb:69:a5,0,65,18545,0,0,65,18545,0,0
33:33:ff:c7:4d:17,0,3,540,0,0,0,0,3,540
3e:3f:59:6f:d4:f4,0,29,11189,0,0,29,11189,0,0
70:a8:d3:bd:6b:8b,0,10,2517,0,0,10,2517,0,0
80:65:7c:cc:14:ca,0,141,115641,0,0,141,115641,0,0
33:33:ff:04:8a:a5,0,22,3952,0,0,0,0,22,3952
ae:68:da:22:35:28,0,1,173,0,0,1,173,0,0
8e:f5:45:ca:07:75,0,2,140,0,0,2,140,0,0
97:a8:68:07:07:75,0,1,70,0,0,1,70,0,0
a5:ba:e2:12:07:75,0,1,70,0,0,1,70,0,0
33:33:ff:ab:17:9f,0,2,360,0,0,0,0,2,360
dc:21:48:dc:20:df,0,1,186,0,0,1,186,0,0
98:b8:bc:03:39:9d,0,20,6456,0,0,20,6456,0,0
d2:c7:07:75:27:78,0,2,152,0,0,0,0,2,152
d2:c7:07:75:c1:e0,0,3,210,0,0,3,210,0,0
ea:9d:07:75:27:78,0,2,140,0,0,0,0,2,140
d4:87:07:75:27:78,0,2,140,0,0,0,0,2,140
9f:00:e3:3a:ac:d7,0,1,76,0,0,1,76,0,0
5c:ba:ef:37:55:d9,0,2,622,0,0,2,622,0,0
59:85:e8:80:3f:67,0,6,450,0,0,6,450,0,0
b5:54:47:51:57:0d,0,2,140,0,0,0,0,2,140
3e:39:38:36:b5:54,0,1,70,0,0,1,70,0,0
71:58:24:ee:19:97,0,2,146,0,0,2,146,0,0
ac:d1:b8:da:56:1f,0,2,546,0,0,2,546,0,0
38:d5:7a:02:cb:af,0,4,1000,0,0,4,1000,0,0
33:33:ff:24:4b:4b,0,1,180,0,0,0,0,1,180
5c:3e:1b:62:83:f0,0,26,14516,0,0,26,14516,0,0
98:b3:79:be:f1:0d,0,30,10139,0,0,30,10139,0,0
33:33:ff:84:89:b1,0,8,1440,0,0,0,0,8,1440
c8:89:f3:ca:15:78,0,10,5991,0,0,10,5991,0,0
5c:10:c5:46:6d:f4,0,7,1180,0,0,7,1180,0,0
04:00:10:72:ff:ff,0,1,88,0,0,1,88,0,0
04:00:50:72:ff:ff,0,2,176,0,0,2,176,0,0
04:00:80:72:ff:ff,0,2,176,0,0,1,88,1,88
04:00:90:72:ff:ff,0,1,88,0,0,0,0,1,88
04:00:a0:72:ff:ff,0,1,88,0,0,0,0,1,88
e3:0c:c5:56:03:93,0,3,216,0,0,3,216,0,0
04:00:30:73:ff:ff,0,2,176,0,0,1,88,1,88
04:00:50:73:ff:ff,0,1,88,0,0,0,0,1,88
cf:a7:ff:e6:b5:54,0,1,70,0,0,1,70,0,0
c9:8a:1c:1f:05:5a,0,2,146,0,0,2,146,0,0
04:00:f0:74:ff:ff,0,1,88,0,0,1,88,0,0
04:00:00:75:ff:ff,0,1,88,0,0,1,88,0,0
04:00:10:75:ff:ff,0,2,158,0,0,2,158,0,0
04:00:20:75:ff:ff,0,2,176,0,0,2,176,0,0
04:00:40:75:ff:ff,0,1,88,0,0,1,88,0,0
04:00:50:75:ff:ff,0,2,176,0,0,2,176,0,0
3c:20:f6:d1:91:91,0,6,1224,0,0,6,1224,0,0
04:00:70:75:ff:ff,0,2,176,0,0,2,176,0,0
19:97:a0:03:80:00,0,1,2664,0,0,1,2664,0,0
04:00:f0:75:ff:ff,0,2,176,0,0,2,176,0,0
04:00:00:76:ff:ff,0,1,88,0,0,1,88,0,0
04:00:10:76:ff:ff,0,2,176,0,0,2,176,0,0
cb:25:b5:54:d4:61,0,7,532,0,0,7,532,0,0
92:fa:b5:54:d4:61,0,7,490,0,0,7,490,0,0
18:d5:3b:ab:22:54,0,2,140,0,0,0,0,2,140
04:00:e0:76:ff:ff,0,2,176,0,0,2,176,0,0
04:00:50:77:ff:ff,0,1,88,0,0,0,0,1,88
04:00:60:77:ff:ff,0,3,264,0,0,1,88,2,176
04:00:10:78:ff:ff,0,1,88,0,0,1,88,0,0
04:00:20:78:ff:ff,0,1,88,0,0,1,88,0,0
04:00:e0:78:ff:ff,0,2,176,0,0,2,176,0,0
04:00:f0:78:ff:ff,0,1,88,0,0,1,88,0,0
04:00:00:79:ff:ff,0,1,88,0,0,1,88,0,0
04:00:20:79:ff:ff,0,1,88,0,0,1,88,0,0
04:00:30:79:ff:ff,0,1,88,0,0,1,88,0,0
04:00:40:79:ff:ff,0,2,176,0,0,2,176,0,0
04:00:50:79:ff:ff,0,1,88,0,0,1,88,0,0
04:00:b0:79:ff:ff,0,2,176,0,0,2,176,0,0
04:00:e0:79:ff:ff,0,2,176,0,0,2,176,0,0
04:00:f0:79:ff:ff,0,2,176,0,0,2,176,0,0
04:00:20:7a:ff:ff,0,2,176,0,0,2,176,0,0
04:00:30:7a:ff:ff,0,1,88,0,0,1,88,0,0
04:00:40:7a:ff:ff,0,1,88,0,0,1,88,0,0
04:00:50:7a:ff:ff,0,1,88,0,0,1,88,0,0
04:00:60:7a:ff:ff,0,2,176,0,0,2,176,0,0
04:00:80:7a:ff:ff,0,1,88,0,0,1,88,0,0
04:00:c0:7a:ff:ff,0,1,88,0,0,1,88,0,0
04:00:d0:7a:ff:ff,0,1,88,0,0,1,88,0,0
cc:42:10:72:c6:63,0,13,2562,0,0,13,2562,0,0
04:00:f0:7a:ff:ff,0,1,88,0,0,1,88,0,0
04:00:00:7b:ff:ff,0,1,88,0,0,1,88,0,0
04:00:40:7b:ff:ff,0,1,88,0,0,1,88,0,0
04:00:60:7b:ff:ff,0,1,88,0,0,1,88,0,0
04:00:70:7b:ff:ff,0,1,88,0,0,1,88,0,0
04:00:80:7b:ff:ff,0,1,88,0,0,1,88,0,0
04:00:c0:7b:ff:ff,0,1,88,0,0,1,88,0,0
04:00:10:7c:ff:ff,0,1,88,0,0,1,88,0,0
33:33:ff:70:5e:39,0,12,2160,0,0,0,0,12,2160
44:4a:db:3d:96:92,0,15,5996,0,0,15,5996,0,0
04:00:50:7c:ff:ff,0,5,386,0,0,1,88,4,298
97:ed:ea:4a:18:d5,0,2,140,0,0,2,140,0,0
33:33:ff:4e:39:73,0,1,180,0,0,0,0,1,180
54:8c:32:d9:ea:a8,0,1,70,0,0,1,70,0,0
a3:72:cb:25:b5:55,0,1,70,0,0,0,0,1,70
cc:69:fa:5c:e5:2e,0,20,10356,0,0,20,10356,0,0
48:9d:d1:67:9f:5a,0,182,28621,0,0,182,28621,0,0
d8:32:e3:48:ed:88,0,64,18453,0,0,64,18453,0,0
33:33:ff:0b:40:8d,0,2,360,0,0,0,0,2,360
07:b9:2b:73:4a:01,0,1,76,0,0,1,76,0,0
ff:ff:ff:ff:19:85,0,1,84,0,0,1,84,0,0
f4:30:8b:70:c9:a5,0,63,13637,0,0,63,13637,0,0
28:cd:c4:c2:fe:cb,0,6,1316,0,0,6,1316,0,0
07:b9:2b:73:06:ff,0,1,76,0,0,1,76,0,0
f2:6d:22:cf:00:28,0,3,1251,0,0,3,1251,0,0
09:fc:2a:0c:ca:83,0,1,70,0,0,1,70,0,0
30:d1:6b:f4:5f:d7,0,2,334,0,0,2,334,0,0
04:00:30:46:ff:ff,0,2,176,0,0,2,176,0,0
e1:a9:ef:1b:b5:54,0,2,146,0,0,0,0,2,146
43:0d:b5:10:ea:73,0,2,146,0,0,2,146,0,0
02:60:c6:0e:dc:e2,0,3,216,0,0,3,216,0,0
cc:6b:1e:6d:92:e1,0,3,933,0,0,3,933,0,0
f2:6d:1b:df:00:3c,0,11,4240,0,0,11,4240,0,0
04:00:a0:7c:ff:ff,0,3,228,0,0,3,228,0,0
0c:e4:41:e6:dd:b5,0,16,13710,0,0,16,13710,0,0
ae:36:8d:5f:d0:ef,0,2,146,0,0,2,146,0,0
bd:09:31:04:19:97,0,2,140,0,0,2,140,0,0
c4:00:7c:05:f8:89,0,2,140,0,0,0,0,2,140
18:3e:ef:f2:c5:88,0,4,1105,0,0,4,1105,0,0
92:b0:31:04:19:97,0,1,70,0,0,1,70,0,0
c4:00:d1:00:f8:89,0,1,70,0,0,0,0,1,70
d2:71:18:d5:83:a7,0,1,76,0,0,1,76,0,0
b4:00:ed:00:c4:0a,0,1,76,0,0,0,0,1,76
29:cc:18:d5:83:a7,0,1,70,0,0,1,70,0,0
c4:00:c1:00:f8:89,0,1,70,0,0,0,0,1,70
e4:05:29:cc:18:d5,0,3,210,0,0,3,210,0,0
35:10:2c:57:18:d5,0,2,140,0,0,2,140,0,0
04:00:c0:7d:ff:ff,0,2,176,0,0,1,88,1,88
04:00:d0:7d:ff:ff,0,2,158,0,0,0,0,2,158
04:00:40:7e:ff:ff,0,1,88,0,0,1,88,0,0
04:00:60:7f:ff:ff,0,2,176,0,0,2,176,0,0
10:9a:99:28:ca:85,0,1,70,0,0,1,70,0,0
39:57:2e:d2:ba:ef,0,1,76,0,0,0,0,1,76
39:57:2e:d2:2d:bb,0,1,70,0,0,1,70,0,0
1e:46:2e:d2:ba:ef,0,1,70,0,0,0,0,1,70
7f:4c:dd:ca:2f:48,0,1,253,0,0,1,253,0,0
aa:b8:f5:25:16:26,0,1,253,0,0,0,0,1,253
b5:54:95:cc:d7:cc,0,4,292,0,0,4,292,0,0
97:b9:02:8d:18:d5,0,2,140,0,0,2,140,0,0
04:00:30:82:ff:ff,0,1,88,0,0,1,88,0,0
04:00:50:82:ff:ff,0,2,176,0,0,2,176,0,0
04:00:70:82:ff:ff,0,1,88,0,0,1,88,0,0
04:00:d0:82:ff:ff,0,1,88,0,0,1,88,0,0
04:00:e0:82:ff:ff,0,1,88,0,0,1,88,0,0
04:00:00:83:ff:ff,0,1,88,0,0,1,88,0,0
04:00:40:83:ff:ff,0,1,88,0,0,1,88,0,0
04:00:50:83:ff:ff,0,1,88,0,0,1,88,0,0
04:00:20:47:ff:ff,0,1,88,0,0,1,88,0,0
04:00:60:83:ff:ff,0,2,158,0,0,2,158,0,0
0f:84:c5:ae:ff:ff,0,2,146,0,0,2,146,0,0
04:00:80:83:ff:ff,0,1,88,0,0,1,88,0,0
04:00:90:83:ff:ff,0,2,176,0,0,2,176,0,0
04:00:b0:83:ff:ff,0,1,88,0,0,1,88,0,0
04:00:c0:83:ff:ff,0,3,246,0,0,3,246,0,0
04:00:e0:83:ff:ff,0,2,176,0,0,2,176,0,0
04:00:f0:83:ff:ff,0,1,88,0,0,1,88,0,0
f8:83:69:4f:91:44,0,1,76,0,0,1,76,0,0
04:00:10:84:ff:ff,0,1,88,0,0,1,88,0,0
04:00:30:84:ff:ff,0,1,88,0,0,1,88,0,0
a5:c3:8b:5d:ca:80,0,3,210,0,0,3,210,0,0
1c:b8:99:69:b5:54,0,1,70,0,0,1,70,0,0
7b:27:33:24:8a:60,0,1,205,0,0,1,205,0,0
01:00:0c:07:ac:3c,0,1,205,0,0,0,0,1,205
04:00:70:84:ff:ff,0,1,88,0,0,1,88,0,0
04:00:d0:84:ff:ff,0,1,88,0,0,1,88,0,0
f2:fa:32:92:ff:ff,0,2,146,0,0,2,146,0,0
04:00:f0:84:ff:ff,0,1,88,0,0,1,88,0,0
04:00:10:85:ff:ff,0,1,88,0,0,1,88,0,0
8e:43:7b:d5:5c:63,0,2,146,0,0,2,146,0,0
8e:43:7b:d5:59:59,0,1,76,0,0,1,76,0,0
04:00:60:85:ff:ff,0,1,88,0,0,1,88,0,0
04:00:20:86:ff:ff,0,2,176,0,0,2,176,0,0
04:00:30:86:ff:ff,0,2,176,0,0,2,176,0,0
04:00:40:86:ff:ff,0,1,88,0,0,1,88,0,0
04:00:50:86:ff:ff,0,1,88,0,0,1,88,0,0
c4:0a:cb:25:f6:a0,0,3,436,0,0,3,436,0,0
ff:ff:ff:ff:c3:9c,0,1,88,0,0,1,88,0,0
88:1e:5a:35:26:af,0,12,3018,0,0,12,3018,0,0
cb:25:b5:54:e2:7f,0,3,228,0,0,2,152,1,76
cb:25:b5:54:15:22,0,1,70,0,0,1,70,0,0
77:29:b5:54:e2:7f,0,3,210,0,0,2,140,1,70
18:e7:b0:da:9c:fc,0,26,5961,0,0,26,5961,0,0
75:07:5d:00:60:17,0,1,166,0,0,1,166,0,0
bc:91:4a:89:a8:3c,0,1,166,0,0,0,0,1,166
6d:c9:54:ad:18:d5,0,1,70,0,0,1,70,0,0
b5:54:04:00:00:48,0,1,88,0,0,1,88,0,0
5a:21:c7:1f:b5:51,0,1,70,0,0,1,70,0,0
d2:c7:07:75:43:e8,0,4,280,0,0,4,280,0,0
41:f3:cb:25:b5:55,0,3,210,0,0,0,0,3,210
f2:45:f4:e6:3e:f4,0,3,1036,0,0,3,1036,0,0
10:00:20:93:3d:33,0,76,28159,0,0,76,28159,0,0
9c:2f:9d:90:ee:a5,0,9,2697,0,0,9,2697,0,0
5c:3a:45:24:67:57,0,8,2226,0,0,8,2226,0,0
ac:c9:06:1c:22:d7,0,79,37100,0,0,79,37100,0,0
04:ba:8d:f1:fc:c1,0,52,12858,0,0,52,12858,0,0
18:e7:b0:da:88:76,0,13,2994,0,0,13,2994,0,0
cc:69:fa:6c:f7:bb,0,16,3522,0,0,16,3522,0,0
74:f2:fa:b7:00:f8,0,7,1262,0,0,7,1262,0,0
42:9f:90:a0:81:fa,0,2,146,0,0,2,146,0,0
b5:54:04:00:50:48,0,1,88,0,0,1,88,0,0
18:d5:7e:19:bb:1b,0,6,438,0,0,6,438,0,0
b5:54:04:00:80:48,0,1,88,0,0,1,88,0,0
b8:3b:cc:99:9c:da,0,25,6960,0,0,25,6960,0,0
1c:c1:0c:2d:0f:87,0,15,3258,0,0,15,3258,0,0
cb:25:b5:54:1e:13,0,1,76,0,0,1,76,0,0
b4:00:d4:03:f8:89,0,1,76,0,0,0,0,1,76
a3:65:b5:54:1e:13,0,1,70,0,0,1,70,0,0
c4:00:a6:03:c4:0a,0,1,70,0,0,0,0,1,70
08:07:dc:eb:f7:bb,0,2,146,0,0,2,146,0,0
cb:25:b5:54:13:88,0,4,304,0,0,0,0,4,304
ea:00:b5:54:13:88,0,3,210,0,0,0,0,3,210
33:33:ff:a8:74:9b,0,2,360,0,0,0,0,2,360
a5:38:56:52:ca:81,0,1,70,0,0,1,70,0,0
3e:13:cc:55:b5:54,0,3,210,0,0,3,210,0,0
33:33:ff:d2:cb:57,0,1,180,0,0,0,0,1,180
04:00:10:87:ff:ff,0,1,88,0,0,1,88,0,0
20:32:c6:6e:2c:aa,0,2,468,0,0,2,468,0,0
28:72:2a:61:64:60,0,1,76,0,0,1,76,0,0
28:72:2a:61:ee:38,0,3,216,0,0,3,216,0,0
17:96:58:54:ee:38,0,2,146,0,0,2,146,0,0
10:ec:81:f2:fe:0e,0,276,41840,0,0,276,41840,0,0
95:cc:d7:cc:b9:07,0,3,228,0,0,3,228,0,0
95:cc:d7:cc:16:ce,0,2,146,0,0,2,146,0,0
08:07:dc:eb:f4:a8,0,2,146,0,0,2,146,0,0
b5:54:49:ea:59:0e,0,1,70,0,0,0,0,1,70
e1:dd:a4:6f:d8:07,0,2,146,0,0,2,146,0,0
ae:36:8d:5f:ff:ff,0,3,222,0,0,3,222,0,0
35:ec:ba:8d:7d:38,0,2,146,0,0,2,146,0,0
04:00:40:87:ff:ff,0,1,88,0,0,1,88,0,0
9c:3e:53:90:bb:93,0,4,2046,0,0,4,2046,0,0
a7:cc:a6:59:a9:c8,0,2,146,0,0,2,146,0,0
33:33:ff:ab:93:03,0,2,352,0,0,0,0,2,352
04:00:e0:87:ff:ff,0,1,88,0,0,1,88,0,0
34:6f:24:e3:ed:91,0,3,933,0,0,3,933,0,0
04:00:f0:87:ff:ff,0,1,88,0,0,1,88,0,0
e3:0c:c5:56:63:69,0,6,432,0,0,6,432,0,0
5d:9b:c0:26:63:6b,0,2,146,0,0,2,146,0,0
33:33:ff:2a:fb:6b,0,3,540,0,0,0,0,3,540
e3:0c:c5:56:5e:4f,0,3,216,0,0,3,216,0,0
5d:9b:c0:26:6c:15,0,2,146,0,0,2,146,0,0
ff:ff:ff:ff:68:4d,0,1,84,0,0,1,84,0,0
c7:1f:4a:3b:03:93,0,10,700,0,0,10,700,0,0
2c:6c:02:c7:b5:54,0,3,222,0,0,0,0,3,222
10:b0:6d:4b:07:75,0,1,70,0,0,1,70,0,0
d2:71:18:d5:75:13,0,2,152,0,0,0,0,2,152
d2:71:18:d5:6d:9d,0,2,140,0,0,2,140,0,0
bc:6a:18:d5:75:13,0,2,140,0,0,0,0,2,140
7a:05:83:00:18:d5,0,1,70,0,0,1,70,0,0
8b:5d:4a:3b:03:93,0,3,210,0,0,2,140,1,70
e3:0c:c5:56:e3:21,0,6,426,0,0,6,426,0,0
5d:9b:c0:26:e3:21,0,2,146,0,0,2,146,0,0
d2:71:18:d5:bd:ee,0,1,76,0,0,0,0,1,76
d2:71:18:d5:67:37,0,1,70,0,0,1,70,0,0
e4:b4:18:d5:bd:ee,0,1,70,0,0,0,0,1,70
a8:73:3d:32:03:93,0,1,1424,0,0,0,0,1,1424
51:11:75:13:36:6e,0,1,1269,0,0,1,1269,0,0
9e:93:4a:3b:03:97,0,1,1269,0,0,0,0,1,1269
b5:54:04:00:d0:4a,0,1,88,0,0,1,88,0,0
ec:28:d3:c6:27:41,0,15,3328,0,0,15,3328,0,0
74:41:fd:c1:a2:9b,0,3,216,0,0,3,216,0,0
d0:49:7c:a9:ca:b1,0,54,9952,0,0,54,9952,0,0
8c:df:2c:c2:4d:a9,0,11,2056,0,0,11,2056,0,0
6c:7e:67:5b:99:1b,0,10,2461,0,0,10,2461,0,0
b2:19:43:91:18:d5,0,2,140,0,0,2,140,0,0
5c:ed:f4:2e:90:81,0,49,16138,0,0,49,16138,0,0
bc:6e:ff:3b:ca:82,0,10,700,0,0,10,700,0,0
d2:71:18:d5:02:a0,0,1,76,0,0,0,0,1,76
d2:71:18:d5:b2:19,0,1,70,0,0,1,70,0,0
43:91:18:d5:02:a0,0,1,70,0,0,0,0,1,70
8b:5d:18:d5:02:a0,0,1,70,0,0,0,0,1,70
18:e7:b0:db:0e:b9,0,13,3049,0,0,13,3049,0,0
33:33:ff:58:24:58,0,1,180,0,0,0,0,1,180
f8:83:69:4f:ff:ff,0,4,286,0,0,0,0,4,286
15:22:77:29:b5:54,0,7,490,0,0,7,490,0,0
70:66:55:b1:76:2b,0,100,25531,0,0,99,24163,1,1368
ac:19:8e:eb:84:d0,0,4,1244,0,0,4,1244,0,0
2c:9d:65:0c:63:7b,0,312,47560,0,0,312,47560,0,0
b4:00:a0:00:f8:89,0,11,836,0,0,0,0,11,836
c4:00:72:00:c4:0a,0,11,770,0,0,0,0,11,770
04:00:50:4b:ff:ff,0,2,158,0,0,2,158,0,0
17:96:58:54:dc:e2,0,4,298,0,0,4,298,0,0
b2:fa:0c:51:ee:85,0,3,216,0,0,3,216,0,0
17:96:58:54:bf:64,0,2,146,0,0,2,146,0,0
3c:e9:f7:d1:c7:75,0,31,7891,0,0,31,7891,0,0
33:33:ff:29:d2:f5,0,1,172,0,0,0,0,1,172
ba:01:1d:4a:9b:88,0,13,2094,0,0,13,2094,0,0
0b:17:c4:0a:cb:25,0,3,264,0,0,0,0,3,264
18:d5:a5:d5:94:3c,0,2,140,0,0,0,0,2,140
de:44:a5:85:ca:80,0,2,140,0,0,2,140,0,0
5c:ba:ef:5d:14:c1,0,7,1824,0,0,7,1824,0,0
30:03:c8:2c:4b:cb,0,25,5249,0,0,25,5249,0,0
33:33:ff:dd:f0:b3,0,1,180,0,0,0,0,1,180
d4:87:07:75:8f:30,0,1,70,0,0,0,0,1,70
d2:71:18:d5:6f:ce,0,3,228,0,0,2,152,1,76
d2:71:18:d5:63:0c,0,1,70,0,0,1,70,0,0
46:0a:18:d5:6f:ce,0,3,210,0,0,2,140,1,70
8b:5d:18:d5:6f:ce,0,1,70,0,0,0,0,1,70
04:00:a0:88:ff:ff,0,1,88,0,0,1,88,0,0
ec:a9:07:b1:99:b7,0,61,14330,0,0,61,14330,0,0
83:40:07:75:f8:83,0,1,70,0,0,0,0,1,70
63:0c:46:0a:18:d5,0,8,560,0,0,8,560,0,0
33:33:ff:a7:b7:2e,0,1,180,0,0,0,0,1,180
30:d7:a1:9e:ff:d1,0,13,8701,0,0,13,8701,0,0
04:00:e0:88:ff:ff,0,2,176,0,0,2,176,0,0
48:8a:e8:04:aa:6f,0,34,6048,0,0,34,6048,0,0
0f:c7:a0:3f:ca:84,0,21,1470,0,0,21,1470,0,0
16:03:cd:38:ca:80,0,10,700,0,0,10,700,0,0
3a:62:c3:d6:ca:82,0,11,770,0,0,11,770,0,0
80:33:ca:4f:ca:81,0,14,980,0,0,14,980,0,0
ac:52:c4:a1:ca:83,0,10,700,0,0,10,700,0,0
ba:c1:71:df:24:04,0,2,378,0,0,2,378,0,0
fe:89:d2:71:18:d5,0,1,189,0,0,1,189,0,0
9e:00:0c:07:ac:d2,0,1,189,0,0,1,189,0,0
ba:7d:bc:72:79:c5,0,1,189,0,0,0,0,1,189
b5:54:04:00:30:4c,0,1,88,0,0,1,88,0,0
88:46:04:19:e7:10,0,10,2750,0,0,10,2750,0,0
2d:d0:a3:f0:42:5d,0,2,140,0,0,2,140,0,0
cf:2a:cb:25:b5:55,0,2,140,0,0,0,0,2,140
2d:d0:a3:f1:d4:6d,0,1,70,0,0,1,70,0,0
c8:5d:cb:25:b5:55,0,1,70,0,0,0,0,1,70
33:33:ff:6e:aa:c2,0,4,720,0,0,0,0,4,720
68:4a:e9:c9:04:11,0,1,154,0,0,1,154,0,0
04:00:a0:89:ff:ff,0,1,88,0,0,1,88,0,0
be:39:02:60:b5:55,0,4,292,0,0,0,0,4,292
fe:15:55:1c:b5:55,0,3,210,0,0,3,210,0,0
f2:6d:24:df:00:28,0,9,3753,0,0,9,3753,0,0
b4:85:e1:1a:c4:ee,0,8,4557,0,0,8,4557,0,0
2e:ca:e8:37:9d:05,0,31,9374,0,0,31,9374,0,0
e4:40:97:c0:fd:55,0,8,1334,0,0,8,1334,0,0
33:33:ff:65:fb:e1,0,13,2340,0,0,0,0,13,2340
52:db:7b:65:89:47,0,2,352,0,0,2,352,0,0
33:33:ff:77:c5:a6,0,1,180,0,0,0,0,1,180
40:25:c2:64:15:20,0,5,1428,0,0,5,1428,0,0
f2:76:0f:ef:00:28,0,10,4170,0,0,10,4170,0,0
42:5d:cf:2a:ca:82,0,1,70,0,0,1,70,0,0
b2:68:45:0b:12:f6,0,23,4671,0,0,23,4671,0,0
c7:1f:92:d4:7a:ba,0,1,70,0,0,1,70,0,0
c7:1f:3b:0e:59:39,0,2,140,0,0,2,140,0,0
a0:29:42:01:6e:72,0,1,160,0,0,1,160,0,0
4c:44:5b:31:a5:47,0,1,160,0,0,1,160,0,0
b4:bb:07:14:ca:84,0,2,140,0,0,2,140,0,0
4a:50:c8:51:b5:54,0,1,70,0,0,1,70,0,0
8b:5d:15:fd:80:fe,0,2,140,0,0,0,0,2,140
33:33:ff:4c:48:34,0,6,1080,0,0,0,0,6,1080
17:96:58:54:d2:3f,0,4,292,0,0,4,292,0,0
18:d5:63:0c:46:0a,0,4,280,0,0,0,0,4,280
9a:7c:06:dd:ca:c6,0,1,70,0,0,0,0,1,70
18:d5:b2:67:5f:35,0,1,70,0,0,0,0,1,70
18:d5:03:39:04:fc,0,1,70,0,0,0,0,1,70
18:d5:d8:86:59:b9,0,2,140,0,0,0,0,2,140
3b:12:08:fd:ca:80,0,1,70,0,0,1,70,0,0
dc:41:a9:63:8c:b0,0,1,160,0,0,1,160,0,0
04:00:50:8b:ff:ff,0,1,88,0,0,1,88,0,0
04:00:70:8b:ff:ff,0,4,334,0,0,4,334,0,0
04:00:80:8b:ff:ff,0,3,264,0,0,3,264,0,0
18:d5:b6:22:e1:2f,0,1,70,0,0,0,0,1,70
b5:54:04:00:20:4d,0,1,88,0,0,1,88,0,0
04:00:e0:8b:ff:ff,0,1,88,0,0,1,88,0,0
b0:da:d6:01:83:fe,0,3,312,0,0,3,312,0,0
04:00:40:8c:ff:ff,0,2,176,0,0,2,176,0,0
04:00:50:8c:ff:ff,0,1,88,0,0,1,88,0,0
04:00:60:8c:ff:ff,0,2,176,0,0,2,176,0,0
04:00:80:8d:ff:ff,0,1,88,0,0,1,88,0,0
04:00:90:8d:ff:ff,0,1,88,0,0,1,88,0,0
04:00:a0:8d:ff:ff,0,2,176,0,0,2,176,0,0
04:00:c0:8d:ff:ff,0,1,88,0,0,1,88,0,0
04:00:d0:8d:ff:ff,0,2,176,0,0,2,176,0,0
04:00:60:8e:ff:ff,0,1,88,0,0,1,88,0,0
04:00:70:8e:ff:ff,0,1,88,0,0,1,88,0,0
70:66:55:b3:2c:9f,0,2,622,0,0,2,622,0,0
04:00:80:8e:ff:ff,0,2,176,0,0,2,176,0,0
04:00:c0:8e:ff:ff,0,2,176,0,0,2,176,0,0
04:00:d0:8e:ff:ff,0,1,88,0,0,1,88,0,0
20:3b:69:64:c7:5e,0,3,462,0,0,3,462,0,0
68:4a:e9:06:4c:9f,0,1,173,0,0,1,173,0,0
19:97:30:6b:80:00,0,1,2664,0,0,1,2664,0,0
6f:ce:51:d8:b5:54,0,7,514,0,0,0,0,7,514
04:00:80:8f:ff:ff,0,2,176,0,0,0,0,2,176
05:30:60:b7:01:00,0,1,88,0,0,0,0,1,88
07:7c:ba:e6:18:d5,0,2,140,0,0,2,140,0,0
8b:5d:55:b1:76:2b,0,1,70,0,0,0,0,1,70
c4:0a:cb:25:af:10,0,5,670,0,0,5,670,0,0
3a:41:78:80:40:c0,0,1,246,0,0,1,246,0,0
32:d9:b8:99:74:f0,0,3,210,0,0,0,0,3,210
b8:bc:5b:66:cc:ed,0,2,288,0,0,1,154,1,134
ee:1e:5b:66:cc:ed,0,2,140,0,0,0,0,2,140
04:00:d0:90:ff:ff,0,1,88,0,0,1,88,0,0
04:00:e0:90:ff:ff,0,1,88,0,0,1,88,0,0
04:00:f0:90:ff:ff,0,1,88,0,0,1,88,0,0
90:8c:43:10:69:22,0,27,6145,0,0,27,6145,0,0
76:32:7a:01:1f:d3,0,1,164,0,0,1,164,0,0
87:3c:ee:1e:b5:50,0,2,140,0,0,2,140,0,0
54:14:f3:9b:65:b8,0,23,10284,0,0,23,10284,0,0
33:33:ff:9c:08:80,0,1,180,0,0,0,0,1,180
dc:21:5c:a2:20:8d,0,1,311,0,0,1,311,0,0
b0:a4:60:2b:8f:e5,0,1,311,0,0,1,311,0,0
b8:2a:a9:11:99:21,0,9,1927,0,0,9,1927,0,0
08:cc:27:b3:8e:8a,0,22,4301,0,0,22,4301,0,0
33:33:ff:d0:fe:b2,0,1,180,0,0,0,0,1,180
e4:5f:01:43:21:95,0,3,402,0,0,0,0,3,402
33:33:ff:d2:a1:f8,0,1,180,0,0,0,0,1,180
33:33:ff:cf:c8:4f,0,2,360,0,0,0,0,2,360
c4:c3:6b:3b:c9:ec,0,5,1360,0,0,5,1360,0,0
c0:cc:f8:ee:76:78,0,14,3435,0,0,14,3435,0,0
f2:c5:4b:9f:00:28,0,7,2919,0,0,7,2919,0,0
04:00:50:93:ff:ff,0,1,88,0,0,1,88,0,0
04:00:70:93:ff:ff,0,1,88,0,0,0,0,1,88
04:00:80:93:ff:ff,0,1,88,0,0,0,0,1,88
04:00:90:93:ff:ff,0,2,176,0,0,0,0,2,176
04:00:a0:93:ff:ff,0,1,88,0,0,0,0,1,88
04:00:20:94:ff:ff,0,1,88,0,0,0,0,1,88
04:00:30:94:ff:ff,0,1,88,0,0,0,0,1,88
04:00:40:94:ff:ff,0,1,88,0,0,0,0,1,88
04:00:70:94:ff:ff,0,1,88,0,0,1,88,0,0
04:00:80:94:ff:ff,0,1,88,0,0,1,88,0,0
04:00:d0:94:ff:ff,0,1,88,0,0,1,88,0,0
04:00:e0:94:ff:ff,0,2,176,0,0,2,176,0,0
04:00:70:95:ff:ff,0,1,88,0,0,0,0,1,88
04:00:c0:95:ff:ff,0,1,88,0,0,1,88,0,0
03:7b:68:86:ca:85,0,1,70,0,0,1,70,0,0
14:7d:da:c8:a6:d7,0,10,3526,0,0,10,3526,0,0
04:00:30:96:ff:ff,0,1,88,0,0,1,88,0,0
07:14:ca:85:04:00,0,1,70,0,0,0,0,1,70
04:00:c0:96:ff:ff,0,1,88,0,0,0,0,1,88
04:00:d0:96:ff:ff,0,1,88,0,0,1,88,0,0
04:00:e0:96:ff:ff,0,1,88,0,0,1,88,0,0
04:00:f0:96:ff:ff,0,1,88,0,0,1,88,0,0
38:7a:0e:d6:39:36,0,3,2396,0,0,3,2396,0,0
04:00:b0:97:ff:ff,0,1,88,0,0,1,88,0,0
04:00:f0:97:ff:ff,0,2,158,0,0,2,158,0,0
04:00:00:98:ff:ff,0,2,176,0,0,2,176,0,0
04:00:10:98:ff:ff,0,2,176,0,0,2,176,0,0
04:00:50:99:ff:ff,0,1,88,0,0,1,88,0,0
cb:2d:d4:d3:21:b8,0,1,70,0,0,1,70,0,0
c4:00:04:01:c4:0a,0,1,70,0,0,0,0,1,70
04:00:70:04:ff:3f,0,1,88,0,0,1,88,0,0
90:0f:0c:78:af:bd,0,5,2319,0,0,5,2319,0,0
04:00:e0:9a:ff:ff,0,2,176,0,0,2,176,0,0
04:00:f0:9a:ff:ff,0,4,334,0,0,4,334,0,0
19:97:20:a0:80:00,0,1,2664,0,0,1,2664,0,0
33:33:ff:03:a2:fa,0,1,180,0,0,0,0,1,180
04:00:b0:9c:ff:ff,0,2,176,0,0,2,176,0,0
04:00:d0:9c:ff:ff,0,2,176,0,0,2,176,0,0
04:00:e0:9c:ff:ff,0,1,88,0,0,1,88,0,0
04:00:60:9d:ff:ff,0,2,176,0,0,2,176,0,0
04:00:70:9d:ff:ff,0,1,88,0,0,1,88,0,0
04:00:80:9d:ff:ff,0,3,264,0,0,3,264,0,0
04:00:a0:9d:ff:ff,0,2,176,0,0,2,176,0,0
04:00:b0:9d:ff:ff,0,1,88,0,0,1,88,0,0
04:00:c0:9d:ff:ff,0,1,88,0,0,1,88,0,0
04:00:e0:9d:ff:ff,0,2,176,0,0,2,176,0,0
04:00:70:9e:ff:ff,0,1,88,0,0,1,88,0,0
04:00:80:9e:ff:ff,0,1,88,0,0,1,88,0,0
04:00:a0:9e:ff:ff,0,3,264,0,0,3,264,0,0
04:00:b0:9e:ff:ff,0,1,88,0,0,1,88,0,0
04:00:e0:9e:ff:ff,0,1,88,0,0,1,88,0,0
04:00:20:9f:ff:ff,0,1,88,0,0,1,88,0,0
04:00:50:9f:ff:ff,0,2,176,0,0,2,176,0,0
04:00:60:9f:ff:ff,0,2,176,0,0,2,176,0,0
04:00:70:9f:ff:ff,0,1,88,0,0,1,88,0,0
19:97:20:b6:80:00,0,1,2664,0,0,1,2664,0,0
04:00:b0:9f:ff:ff,0,1,88,0,0,1,88,0,0
19:97:00:b7:80:00,0,1,2664,0,0,1,2664,0,0
19:97:50:b7:80:00,0,1,2664,0,0,1,2664,0,0
9c:58:3c:00:78:e8,0,4,1176,0,0,4,1176,0,0
19:97:10:b8:80:00,0,1,2664,0,0,1,2664,0,0
04:00:f0:9f:ff:ff,0,3,246,0,0,3,246,0,0
04:00:a0:a0:ff:ff,0,1,88,0,0,1,88,0,0
f2:d1:21:4f:00:28,0,6,2502,0,0,6,2502,0,0
19:97:f0:bc:80:00,0,1,2664,0,0,1,2664,0,0
04:00:20:a1:ff:ff,0,2,176,0,0,2,176,0,0
04:00:30:a1:ff:ff,0,4,352,0,0,4,352,0,0
04:00:40:a1:ff:ff,0,1,88,0,0,1,88,0,0
c7:66:9a:e9:15:9b,0,1,166,0,0,1,166,0,0
78:fb:7f:53:a4:f1,0,1,166,0,0,0,0,1,166
b5:54:04:00:70:4d,0,1,88,0,0,1,88,0,0
04:00:50:a1:ff:ff,0,1,88,0,0,1,88,0,0
f8:89:d2:71:78:5b,0,1,166,0,0,0,0,1,166
a5:ff:60:5f:b5:51,0,1,70,0,0,1,70,0,0
b1:fd:42:a0:ab:1a,0,1,160,0,0,1,160,0,0
f8:89:d2:71:b1:fd,0,1,160,0,0,0,0,1,160
04:00:a0:a1:ff:ff,0,1,88,0,0,1,88,0,0
48:8a:e8:0a:6e:79,0,24,4196,0,0,24,4196,0,0
33:33:ff:48:eb:b6,0,1,180,0,0,0,0,1,180
04:00:f0:a1:ff:ff,0,1,88,0,0,1,88,0,0
04:00:30:a2:ff:ff,0,1,88,0,0,1,88,0,0
04:00:40:a2:ff:ff,0,1,88,0,0,1,88,0,0
04:00:50:a2:ff:ff,0,1,88,0,0,1,88,0,0
04:00:80:a2:ff:ff,0,1,88,0,0,1,88,0,0
04:00:90:a2:ff:ff,0,1,88,0,0,1,88,0,0
04:00:30:a3:ff:ff,0,1,88,0,0,1,88,0,0
d2:71:18:d5:1a:72,0,1,76,0,0,0,0,1,76
d2:71:18:d5:a5:ab,0,1,70,0,0,1,70,0,0
88:98:18:d5:1a:72,0,1,70,0,0,0,0,1,70
b5:54:04:00:d0:4d,0,1,88,0,0,1,88,0,0
18:d5:10:e4:85:8c,0,2,140,0,0,0,0,2,140
b5:54:04:00:40:4e,0,1,88,0,0,1,88,0,0
b8:db:83:56:ca:85,0,1,70,0,0,1,70,0,0
04:00:c0:74:ff:00,0,2,158,0,0,2,158,0,0
04:00:70:a5:ff:ff,0,1,88,0,0,1,88,0,0
04:00:50:a6:ff:ff,0,1,88,0,0,1,88,0,0
04:00:60:a6:ff:ff,0,1,88,0,0,1,88,0,0
04:00:70:a6:ff:ff,0,2,176,0,0,2,176,0,0
04:00:80:a6:ff:ff,0,1,88,0,0,1,88,0,0
32:d9:c4:0a:53:fa,0,1,252,0,0,1,252,0,0
42:d5:c9:d2:ca:85,0,1,70,0,0,1,70,0,0
34:45:3c:6f:b5:50,0,1,70,0,0,1,70,0,0
8e:f5:45:ca:b5:54,0,2,140,0,0,2,140,0,0
04:00:70:9c:ff:ff,0,1,88,0,0,1,88,0,0
7c:43:4f:23:06:ff,0,1,76,0,0,1,76,0,0
d6:1d:31:04:19:97,0,1,70,0,0,1,70,0,0
c4:00:85:01:f8:89,0,1,70,0,0,0,0,1,70
cb:25:b5:54:47:46,0,6,456,0,0,6,456,0,0
b4:00:bd:00:f8:89,0,6,456,0,0,0,0,6,456
ee:5c:0f:c8:19:97,0,1,76,0,0,1,76,0,0
f9:72:cc:35:ca:85,0,1,70,0,0,1,70,0,0
04:00:d0:a8:ff:ff,0,1,88,0,0,1,88,0,0
04:00:20:a9:ff:ff,0,1,88,0,0,0,0,1,88
e4:ec:e8:6d:1d:33,0,11,1878,0,0,11,1878,0,0
42:d5:c9:d2:ca:84,0,1,70,0,0,1,70,0,0
3c:22:fb:e3:f9:33,0,4,694,0,0,4,694,0,0
04:00:a0:a9:ff:ff,0,4,334,0,0,4,334,0,0
d2:c7:07:75:50:35,0,1,70,0,0,1,70,0,0
c0:83:cb:25:b5:55,0,1,70,0,0,0,0,1,70
4c:63:71:33:30:45,0,25,7178,0,0,25,7178,0,0
36:ef:a3:f2:bf:5b,0,4,286,0,0,4,286,0,0
a5:e9:53:a8:bf:5b,0,1,76,0,0,1,76,0,0
b5:54:f3:00:6d:2d,0,1,70,0,0,0,0,1,70
a6:f1:2e:48:b5:54,0,2,140,0,0,2,140,0,0
2d:ab:c7:1c:19:97,0,1,76,0,0,1,76,0,0
b5:54:1f:71:e1:73,0,1,70,0,0,0,0,1,70
b5:54:25:bd:ff:94,0,1,70,0,0,0,0,1,70
e0:5a:3c:42:e9:d4,0,1,76,0,0,1,76,0,0
ff:ff:ff:ff:d7:ee,0,2,154,0,0,2,154,0,0
07:75:1b:65:d1:ce,0,1,70,0,0,0,0,1,70
ff:ff:ff:ff:76:e0,0,2,160,0,0,2,160,0,0
e7:12:ed:f0:ac:5e,0,1,76,0,0,1,76,0,0
4c:0c:77:13:0a:18,0,2,146,0,0,2,146,0,0
da:4d:42:a8:91:4e,0,1,76,0,0,1,76,0,0
42:0a:44:99:d7:11,0,1,76,0,0,1,76,0,0
42:0a:44:99:e9:8d,0,2,146,0,0,2,146,0,0
87:ec:b0:b8:45:f9,0,1,76,0,0,1,76,0,0
87:ec:b0:b8:64:f2,0,2,146,0,0,2,146,0,0
cb:25:b5:54:46:14,0,13,988,0,0,6,456,7,532
d2:c7:07:75:e7:12,0,3,228,0,0,1,76,2,152
b4:00:c6:01:c4:0a,0,1,76,0,0,0,0,1,76
83:40:07:75:e7:12,0,1,70,0,0,1,70,0,0
f9:91:25:5b:33:91,0,2,146,0,0,2,146,0,0
46:14:6c:3f:ff:ff,0,7,520,0,0,5,374,2,146
cb:25:b5:54:3e:b3,0,8,608,0,0,3,228,5,380
b4:00:40:01:f8:89,0,3,228,0,0,0,0,3,228
ca:24:b5:54:3e:b3,0,1,70,0,0,1,70,0,0
c4:00:16:01:c4:0a,0,1,70,0,0,0,0,1,70
cb:25:b5:54:cc:19,0,1,76,0,0,1,76,0,0
b4:00:23:01:f8:89,0,1,76,0,0,0,0,1,76
b5:54:04:00:80:9d,0,1,88,0,0,1,88,0,0
b5:54:6b:85:99:15,0,1,76,0,0,1,76,0,0
46:14:6c:3f:91:b7,0,3,222,0,0,3,222,0,0
ff:ff:ff:ff:e4:fe,0,1,84,0,0,1,84,0,0
4a:df:ec:ae:1a:f7,0,1,76,0,0,1,76,0,0
cb:25:e6:35:4a:df,0,2,152,0,0,0,0,2,152
ff:3b:e6:35:4a:df,0,1,70,0,0,0,0,1,70
74:14:1d:aa:00:28,0,1,76,0,0,1,76,0,0
9a:72:20:54:00:28,0,3,228,0,0,3,228,0,0
b9:2e:2e:03:9b:88,0,3,216,0,0,3,216,0,0
04:00:60:ac:ff:ff,0,1,88,0,0,1,88,0,0
d2:c7:07:75:23:66,0,1,76,0,0,0,0,1,76
d2:c7:07:75:5a:cb,0,1,70,0,0,1,70,0,0
70:9a:07:75:23:66,0,1,70,0,0,0,0,1,70
04:00:c0:ac:ff:ff,0,2,176,0,0,1,88,1,88
04:00:20:ad:ff:ff,0,1,88,0,0,0,0,1,88
04:00:30:ad:ff:ff,0,1,88,0,0,0,0,1,88
a2:6a:4a:ed:ff:ff,0,2,146,0,0,0,0,2,146
07:65:43:ed:b5:54,0,1,70,0,0,1,70,0,0
04:00:90:ad:ff:ff,0,1,88,0,0,1,88,0,0
83:b9:39:4d:ff:ff,0,3,216,0,0,3,216,0,0
74:f4:24:17:ed:ca,0,1,1404,0,0,1,1404,0,0
ab:ba:b2:b4:14:b1,0,1,1404,0,0,0,0,1,1404
04:00:a0:ad:ff:ff,0,1,88,0,0,1,88,0,0
d8:c0:a6:e0:05:0f,0,13,2843,0,0,13,2843,0,0
04:00:c0:ad:ff:ff,0,1,88,0,0,1,88,0,0
d6:4f:99:d4:19:97,0,1,76,0,0,1,76,0,0
44:e3:55:d3:07:75,0,1,70,0,0,1,70,0,0
04:00:50:ae:ff:ff,0,2,176,0,0,2,176,0,0
a9:00:30:fd:ac:58,0,4,286,0,0,4,286,0,0
54:8c:32:d9:a5:bd,0,1,70,0,0,1,70,0,0
0c:25:e6:35:04:00,0,1,70,0,0,0,0,1,70
60:8b:0e:ef:bb:ed,0,70,22502,0,0,70,22502,0,0
04:00:c0:74:ff:ff,0,1,88,0,0,1,88,0,0
04:00:d0:b0:ff:ff,0,1,88,0,0,1,88,0,0
04:00:e0:b0:ff:ff,0,2,176,0,0,2,176,0,0
04:00:f0:b0:ff:ff,0,1,88,0,0,1,88,0,0
6d:a6:22:83:ca:85,0,2,140,0,0,2,140,0,0
28:c2:1f:df:fd:41,0,97,15038,0,0,97,15038,0,0
04:00:10:b2:ff:ff,0,1,88,0,0,1,88,0,0
04:00:20:b2:ff:ff,0,1,88,0,0,1,88,0,0
04:00:30:b2:ff:ff,0,1,88,0,0,1,88,0,0
04:00:50:b2:ff:ff,0,1,88,0,0,1,88,0,0
04:00:a0:b2:ff:ff,0,2,176,0,0,2,176,0,0
04:00:b0:b2:ff:ff,0,3,264,0,0,3,264,0,0
f6:d9:50:43:b5:51,0,1,70,0,0,1,70,0,0
04:00:c0:b2:ff:ff,0,3,246,0,0,2,158,1,88
04:00:d0:b2:ff:ff,0,2,176,0,0,1,88,1,88
04:00:e0:b2:ff:ff,0,1,88,0,0,1,88,0,0
04:00:f0:b2:ff:ff,0,1,88,0,0,1,88,0,0
04:00:00:b3:ff:ff,0,2,176,0,0,2,176,0,0
04:00:30:b3:ff:ff,0,1,88,0,0,1,88,0,0
04:00:40:b3:ff:ff,0,1,88,0,0,1,88,0,0
04:00:50:b3:ff:ff,0,1,88,0,0,1,88,0,0
04:00:90:b3:ff:ff,0,2,176,0,0,2,176,0,0
10:5b:ad:89:64:9d,0,8,1831,0,0,8,1831,0,0
04:00:a0:b3:ff:ff,0,2,176,0,0,2,176,0,0
04:00:b0:b3:ff:ff,0,2,176,0,0,2,176,0,0
04:00:d0:b3:ff:ff,0,1,88,0,0,1,88,0,0
33:33:ff:0f:3f:90,0,2,360,0,0,0,0,2,360
04:00:00:b4:ff:ff,0,2,176,0,0,2,176,0,0
04:00:10:b4:ff:ff,0,1,88,0,0,1,88,0,0
83:40:0c:07:ac:3c,0,3,210,0,0,0,0,3,210
04:00:60:b4:ff:ff,0,2,158,0,0,2,158,0,0
04:00:80:b4:ff:ff,0,3,264,0,0,3,264,0,0
04:00:a0:b4:ff:ff,0,1,88,0,0,1,88,0,0
c0:68:0c:07:ac:3c,0,5,350,0,0,5,350,0,0
8d:7e:d1:04:00:20,0,1,174,0,0,1,174,0,0
f2:a7:fd:bf:1d:2a,0,1,174,0,0,0,0,1,174
e8:5d:e9:f7:1b:59,0,1,178,0,0,1,178,0,0
c0:df:97:70:1c:98,0,1,178,0,0,0,0,1,178
19:97:d0:1b:80:00,0,1,2664,0,0,1,2664,0,0
04:00:a0:b5:ff:ff,0,3,264,0,0,3,264,0,0
b2:34:0f:b6:0e:ba,0,1,173,0,0,1,173,0,0
50:cb:0a:b8:e1:9b,0,3,216,0,0,3,216,0,0
04:00:b0:b6:ff:ff,0,2,176,0,0,2,176,0,0
04:00:60:b8:ff:ff,0,1,88,0,0,0,0,1,88
04:00:80:b8:ff:ff,0,2,176,0,0,2,176,0,0
04:00:90:b8:ff:ff,0,1,88,0,0,1,88,0,0
04:00:10:b9:ff:ff,0,1,88,0,0,1,88,0,0
04:00:20:b9:ff:ff,0,1,88,0,0,1,88,0,0
04:00:80:b9:ff:ff,0,1,88,0,0,1,88,0,0
04:00:f0:b9:ff:ff,0,1,88,0,0,1,88,0,0
04:00:10:ba:ff:ff,0,1,88,0,0,1,88,0,0
04:00:50:ba:ff:ff,0,1,88,0,0,1,88,0,0
04:00:60:ba:ff:ff,0,1,88,0,0,1,88,0,0
04:bd:bf:b8:c5:19,0,43,7566,0,0,43,7566,0,0
04:00:c0:ba:ff:ff,0,1,88,0,0,1,88,0,0
04:00:e0:ba:ff:ff,0,2,158,0,0,2,158,0,0
04:00:f0:ba:ff:ff,0,1,88,0,0,1,88,0,0
34:b9:8d:94:b1:ac,0,3,826,0,0,3,826,0,0
04:00:00:bb:ff:ff,0,1,88,0,0,1,88,0,0
04:00:50:bb:ff:ff,0,1,88,0,0,1,88,0,0
04:00:60:bb:ff:ff,0,1,88,0,0,1,88,0,0
04:00:70:bb:ff:ff,0,1,88,0,0,1,88,0,0
33:33:ff:f0:09:04,0,2,360,0,0,0,0,2,360
04:00:90:bb:ff:ff,0,1,88,0,0,1,88,0,0
04:00:a0:bb:ff:ff,0,3,246,0,0,3,246,0,0
19:97:f0:37:80:00,0,1,2664,0,0,1,2664,0,0
ea:9d:cb:25:b5:55,0,1,70,0,0,0,0,1,70
04:00:e0:bb:ff:ff,0,2,176,0,0,2,176,0,0
04:00:20:bc:ff:ff,0,1,88,0,0,1,88,0,0
04:00:30:bc:ff:ff,0,1,88,0,0,1,88,0,0
04:00:40:bc:ff:ff,0,1,88,0,0,1,88,0,0
04:00:50:bc:ff:ff,0,1,88,0,0,1,88,0,0
04:00:60:bc:ff:ff,0,2,158,0,0,2,158,0,0
04:00:70:bc:ff:ff,0,1,88,0,0,1,88,0,0
33:33:ff:82:7d:76,0,2,360,0,0,0,0,2,360
7c:21:4a:3a:f8:3b,0,6,924,0,0,6,924,0,0
04:00:d0:bc:ff:ff,0,1,88,0,0,1,88,0,0
c1:e0:ea:9d:07:75,0,2,140,0,0,2,140,0,0
b1:f0:31:04:d9:0b,0,1,178,0,0,1,178,0,0
57:94:5d:96:cb:84,0,1,178,0,0,0,0,1,178
04:00:10:bd:ff:ff,0,1,88,0,0,1,88,0,0
04:00:20:bd:ff:ff,0,1,88,0,0,1,88,0,0
0c:e4:41:e2:a8:70,0,13,8132,0,0,13,8132,0,0
04:00:80:bd:ff:ff,0,1,88,0,0,1,88,0,0
04:00:90:bd:ff:ff,0,1,88,0,0,1,88,0,0
8e:f5:45:ca:b5:51,0,1,70,0,0,1,70,0,0
04:00:30:be:ff:ff,0,1,88,0,0,1,88,0,0
04:00:40:be:ff:ff,0,1,88,0,0,1,88,0,0
04:00:a0:be:ff:ff,0,2,176,0,0,2,176,0,0
de:44:a5:85:b5:52,0,6,420,0,0,6,420,0,0
04:00:d0:be:ff:ff,0,2,176,0,0,1,88,1,88
04:00:10:bf:ff:ff,0,1,88,0,0,1,88,0,0
04:00:20:bf:ff:ff,0,1,88,0,0,1,88,0,0
04:00:c0:bf:ff:ff,0,1,88,0,0,1,88,0,0
04:00:d0:bf:ff:ff,0,2,176,0,0,2,176,0,0
04:00:10:c0:ff:ff,0,1,88,0,0,1,88,0,0
d2:c7:07:75:8e:f5,0,2,140,0,0,2,140,0,0
45:ca:ca:85:04:00,0,1,70,0,0,0,0,1,70
04:00:d0:c0:ff:ff,0,5,422,0,0,5,422,0,0
04:00:10:c3:ff:ff,0,2,176,0,0,2,176,0,0
8c:83:6f:64:14:4e,0,1,2911,0,0,1,2911,0,0
21:12:8e:91:35:e6,0,1,2911,0,0,0,0,1,2911
04:00:80:c3:ff:ff,0,1,88,0,0,1,88,0,0
04:00:20:c4:ff:ff,0,4,334,0,0,4,334,0,0
04:00:30:c4:ff:ff,0,1,88,0,0,1,88,0,0
04:00:40:c4:ff:ff,0,1,88,0,0,1,88,0,0
e6:89:a7:ff:14:cc,0,2,146,0,0,2,146,0,0
04:00:f0:c4:ff:ff,0,1,88,0,0,1,88,0,0
04:00:00:c5:ff:ff,0,1,88,0,0,1,88,0,0
18:6a:61:20:4c:36,0,1,76,0,0,1,76,0,0
19:97:b0:62:80:00,0,1,2664,0,0,1,2664,0,0
04:00:60:c5:ff:ff,0,1,88,0,0,1,88,0,0
04:00:d0:c5:ff:ff,0,1,88,0,0,1,88,0,0
04:00:e0:c5:ff:ff,0,1,88,0,0,1,88,0,0
14:4e:40:25:d8:a1,0,1,204,0,0,1,204,0,0
15:27:14:4e:00:00,0,1,204,0,0,0,0,1,204
e6:35:e6:89:a7:ff,0,1,76,0,0,1,76,0,0
7d:ee:30:f3:d1:93,0,1,76,0,0,1,76,0,0
72:50:c1:34:b5:54,0,2,146,0,0,0,0,2,146
04:d1:3a:04:9a:39,0,163,24514,0,0,163,24514,0,0
17:96:58:54:9a:39,0,2,146,0,0,2,146,0,0
8f:ef:69:dc:ec:6d,0,1,76,0,0,1,76,0,0
d2:71:18:d5:5b:df,0,1,76,0,0,0,0,1,76
d2:71:18:d5:5f:a5,0,1,70,0,0,1,70,0,0
c2:1c:18:d5:5b:df,0,1,70,0,0,0,0,1,70
d2:71:18:d5:10:9a,0,1,70,0,0,1,70,0,0
08:fd:b5:54:04:00,0,1,70,0,0,0,0,1,70
95:cc:d7:cc:6f:cb,0,2,146,0,0,2,146,0,0
04:00:80:c6:ff:ff,0,1,88,0,0,1,88,0,0
cd:22:e2:5b:c3:42,0,1,76,0,0,1,76,0,0
33:33:ff:c7:43:43,0,6,1080,0,0,0,0,6,1080
1a:e5:1c:d7:17:63,0,1,76,0,0,1,76,0,0
cb:25:e6:35:1a:e5,0,3,228,0,0,0,0,3,228
54:8c:32:d9:9c:b8,0,1,70,0,0,1,70,0,0
6a:d8:cb:25:b5:55,0,1,70,0,0,0,0,1,70
cb:25:e6:35:8d:60,0,1,76,0,0,0,0,1,76
cb:25:b5:54:19:90,0,1,76,0,0,1,76,0,0
b4:00:ec:02:f8:89,0,1,76,0,0,0,0,1,76
8a:6c:b5:54:19:90,0,1,70,0,0,1,70,0,0
c4:00:be:02:c4:0a,0,1,70,0,0,0,0,1,70
dd:01:00:00:00:00,0,1,88,0,0,1,88,0,0
ca:a6:88:d2:b5:54,0,1,70,0,0,1,70,0,0
d2:71:18:d5:72:50,0,6,456,0,0,4,304,2,152
d2:71:18:d5:09:c7,0,2,140,0,0,2,140,0,0
b4:e5:18:d5:72:50,0,4,280,0,0,2,140,2,140
3a:71:c0:23:3a:d5,0,1,70,0,0,1,70,0,0
03:5d:18:d5:28:72,0,1,70,0,0,0,0,1,70
d2:71:18:d5:1f:fe,0,2,152,0,0,0,0,2,152
cb:2d:ca:85:92:71,0,1,70,0,0,1,70,0,0
86:e1:18:d5:1f:fe,0,1,70,0,0,0,0,1,70
d2:71:18:d5:bd:98,0,1,70,0,0,1,70,0,0
2b:84:18:d5:1f:fe,0,1,70,0,0,0,0,1,70
3d:35:43:71:18:d5,0,1,1404,0,0,1,1404,0,0
b5:54:04:00:50:4f,0,1,88,0,0,1,88,0,0
18:d5:3b:aa:d4:f1,0,2,146,0,0,2,146,0,0
b5:54:04:00:70:4f,0,1,88,0,0,1,88,0,0
18:d5:05:00:c0:41,0,1,88,0,0,1,88,0,0
b5:54:cf:ee:3c:99,0,2,146,0,0,2,146,0,0
17:00:00:00:00:00,0,13,1006,0,0,9,702,4,304
04:00:e0:c7:ff:ff,0,1,88,0,0,1,88,0,0
04:00:f0:c7:ff:ff,0,1,88,0,0,1,88,0,0
04:00:00:c8:ff:ff,0,1,88,0,0,1,88,0,0
04:00:40:c8:ff:ff,0,1,88,0,0,0,0,1,88
04:00:70:c9:ff:ff,0,1,88,0,0,1,88,0,0
04:00:90:c9:ff:ff,0,1,88,0,0,1,88,0,0
97:d6:74:a3:b5:52,0,9,630,0,0,9,630,0,0
46:be:e4:39:b5:54,0,2,146,0,0,0,0,2,146
54:8c:d6:7d:b5:54,0,1,70,0,0,1,70,0,0
b5:54:54:8c:d6:7d,0,3,210,0,0,0,0,3,210
88:60:fb:e2:2d:bd,0,3,1276,0,0,3,1276,0,0
b5:54:d9:7b:09:a2,0,1,70,0,0,0,0,1,70
b5:54:93:6f:62:5d,0,1,70,0,0,0,0,1,70
c1:00:49:f9:d5:d5,0,2,152,0,0,2,152,0,0
5c:89:cb:25:b5:55,0,1,70,0,0,0,0,1,70
88:f0:91:16:19:97,0,1,342,0,0,1,342,0,0
f8:0a:6f:54:ba:c8,0,1,76,0,0,1,76,0,0
5e:44:3f:29:f4:a8,0,1,76,0,0,1,76,0,0
2c:be:eb:60:7f:4c,0,1,164,0,0,1,164,0,0
5e:44:3f:29:7f:4c,0,1,76,0,0,1,76,0,0
cb:25:b5:54:d0:7f,0,2,152,0,0,1,76,1,76
cb:25:b5:54:b9:4e,0,2,140,0,0,2,140,0,0
4b:54:b5:54:d0:7f,0,2,140,0,0,1,70,1,70
5e:44:3f:29:44:29,0,1,76,0,0,1,76,0,0
74:56:d3:46:91:44,0,1,76,0,0,1,76,0,0
fe:54:c2:41:b5:52,0,1,70,0,0,1,70,0,0
cb:25:e6:35:ec:c7,0,3,228,0,0,1,76,2,152
b4:00:30:07:c0:47,0,1,76,0,0,0,0,1,76
c8:d5:31:04:19:97,0,1,1404,0,0,1,1404,0,0
7c:64:41:8c:92:cb,0,1,1404,0,0,0,0,1,1404
67:5e:60:05:19:97,0,1,198,0,0,1,198,0,0
c0:47:54:6a:35:d9,0,1,174,0,0,0,0,1,174
c7:91:1c:a8:1a:67,0,1,76,0,0,1,76,0,0
68:f4:e0:db:ca:81,0,1,70,0,0,1,70,0,0
c7:91:1c:a8:b5:54,0,1,76,0,0,0,0,1,76
09:00:2b:3d:b5:54,0,1,76,0,0,0,0,1,76
cb:25:e6:35:eb:ef,0,3,228,0,0,3,228,0,0
b4:00:c8:03:c0:47,0,3,228,0,0,0,0,3,228
cb:25:e6:35:15:a7,0,1,76,0,0,0,0,1,76
54:8c:32:d9:68:f4,0,1,70,0,0,1,70,0,0
e0:db:cb:25:b5:55,0,1,70,0,0,0,0,1,70
97:d6:74:a3:07:75,0,3,210,0,0,3,210,0,0
cb:25:e6:35:4f:85,0,2,152,0,0,2,152,0,0
b4:00:ac:07:c0:47,0,2,152,0,0,0,0,2,152
d8:dc:40:bf:7f:81,0,36,7874,0,0,36,7874,0,0
33:33:ff:12:12:f1,0,4,720,0,0,0,0,4,720
a8:db:03:63:0a:dc,0,10,2328,0,0,10,2328,0,0
e2:5d:31:04:19:97,0,95,6650,0,0,95,6650,0,0
d4:00:02:00:c4:0a,0,97,6790,0,0,0,0,97,6790
d2:c7:07:75:d5:12,0,6,456,0,0,1,76,5,380
b4:00:a2:01:c4:0a,0,1,76,0,0,0,0,1,76
74:a3:07:75:d5:12,0,5,350,0,0,1,70,4,280
c4:00:68:00:f8:89,0,2,140,0,0,0,0,2,140
d2:c7:07:75:97:d6,0,8,560,0,0,8,560,0,0
74:a3:cb:25:b5:55,0,4,280,0,0,0,0,4,280
04:00:a0:c9:ff:ff,0,1,88,0,0,1,88,0,0
d8:c3:db:f4:b5:50,0,8,560,0,0,8,560,0,0
18:3e:ef:f4:21:7c,0,4,1560,0,0,4,1560,0,0
74:14:1d:aa:80:fe,0,3,228,0,0,3,228,0,0
e1:c6:bd:09:07:75,0,3,210,0,0,3,210,0,0
74:14:1d:aa:b5:54,0,5,368,0,0,2,146,3,222
ff:ff:ff:ff:57:0c,0,2,154,0,0,2,154,0,0
b5:54:43:40:01:d0,0,8,560,0,0,0,0,8,560
ff:ff:ff:ff:27:08,0,1,84,0,0,1,84,0,0
7e:c7:ce:71:00:28,0,2,146,0,0,2,146,0,0
04:00:30:a0:ff:ff,0,1,88,0,0,1,88,0,0
ff:ff:ff:ff:1f:8a,0,1,84,0,0,1,84,0,0
ff:ff:ff:ff:f7:0b,0,1,84,0,0,1,84,0,0
ff:ff:ff:ff:ab:bb,0,1,84,0,0,1,84,0,0
80:ce:b9:d6:c6:a5,0,22,5857,0,0,22,5857,0,0
b7:e3:d5:7e:3c:da,0,2,146,0,0,2,146,0,0
ff:ff:ff:ff:43:3a,0,1,84,0,0,1,84,0,0
97:d6:74:a3:18:d5,0,1,70,0,0,1,70,0,0
74:14:1d:aa:bb:ed,0,4,298,0,0,4,298,0,0
4c:c7:bf:e4:a8:70,0,4,286,0,0,4,286,0,0
74:14:1d:aa:2b:09,0,2,146,0,0,2,146,0,0
ff:ff:ff:ff:93:39,0,1,84,0,0,1,84,0,0
68:4a:e9:94:0d:b0,0,5,1398,0,0,5,1398,0,0
ac:00:7a:ae:88:64,0,72,23930,0,0,72,23930,0,0
74:14:1d:aa:6e:f0,0,2,146,0,0,2,146,0,0
de:44:a5:85:b5:53,0,1,70,0,0,1,70,0,0
d8:c3:db:f4:b5:54,0,21,1470,0,0,21,1470,0,0
4c:c7:bf:e4:23:2c,0,3,216,0,0,3,216,0,0
35:b9:5a:e6:23:2c,0,4,298,0,0,4,298,0,0
ff:ff:ff:ff:db:bf,0,1,84,0,0,1,84,0,0
b5:54:04:00:10:50,0,1,88,0,0,1,88,0,0
d2:71:18:d5:73:02,0,6,456,0,0,0,0,6,456
d2:71:18:d5:d8:d2,0,2,140,0,0,2,140,0,0
b1:7e:18:d5:73:02,0,2,140,0,0,0,0,2,140
f2:77:81:4f:00:3c,0,15,6255,0,0,15,6255,0,0
00:5b:94:8c:dd:10,0,26,7685,0,0,26,7685,0,0
4c:c7:bf:e4:62:3f,0,4,292,0,0,4,292,0,0
35:b9:5a:e6:8d:a9,0,2,146,0,0,2,146,0,0
ff:ff:ff:ff:33:3e,0,1,84,0,0,1,84,0,0
04:bd:bf:02:d6:a2,0,7,2032,0,0,7,2032,0,0
33:33:ff:5a:97:85,0,1,180,0,0,0,0,1,180
de:44:a5:85:e6:35,0,1,70,0,0,1,70,0,0
d8:c3:db:f4:07:75,0,19,1330,0,0,19,1330,0,0
94:00:00:00:d8:b0,0,6,528,0,0,0,0,6,528
5c:3a:45:4d:2c:7d,0,17,3677,0,0,17,3677,0,0
04:00:d0:c9:ff:ff,0,1,88,0,0,1,88,0,0
4c:c7:bf:e4:c4:9c,0,6,432,0,0,6,432,0,0
d2:71:18:d5:1b:20,0,2,152,0,0,0,0,2,152
d2:71:18:d5:09:ed,0,1,70,0,0,1,70,0,0
40:86:18:d5:1b:20,0,1,70,0,0,0,0,1,70
8b:5d:18:d5:1b:20,0,1,70,0,0,0,0,1,70
04:00:80:6e:ff:ff,0,1,88,0,0,0,0,1,88
27:26:e2:5d:b5:54,0,1,70,0,0,1,70,0,0
50:49:b0:06:84:e7,0,134,20484,0,0,134,20484,0,0
00:8d:05:06:ac:28,0,1,155,0,0,0,0,1,155
b5:54:04:00:90:50,0,1,88,0,0,1,88,0,0
5c:17:cf:d7:01:e1,0,157,25509,0,0,157,25509,0,0
b4:00:d4:00:f8:89,0,2,152,0,0,0,0,2,152
c4:00:a6:00:c4:0a,0,1,70,0,0,0,0,1,70
17:96:58:54:50:61,0,2,146,0,0,2,146,0,0
74:fb:0f:4e:07:75,0,4,280,0,0,4,280,0,0
16:25:60:e3:19:97,0,2,146,0,0,2,146,0,0
04:00:f0:c9:ff:ff,0,1,88,0,0,1,88,0,0
04:00:00:ca:ff:ff,0,1,88,0,0,1,88,0,0
ea:d1:51:e1:07:75,0,23,1610,0,0,23,1610,0,0
fd:37:72:2f:07:75,0,4,280,0,0,4,280,0,0
ff:ff:ff:ff:da:b6,0,3,230,0,0,3,230,0,0
53:5f:0b:17:c4:0a,0,17,1496,0,0,17,1496,0,0
90:cc:df:c6:5a:93,0,6,1222,0,0,6,1222,0,0
04:00:c0:71:ff:ff,0,1,88,0,0,1,88,0,0
50:5a:65:c3:df:19,0,1,175,0,0,1,175,0,0
b5:54:fa:c0:ce:eb,0,1,70,0,0,0,0,1,70
cb:25:b5:54:8b:e5,0,1,76,0,0,1,76,0,0
b4:00:fc:02:f8:89,0,1,76,0,0,0,0,1,76
ce:eb:b5:54:8b:e5,0,1,70,0,0,1,70,0,0
c4:00:d2:02:c4:0a,0,1,70,0,0,0,0,1,70
cb:25:b5:54:e0:da,0,1,76,0,0,1,76,0,0
b4:00:3a:01:f8:89,0,1,76,0,0,0,0,1,76
a5:e2:b5:54:e0:da,0,1,70,0,0,1,70,0,0
c4:00:10:01:c4:0a,0,1,70,0,0,0,0,1,70
cb:25:b5:54:1d:64,0,2,152,0,0,2,152,0,0
b4:00:a5:00:f8:89,0,2,152,0,0,0,0,2,152
53:c9:b5:54:1d:64,0,2,140,0,0,2,140,0,0
c4:00:7b:00:c4:0a,0,2,140,0,0,0,0,2,140
83:40:b5:54:04:00,0,2,140,0,0,1,70,1,70
33:33:ff:48:47:01,0,1,172,0,0,0,0,1,172
85:84:83:40:ed:37,0,2,140,0,0,2,140,0,0
fc:d9:08:ac:db:8b,0,28,4252,0,0,28,4252,0,0
3c:19:5e:04:1d:66,0,1,173,0,0,1,173,0,0
90:78:b2:bc:d2:99,0,76,14765,0,0,76,14765,0,0
04:00:00:73:ff:ff,0,1,88,0,0,1,88,0,0
f2:6d:20:5f:00:3c,0,11,4587,0,0,11,4587,0,0
01:00:5e:40:98:8f,0,6,1634,0,0,0,0,6,1634
b5:54:04:00:00:51,0,1,88,0,0,1,88,0,0
bc:6e:ff:3b:3e:a7,0,2,140,0,0,2,140,0,0
85:84:83:40:3e:a7,0,1,70,0,0,1,70,0,0
4c:c7:bf:e4:db:d1,0,2,146,0,0,2,146,0,0
d4:ac:31:57:c8:f4,0,1,182,0,0,1,182,0,0
8e:72:af:ce:20:e5,0,1,182,0,0,0,0,1,182
33:33:ff:ff:5c:0c,0,2,360,0,0,0,0,2,360
98:a5:f9:b5:5a:ba,0,4,920,0,0,4,920,0,0
33:33:ff:20:e7:57,0,5,900,0,0,0,0,5,900
04:00:90:74:ff:ff,0,1,88,0,0,1,88,0,0
04:00:b0:74:ff:ff,0,1,88,0,0,1,88,0,0
5c:ba:ef:04:f5:e9,0,10,3110,0,0,10,3110,0,0
f2:d1:21:7f:00:28,0,6,2502,0,0,6,2502,0,0
8c:f1:12:98:29:c4,0,6,1108,0,0,6,1108,0,0
0c:ec:8d:57:19:62,0,20,3080,0,0,20,3080,0,0
80:54:9c:15:65:6d,0,1,246,0,0,1,246,0,0
90:b3:31:04:19:97,0,1,70,0,0,1,70,0,0
c4:00:e4:06:c0:47,0,1,70,0,0,0,0,1,70
33:33:ff:97:a4:b3,0,10,1792,0,0,0,0,10,1792
53:5f:0b:17:de:44,0,6,420,0,0,6,420,0,0
a5:85:cb:25:b5:55,0,4,280,0,0,0,0,4,280
a5:85:e6:35:04:00,0,2,140,0,0,0,0,2,140
33:33:ff:46:1a:27,0,3,540,0,0,0,0,3,540
58:1c:f8:e0:82:56,0,2,465,0,0,2,465,0,0
04:00:a0:77:ff:ff,0,2,176,0,0,2,176,0,0
a4:c6:9a:95:d3:b9,0,19,5260,0,0,19,5260,0,0
04:00:a0:79:ff:ff,0,1,88,0,0,1,88,0,0
00:00:3a:05:00:20,0,1,190,0,0,1,190,0,0
c0:47:54:8c:f2:25,0,1,190,0,0,0,0,1,190
07:75:22:cd:91:70,0,2,140,0,0,0,0,2,140
cb:25:e6:35:35:06,0,1,76,0,0,0,0,1,76
17:83:e3:96:32:35,0,1,76,0,0,1,76,0,0
bc:17:b8:cc:c1:8f,0,4,828,0,0,4,828,0,0
28:02:44:cd:16:a7,0,4,865,0,0,4,865,0,0
04:00:b0:7a:ff:ff,0,3,264,0,0,3,264,0,0
30:d7:a1:df:c1:6b,0,17,5739,0,0,17,5739,0,0
fc:aa:b6:62:26:8d,0,3,462,0,0,3,462,0,0
fc:d9:08:af:ba:2b,0,11,2888,0,0,11,2888,0,0
29:6b:8d:b7:5a:56,0,177,12390,0,0,177,12390,0,0
04:00:d0:ca:ff:ff,0,1,88,0,0,1,88,0,0
04:00:20:cb:ff:ff,0,1,88,0,0,1,88,0,0
91:b0:5a:56:29:6b,0,7,490,0,0,7,490,0,0
8d:b7:00:00:00:16,0,1,70,0,0,0,0,1,70
04:00:80:7c:ff:ff,0,2,176,0,0,1,88,1,88
4c:f2:02:11:d4:c1,0,13,5257,0,0,13,5257,0,0
04:00:d0:80:ff:07,0,1,88,0,0,1,88,0,0
b8:5d:22:e6:80:fe,0,1,76,0,0,1,76,0,0
04:00:d0:80:ff:ff,0,2,176,0,0,2,176,0,0
09:93:5c:22:18:d5,0,1,70,0,0,1,70,0,0
b5:54:04:00:30:51,0,1,88,0,0,1,88,0,0
04:00:70:e9:ff:ff,0,1,88,0,0,1,88,0,0
04:00:70:cb:ff:ff,0,2,176,0,0,2,176,0,0
f0:6c:5d:a7:65:b4,0,17,2661,0,0,17,2661,0,0
04:00:b0:cb:ff:ff,0,1,88,0,0,1,88,0,0
04:00:c0:cb:ff:ff,0,1,88,0,0,1,88,0,0
04:00:e0:cb:ff:ff,0,1,88,0,0,1,88,0,0
d8:c3:db:f4:b5:55,0,1,70,0,0,1,70,0,0
71:ec:d4:87:b5:55,0,6,420,0,0,6,420,0,0
c0:68:0f:c9:29:b8,0,1,70,0,0,1,70,0,0
5a:56:29:6b:8d:b7,0,7,490,0,0,0,0,7,490
ff:ff:ff:ff:ff:07,0,6,480,0,0,6,480,0,0
71:ec:d4:87:ca:81,0,7,486,0,0,7,486,0,0
91:70:31:04:19:97,0,2,140,0,0,2,140,0,0
c4:00:60:00:f8:89,0,2,140,0,0,0,0,2,140
ee:a4:31:04:19:97,0,2,140,0,0,2,140,0,0
c4:00:8c:00:f8:89,0,2,140,0,0,0,0,2,140
8b:08:29:86:b5:54,0,3,210,0,0,3,210,0,0
ff:ff:ff:ff:39:a5,0,1,84,0,0,1,84,0,0
60:c7:be:d8:ad:c9,0,166,25328,0,0,166,25328,0,0
33:33:ff:66:ee:d2,0,2,360,0,0,0,0,2,360
04:00:20:cf:ff:ff,0,1,88,0,0,0,0,1,88
34:1c:f0:84:b3:fc,0,44,9432,0,0,44,9432,0,0
33:33:ff:7d:f6:1a,0,2,344,0,0,0,0,2,344
33:33:ff:55:2e:85,0,2,360,0,0,0,0,2,360
c0:50:cb:01:93:c1,0,6,444,0,0,6,444,0,0
bc:6e:ff:3b:e6:31,0,2,140,0,0,2,140,0,0
04:00:c0:cf:ff:ff,0,3,246,0,0,3,246,0,0
04:00:e0:cf:ff:ff,0,2,176,0,0,2,176,0,0
df:ac:64:8b:fe:22,0,2,146,0,0,2,146,0,0
b5:55:e8:f7:91:b0,0,75,6600,0,0,0,0,75,6600
8d:b7:cb:25:b5:55,0,4,280,0,0,0,0,4,280
42:0a:44:99:b5:54,0,2,146,0,0,0,0,2,146
b5:54:29:df:1b:f8,0,10,700,0,0,0,0,10,700
ff:ff:ff:ff:a1:20,0,1,84,0,0,1,84,0,0
dd:c2:1f:5c:b5:53,0,1,70,0,0,1,70,0,0
22:cd:91:70:07:75,0,6,420,0,0,6,420,0,0
4c:56:9d:3f:7c:f1,0,15,3757,0,0,15,3757,0,0
33:33:ff:16:1c:8b,0,1,180,0,0,0,0,1,180
d0:49:7c:7d:4b:d5,0,34,5604,0,0,34,5604,0,0
04:00:30:d0:ff:ff,0,1,88,0,0,1,88,0,0
04:00:40:d0:ff:ff,0,1,88,0,0,1,88,0,0
04:00:60:d0:ff:ff,0,1,88,0,0,1,88,0,0
d4:8a:39:22:da:94,0,2,234,0,0,2,234,0,0
cb:25:b5:54:8b:08,0,1,70,0,0,1,70,0,0
ff:ff:ff:ff:99:a2,0,1,84,0,0,1,84,0,0
5c:17:cf:4d:1f:66,0,228,34464,0,0,228,34464,0,0
7a:61:32:5c:be:35,0,2,352,0,0,2,352,0,0
33:33:ff:af:d0:94,0,1,180,0,0,0,0,1,180
33:33:ff:e9:e4:71,0,2,360,0,0,0,0,2,360
04:00:60:86:ff:ff,0,1,88,0,0,1,88,0,0
d8:c3:db:f4:b5:51,0,5,350,0,0,5,350,0,0
d2:c7:07:75:d8:c3,0,31,2170,0,0,31,2170,0,0
db:f4:0c:07:ac:3c,0,1,70,0,0,0,0,1,70
d4:87:0c:07:ac:3c,0,2,140,0,0,0,0,2,140
48:8f:98:18:2e:d2,0,2,140,0,0,2,140,0,0
8c:c6:81:ba:ce:e9,0,1,156,0,0,1,156,0,0
04:00:50:87:ff:ff,0,1,88,0,0,1,88,0,0
db:f4:cb:25:b5:55,0,17,1190,0,0,0,0,17,1190
f8:5e:a0:e2:7e:0d,0,4,707,0,0,4,707,0,0
3d:6d:e7:87:3e:a7,0,1,70,0,0,1,70,0,0
c4:0a:cb:2d:d4:d0,0,1,70,0,0,0,0,1,70
24:a9:8a:80:3e:a7,0,1,70,0,0,1,70,0,0
c4:0a:cb:2d:d4:d2,0,3,210,0,0,0,0,3,210
c4:0a:cb:2d:d4:d5,0,3428,287919,0,0,0,0,3428,287919
ab:5d:e0:f0:ca:80,0,1,70,0,0,1,70,0,0
c4:0a:cb:2d:d4:d1,0,1,70,0,0,0,0,1,70
87:3c:ee:1e:ca:80,0,1,70,0,0,1,70,0,0
3c:19:5e:97:62:ae,0,27,7873,0,0,27,7873,0,0
14:88:e6:7a:71:41,0,11,3879,0,0,11,3879,0,0
60:a5:e2:66:ec:11,0,80,15336,0,0,80,15336,0,0
48:74:12:64:aa:99,0,15,3357,0,0,15,3357,0,0
33:33:ff:8c:37:32,0,3,540,0,0,0,0,3,540
19:7a:be:2e:21:4b,0,1,76,0,0,1,76,0,0
19:7a:be:2e:ff:ff,0,2,146,0,0,2,146,0,0
66:99:b5:54:47:46,0,1,70,0,0,1,70,0,0
c4:00:93:00:c4:0a,0,1,70,0,0,0,0,1,70
74:14:1d:aa:f4:a8,0,2,146,0,0,2,146,0,0
ff:ff:ff:ff:9b:a4,0,1,84,0,0,1,84,0,0
33:33:ff:e9:4a:88,0,1,180,0,0,0,0,1,180
33:33:ff:2a:95:a5,0,2,344,0,0,0,0,2,344
04:00:d0:d0:ff:ff,0,1,88,0,0,1,88,0,0
04:00:e0:d0:ff:ff,0,1,88,0,0,1,88,0,0
fc:aa:b6:bf:3f:aa,0,11,1704,0,0,11,1704,0,0
04:00:f0:d1:ff:ff,0,2,158,0,0,2,158,0,0
04:00:b0:87:ff:ff,0,3,228,0,0,3,228,0,0
04:00:10:d2:ff:ff,0,1,88,0,0,1,88,0,0
04:00:30:d2:ff:ff,0,2,176,0,0,2,176,0,0
19:97:50:80:80:00,0,1,2664,0,0,1,2664,0,0
04:00:40:d2:ff:ff,0,1,88,0,0,1,88,0,0
04:00:50:d2:ff:ff,0,1,88,0,0,1,88,0,0
04:00:60:d2:ff:ff,0,1,88,0,0,1,88,0,0
04:00:a0:d2:ff:ff,0,1,88,0,0,1,88,0,0
04:00:b0:d2:ff:ff,0,1,88,0,0,1,88,0,0
6d:25:b4:f9:f0:b2,0,1,70,0,0,0,0,1,70
04:00:50:d3:ff:ff,0,1,88,0,0,1,88,0,0
a7:48:0c:07:ac:3c,0,1,70,0,0,1,70,0,0
04:00:80:d4:ff:ff,0,1,88,0,0,1,88,0,0
04:00:90:d4:ff:ff,0,2,176,0,0,2,176,0,0
b0:be:83:15:82:d9,0,8,2394,0,0,8,2394,0,0
19:97:f0:90:80:00,0,1,2664,0,0,1,2664,0,0
ac:5f:ea:0a:6f:0e,0,26,3752,0,0,26,3752,0,0
04:00:50:d6:ff:ff,0,1,88,0,0,1,88,0,0
6f:9b:b1:b3:00:3c,0,1,76,0,0,1,76,0,0
04:00:90:d6:ff:ff,0,1,88,0,0,1,88,0,0
33:33:ff:b2:a3:f9,0,1,180,0,0,0,0,1,180
04:00:b0:d6:ff:ff,0,1,88,0,0,1,88,0,0
04:00:40:d7:ff:ff,0,1,88,0,0,1,88,0,0
04:00:80:d7:ff:ff,0,1,88,0,0,1,88,0,0
93:a8:f7:4a:c9:76,0,1,76,0,0,1,76,0,0
04:00:30:66:01:00,0,1,88,0,0,1,88,0,0
88:27:5b:53:01:00,0,2,146,0,0,2,146,0,0
04:00:d0:d7:ff:ff,0,1,88,0,0,1,88,0,0
04:00:00:d8:ff:ff,0,1,88,0,0,1,88,0,0
04:00:10:d8:ff:ff,0,1,88,0,0,1,88,0,0
33:33:ff:6f:4f:87,0,3,540,0,0,0,0,3,540
04:00:30:d8:ff:ff,0,1,88,0,0,1,88,0,0
04:00:40:d8:ff:ff,0,1,88,0,0,1,88,0,0
04:00:60:d8:ff:ff,0,1,88,0,0,1,88,0,0
33:33:ff:b5:66:b5,0,1,180,0,0,0,0,1,180
04:00:70:d8:ff:ff,0,10,880,0,0,10,880,0,0
04:00:80:d8:ff:ff,0,1,88,0,0,1,88,0,0
33:33:ff:f9:ae:5c,0,2,360,0,0,0,0,2,360
6e:9a:1b:1f:b5:55,0,2,146,0,0,0,0,2,146
33:33:ff:22:4c:fb,0,2,344,0,0,0,0,2,344
6e:9a:1b:1f:7b:f7,0,2,146,0,0,2,146,0,0
f7:4f:38:9e:7b:f7,0,2,146,0,0,2,146,0,0
b5:55:04:00:50:ec,0,1,88,0,0,1,88,0,0
d8:be:1f:4d:38:9d,0,23,5865,0,0,23,5865,0,0
04:00:50:88:ff:ff,0,1,88,0,0,1,88,0,0
04:00:b0:d8:ff:ff,0,1,88,0,0,1,88,0,0
33:33:ff:64:99:96,0,2,360,0,0,0,0,2,360
04:00:d0:d8:ff:ff,0,1,88,0,0,1,88,0,0
50:e7:b7:2b:3a:ff,0,1,164,0,0,1,164,0,0
bc:6a:d1:7f:cb:73,0,24,3890,0,0,24,3890,0,0
04:00:30:89:ff:ff,0,1,88,0,0,1,88,0,0
d2:c7:07:75:4c:c7,0,4,304,0,0,1,76,3,228
db:f4:07:75:4c:c7,0,4,280,0,0,1,70,3,210
d4:87:07:75:4c:c7,0,4,280,0,0,1,70,3,210
6f:9b:b1:b3:25:29,0,1,76,0,0,1,76,0,0
ff:ff:ff:ff:d2:2b,0,1,84,0,0,1,84,0,0
de:44:a5:85:ca:82,0,1,70,0,0,1,70,0,0
70:a0:bd:0a:b5:54,0,2,146,0,0,0,0,2,146
e1:97:33:ae:b5:54,0,1,70,0,0,1,70,0,0
74:8f:3c:e7:da:10,0,25,6632,0,0,25,6632,0,0
04:00:40:8b:ff:ff,0,1,88,0,0,1,88,0,0
80:54:9c:54:93:ed,0,1,154,0,0,1,154,0,0
c2:98:87:14:c4:f4,0,7,1716,0,0,7,1716,0,0
04:00:d0:8b:ff:ff,0,2,176,0,0,2,176,0,0
1c:c9:d4:8a:39:57,0,1,267,0,0,0,0,1,267
cf:44:b4:9f:82:d9,0,2,146,0,0,2,146,0,0
85:84:83:40:e6:33,0,2,140,0,0,2,140,0,0
07:b9:2b:73:0c:18,0,2,146,0,0,2,146,0,0
33:33:ff:f5:44:a9,0,1,180,0,0,0,0,1,180
04:00:f0:d8:ff:ff,0,1,88,0,0,1,88,0,0
04:00:00:d9:ff:ff,0,1,88,0,0,1,88,0,0
04:00:10:d9:ff:ff,0,1,88,0,0,1,88,0,0
b0:60:88:ec:a6:c6,0,28,6174,0,0,28,6174,0,0
04:00:70:d9:ff:ff,0,1,88,0,0,1,88,0,0
04:00:90:d9:ff:ff,0,1,88,0,0,1,88,0,0
07:b9:2b:73:3c:da,0,4,304,0,0,4,304,0,0
33:33:ff:69:6c:70,0,1,172,0,0,0,0,1,172
b5:54:04:00:f0:51,0,1,88,0,0,1,88,0,0
b8:a2:4a:8b:b3:fc,0,2,146,0,0,2,146,0,0
b5:54:04:00:20:52,0,2,158,0,0,2,158,0,0
d9:85:93:20:b5:54,0,6,432,0,0,0,0,6,432
51:1e:cc:1f:18:d5,0,2,140,0,0,2,140,0,0
bf:de:3b:a3:b5:54,0,2,146,0,0,0,0,2,146
c0:0c:d0:0c:b5:54,0,2,140,0,0,2,140,0,0
b5:54:04:00:60:52,0,1,88,0,0,1,88,0,0
04:00:50:69:ff:ff,0,2,176,0,0,2,176,0,0
33:33:ff:79:fb:87,0,1,180,0,0,0,0,1,180
4c:c7:bf:e4:04:5b,0,4,286,0,0,4,286,0,0
e8:7f:95:a5:b2:72,0,14,3012,0,0,14,3012,0,0
33:33:ff:3a:2a:56,0,1,180,0,0,0,0,1,180
fc:66:cf:25:cd:8e,0,37,12376,0,0,37,12376,0,0
33:33:ff:e8:39:81,0,4,720,0,0,0,0,4,720
04:00:00:8e:ff:ff,0,1,88,0,0,1,88,0,0
04:00:b0:8e:ff:ff,0,2,176,0,0,2,176,0,0
07:b9:2b:73:ca:85,0,2,146,0,0,0,0,2,146
d1:7b:52:56:b5:54,0,2,140,0,0,2,140,0,0
3e:b3:0d:de:ca:85,0,2,152,0,0,0,0,2,152
3e:b3:0d:de:b5:55,0,2,152,0,0,0,0,2,152
50:ed:3c:c1:e7:fc,0,11,4796,0,0,11,4796,0,0
33:33:ff:6f:3c:f3,0,2,360,0,0,0,0,2,360
14:7d:da:cb:df:ec,0,1,436,0,0,1,436,0,0
b2:68:46:51:78:6b,0,2,368,0,0,2,368,0,0
f2:6d:1e:7f:00:3c,0,13,5074,0,0,13,5074,0,0
f0:df:c7:63:66:74,0,6,444,0,0,6,444,0,0
bc:1d:89:72:69:7c,0,24,4184,0,0,24,4184,0,0
d4:8a:39:bd:31:b5,0,19,5286,0,0,19,5286,0,0
f2:d1:20:bf:00:28,0,6,2502,0,0,6,2502,0,0
bc:f7:30:3b:d0:df,0,12,1848,0,0,12,1848,0,0
04:00:a0:7a:ff:ff,0,1,88,0,0,1,88,0,0
d8:c3:db:f4:18:d5,0,4,280,0,0,4,280,0,0
e4:02:9b:16:a0:c6,0,8,2915,0,0,8,2915,0,0
d8:c3:db:f4:b5:52,0,8,560,0,0,8,560,0,0
74:f0:e6:35:04:00,0,1,70,0,0,1,70,0,0
d4:00:00:00:c0:47,0,2,140,0,0,0,0,2,140
d8:dc:40:2f:eb:a3,0,23,6390,0,0,23,6390,0,0
7c:78:7e:22:e9:f0,0,51,11782,0,0,51,11782,0,0
0d:82:0a:ff:18:d5,0,1,70,0,0,1,70,0,0
b8:cc:d0:71:18:d5,0,1,186,0,0,1,186,0,0
00:00:d1:f2:02:b7,0,5,478,0,0,0,0,5,478
18:d5:50:d5:4b:80,0,4,292,0,0,4,292,0,0
b5:54:04:00:10:53,0,2,158,0,0,2,158,0,0
07:75:d8:c3:db:f4,0,21,1470,0,0,0,0,21,1470
04:00:70:a4:ff:ff,0,2,158,0,0,2,158,0,0
04:00:f0:a4:ff:ff,0,4,298,0,0,4,298,0,0
a0:91:d2:d9:b5:52,0,1,70,0,0,1,70,0,0
fc:ba:dc:28:8d:a4,0,1,246,0,0,1,246,0,0
0f:00:ea:34:13:c3,0,1,246,0,0,0,0,1,246
b5:54:04:00:60:a5,0,3,228,0,0,3,228,0,0
b5:54:04:00:b0:a5,0,2,158,0,0,2,158,0,0
b5:54:04:00:e0:a5,0,5,368,0,0,5,368,0,0
b5:54:04:00:20:a6,0,5,404,0,0,5,404,0,0
b5:54:04:00:50:a6,0,3,228,0,0,3,228,0,0
b5:54:04:00:80:a6,0,1,88,0,0,1,88,0,0
b5:54:04:00:90:a6,0,2,158,0,0,2,158,0,0
b5:54:04:00:b0:a6,0,2,158,0,0,2,158,0,0
2a:0c:b5:54:04:00,0,3,210,0,0,3,210,0,0
75:bf:75:fc:ca:83,0,1,70,0,0,1,70,0,0
09:fc:2a:0c:b5:54,0,4,280,0,0,4,280,0,0
85:84:83:40:b5:54,0,7,490,0,0,7,490,0,0
34:11:d4:a8:b5:54,0,1,70,0,0,1,70,0,0
04:00:80:a9:ff:ff,0,1,88,0,0,1,88,0,0
04:00:c0:a9:ff:ff,0,2,158,0,0,2,158,0,0
04:00:e0:a9:ff:ff,0,2,158,0,0,2,158,0,0
04:00:00:aa:ff:ff,0,2,158,0,0,2,158,0,0
04:00:20:aa:ff:ff,0,4,334,0,0,4,334,0,0
04:00:40:aa:ff:ff,0,2,158,0,0,2,158,0,0
04:00:60:aa:ff:ff,0,1,88,0,0,1,88,0,0
04:00:a0:aa:ff:ff,0,2,158,0,0,2,158,0,0
6d:d8:3e:27:b5:53,0,3,210,0,0,3,210,0,0
3e:27:31:04:19:97,0,2,140,0,0,2,140,0,0
c4:00:6c:00:f8:89,0,3,210,0,0,0,0,3,210
3e:27:b5:54:04:00,0,1,70,0,0,1,70,0,0
04:00:a0:ac:ff:ff,0,4,298,0,0,4,298,0,0
a3:78:06:f9:ff:ff,0,2,146,0,0,2,146,0,0
07:75:ca:0e:c8:f1,0,1,70,0,0,0,0,1,70
29:df:1b:f8:b5:54,0,7,490,0,0,7,490,0,0
66:ca:b4:af:b5:54,0,1,70,0,0,1,70,0,0
cb:25:b5:54:d4:cb,0,3,228,0,0,0,0,3,228
cb:25:b5:54:66:ca,0,1,70,0,0,1,70,0,0
b4:af:b5:54:d4:cb,0,1,70,0,0,0,0,1,70
07:75:85:1b:67:a6,0,1,70,0,0,0,0,1,70
2e:36:f6:ff:06:ff,0,2,146,0,0,2,146,0,0
f6:5b:e4:03:b5:54,0,6,420,0,0,6,420,0,0
92:d7:b0:0b:b5:54,0,9,630,0,0,9,630,0,0
cf:44:b4:9f:07:75,0,2,146,0,0,2,146,0,0
b5:54:76:27:83:41,0,1,70,0,0,0,0,1,70
ff:ff:ff:ff:85:09,0,1,84,0,0,1,84,0,0
e8:a5:9d:cd:b5:52,0,1,70,0,0,1,70,0,0
b5:54:04:00:30:af,0,1,88,0,0,1,88,0,0
b5:54:04:00:10:b0,0,4,298,0,0,4,298,0,0
b5:54:2e:36:f6:ff,0,4,304,0,0,4,304,0,0
07:b9:2b:73:ec:6d,0,1,76,0,0,1,76,0,0
2e:36:f6:ff:a5:6e,0,2,146,0,0,2,146,0,0
2e:36:f6:ff:91:4e,0,2,146,0,0,2,146,0,0
04:00:00:eb:ff:ff,0,1,88,0,0,1,88,0,0
05:e3:df:4b:db:c9,0,2,146,0,0,2,146,0,0
02:d4:f1:64:1b:d5,0,1,189,0,0,1,189,0,0
b5:54:04:00:70:53,0,1,88,0,0,1,88,0,0
17:96:58:54:6f:cb,0,2,146,0,0,2,146,0,0
2e:36:f6:ff:76:04,0,2,146,0,0,2,146,0,0
df:c1:36:77:19:97,0,2,527,0,0,2,527,0,0
cb:25:b5:54:9c:e3,0,1,76,0,0,0,0,1,76
cb:25:b5:54:0c:55,0,1,70,0,0,1,70,0,0
1d:24:cb:7e:d7:62,0,2,152,0,0,2,152,0,0
ab:ef:60:22:d7:62,0,2,152,0,0,2,152,0,0
6c:ad:65:8f:eb:a3,0,2,146,0,0,2,146,0,0
ab:ef:60:22:9c:cb,0,1,76,0,0,1,76,0,0
07:75:a0:91:d2:d9,0,1,70,0,0,0,0,1,70
cf:44:b4:9f:ff:ff,0,2,152,0,0,2,152,0,0
8a:f7:db:75:ff:ff,0,2,152,0,0,2,152,0,0
04:00:30:b1:ff:ff,0,1,88,0,0,1,88,0,0
07:b9:2b:73:e4:37,0,4,304,0,0,4,304,0,0
2e:36:f6:ff:62:2a,0,1,76,0,0,1,76,0,0
07:b9:2b:73:4f:42,0,3,222,0,0,3,222,0,0
07:b9:2b:73:c8:1b,0,4,298,0,0,4,298,0,0
00:00:0c:53:e0:6d,0,1,154,0,0,0,0,1,154
b5:54:04:00:90:53,0,1,88,0,0,1,88,0,0
b8:5d:22:e6:b9:07,0,2,146,0,0,2,146,0,0
b5:54:04:00:b0:53,0,1,88,0,0,1,88,0,0
2e:36:f6:ff:06:f4,0,1,76,0,0,1,76,0,0
2a:28:de:59:eb:b1,0,4,298,0,0,4,298,0,0
2e:36:f6:ff:49:ec,0,2,152,0,0,2,152,0,0
db:df:67:18:73:51,0,1,76,0,0,1,76,0,0
db:df:67:18:e9:f0,0,2,146,0,0,2,146,0,0
ff:ff:ff:ff:5f:91,0,1,84,0,0,1,84,0,0
07:b9:2b:73:57:17,0,2,146,0,0,2,146,0,0
3e:bb:8c:76:b5:51,0,2,140,0,0,2,140,0,0
d8:c3:db:f4:ca:85,0,3,210,0,0,3,210,0,0
43:e8:41:f3:ca:84,0,1,70,0,0,1,70,0,0
7f:bd:6d:01:b5:54,0,4,280,0,0,4,280,0,0
04:00:90:b2:ff:ff,0,1,88,0,0,1,88,0,0
0c:b3:7c:4b:ff:ff,0,1,76,0,0,1,76,0,0
b5:54:28:cf:89:8d,0,2,140,0,0,0,0,2,140
5d:be:78:1e:b5:52,0,1,70,0,0,1,70,0,0
dd:85:cb:25:b5:55,0,1,70,0,0,0,0,1,70
07:75:09:82:36:a8,0,1,70,0,0,0,0,1,70
b0:67:b5:bc:f2:f7,0,33,7213,0,0,33,7213,0,0
11:66:4d:f4:d7:94,0,2,146,0,0,2,146,0,0
07:b9:2b:73:d7:94,0,3,222,0,0,3,222,0,0
07:b9:2b:73:18:17,0,4,298,0,0,4,298,0,0
d2:c7:07:75:ff:00,0,2,152,0,0,0,0,2,152
d2:c7:07:75:ea:d1,0,4,280,0,0,4,280,0,0
51:e1:07:75:ff:00,0,2,140,0,0,0,0,2,140
d4:87:07:75:ff:00,0,3,210,0,0,0,0,3,210
50:cb:0a:b8:45:62,0,6,432,0,0,6,432,0,0
66:d5:53:8b:f9:e7,0,2,146,0,0,2,146,0,0
6e:9c:40:3a:93:ed,0,2,146,0,0,2,146,0,0
f8:89:d2:c5:00:d5,0,1,189,0,0,1,189,0,0
b5:54:04:00:f0:53,0,1,88,0,0,1,88,0,0
17:96:58:54:e4:37,0,2,146,0,0,2,146,0,0
66:d5:53:8b:13:a9,0,3,216,0,0,3,216,0,0
17:96:58:54:31:21,0,2,146,0,0,2,146,0,0
04:00:30:b4:ff:ff,0,2,158,0,0,2,158,0,0
ff:00:70:0a:ff:ff,0,4,286,0,0,4,286,0,0
ef:84:7d:8e:b5:53,0,1,70,0,0,1,70,0,0
b5:54:04:00:e0:b4,0,1,88,0,0,1,88,0,0
b5:54:04:00:60:b5,0,2,176,0,0,2,176,0,0
ff:00:70:0a:9f:c5,0,3,216,0,0,3,216,0,0
ff:00:70:0a:b5:84,0,9,642,0,0,9,642,0,0
07:75:74:fb:0f:4e,0,4,280,0,0,0,0,4,280
37:36:27:11:03:93,0,2,152,0,0,2,152,0,0
05:00:a0:a6:ff:ff,0,1,88,0,0,1,88,0,0
4e:28:ef:3b:ff:ff,0,1,76,0,0,1,76,0,0
b5:54:bb:97:a1:3b,0,5,350,0,0,0,0,5,350
cb:25:b5:54:a6:df,0,4,304,0,0,3,228,1,76
cb:25:b5:54:bb:97,0,1,70,0,0,1,70,0,0
a1:3b:b5:54:a6:df,0,4,280,0,0,3,210,1,70
de:20:31:04:19:97,0,6,420,0,0,6,420,0,0
d4:00:26:00:c4:0a,0,6,420,0,0,0,0,6,420
b4:00:30:07:f8:89,0,3,228,0,0,0,0,3,228
c4:00:06:07:c4:0a,0,3,210,0,0,0,0,3,210
ff:ff:ff:ff:10:d4,0,4,306,0,0,4,306,0,0
07:75:9d:56:d8:1e,0,1,70,0,0,0,0,1,70
07:75:3a:53:14:2f,0,2,140,0,0,0,0,2,140
97:d6:74:a3:e6:35,0,1,70,0,0,1,70,0,0
07:b9:2b:73:f0:3b,0,1,76,0,0,1,76,0,0
b5:54:8d:c0:95:34,0,1,70,0,0,0,0,1,70
07:75:ea:d1:51:e1,0,13,910,0,0,0,0,13,910
ff:ff:ff:ff:ba:48,0,1,84,0,0,1,84,0,0
cd:7b:c0:75:b5:53,0,1,70,0,0,1,70,0,0
59:85:e8:80:38:99,0,1,76,0,0,1,76,0,0
07:b9:2b:73:b6:ea,0,2,152,0,0,2,152,0,0
56:91:97:1e:b6:ea,0,5,374,0,0,5,374,0,0
07:75:8e:f5:45:ca,0,5,350,0,0,0,0,5,350
97:a8:68:07:b5:52,0,1,70,0,0,1,70,0,0
2a:28:de:59:ad:b7,0,1,76,0,0,1,76,0,0
07:b9:2b:73:cd:8e,0,2,152,0,0,2,152,0,0
0c:55:ae:87:b5:54,0,1,70,0,0,1,70,0,0
ea:d1:51:e1:b5:50,0,1,70,0,0,1,70,0,0
2a:28:de:59:00:28,0,9,672,0,0,9,672,0,0
07:75:3b:ee:a0:19,0,1,70,0,0,0,0,1,70
07:75:22:b3:8d:d4,0,1,70,0,0,0,0,1,70
07:b9:2b:73:9f:c5,0,4,298,0,0,4,298,0,0
76:9b:60:5d:9f:c5,0,4,304,0,0,4,304,0,0
b5:6c:a8:89:9f:c5,0,2,146,0,0,2,146,0,0
07:75:10:df:1b:65,0,6,420,0,0,0,0,6,420
04:00:90:b7:ff:ff,0,1,88,0,0,1,88,0,0
2e:36:f6:ff:ff:ff,0,7,520,0,0,7,520,0,0
52:81:a7:30:18:d5,0,1,70,0,0,1,70,0,0
42:ba:d1:bb:b5:54,0,2,146,0,0,0,0,2,146
52:81:a7:30:6d:25,0,4,280,0,0,4,280,0,0
04:00:50:eb:ff:ff,0,1,88,0,0,0,0,1,88
51:e1:b5:54:07:b9,0,1,70,0,0,0,0,1,70
d4:87:b5:54:07:b9,0,1,70,0,0,0,0,1,70
d2:c7:07:75:43:bc,0,1,70,0,0,1,70,0,0
a9:34:b5:54:07:b9,0,1,70,0,0,0,0,1,70
a5:ee:0a:d5:ca:83,0,1,70,0,0,1,70,0,0
d2:c7:07:75:a5:ee,0,2,140,0,0,2,140,0,0
0a:d5:cb:25:b5:55,0,2,140,0,0,0,0,2,140
01:00:5e:00:00:16,0,7,1078,0,0,0,0,7,1078
07:b9:2b:73:7b:19,0,2,152,0,0,2,152,0,0
07:75:f6:d9:50:43,0,1,70,0,0,0,0,1,70
b9:f7:31:04:19:97,0,1,160,0,0,1,160,0,0
f8:89:d2:4b:73:08,0,1,160,0,0,0,0,1,160
d0:49:7c:9e:c1:ab,0,258,39404,0,0,258,39404,0,0
04:00:00:da:ff:ff,0,2,158,0,0,2,158,0,0
07:b9:2b:73:b9:9b,0,1,76,0,0,1,76,0,0
17:3c:d0:52:b9:07,0,1,76,0,0,1,76,0,0
17:3c:d0:52:13:a9,0,1,76,0,0,1,76,0,0
07:b9:2b:73:65:b4,0,2,152,0,0,2,152,0,0
56:91:97:1e:65:b4,0,3,222,0,0,3,222,0,0
07:75:fd:37:72:2f,0,1,70,0,0,0,0,1,70
14:1a:97:a5:6f:79,0,5,1184,0,0,5,1184,0,0
37:36:27:11:8c:55,0,1,76,0,0,1,76,0,0
a0:4e:d2:c5:8c:55,0,2,146,0,0,2,146,0,0
07:75:70:ea:59:93,0,1,70,0,0,0,0,1,70
07:75:08:92:a4:dd,0,1,70,0,0,0,0,1,70
50:cb:0a:b8:bc:66,0,3,216,0,0,3,216,0,0
04:00:00:b9:ff:ff,0,2,176,0,0,2,176,0,0
3b:ee:a0:19:b5:51,0,1,70,0,0,1,70,0,0
07:75:68:8d:12:48,0,1,70,0,0,0,0,1,70
ea:d1:51:e1:b5:54,0,3,210,0,0,3,210,0,0
fd:37:72:2f:b5:54,0,1,70,0,0,1,70,0,0
c4:35:d9:8f:ee:1e,0,1,154,0,0,1,154,0,0
4f:91:46:f0:ee:1e,0,2,146,0,0,2,146,0,0
ea:d1:51:e1:00:00,0,1,70,0,0,1,70,0,0
ca:6f:b4:b1:3b:a1,0,11,3122,0,0,11,3122,0,0
33:33:ff:b1:3b:a1,0,2,360,0,0,0,0,2,360
04:00:70:97:ff:ff,0,2,176,0,0,2,176,0,0
03:a7:03:d5:ff:ff,0,6,450,0,0,6,450,0,0
b5:54:66:ca:b4:af,0,1,70,0,0,0,0,1,70
ff:ff:ff:ff:ed:af,0,2,154,0,0,2,154,0,0
07:75:ef:d0:95:49,0,1,70,0,0,0,0,1,70
a4:cf:99:54:cd:a9,0,126,97050,0,0,126,97050,0,0
2e:36:f6:ff:b9:07,0,1,76,0,0,1,76,0,0
07:b9:2b:73:5f:57,0,1,76,0,0,1,76,0,0
2a:28:de:59:5a:02,0,5,374,0,0,5,374,0,0
2a:28:de:59:49:ec,0,2,146,0,0,2,146,0,0
7f:1e:4a:92:9e:f5,0,2,146,0,0,2,146,0,0
ff:ff:ff:ff:82:2f,0,3,230,0,0,3,230,0,0
c9:1e:29:39:8b:34,0,4,286,0,0,4,286,0,0
2a:28:de:59:bf:64,0,3,222,0,0,3,222,0,0
07:b9:2b:73:28:ea,0,3,228,0,0,3,228,0,0
35:b9:5a:e6:18:17,0,1,76,0,0,1,76,0,0
b4:7e:e4:9d:06:d8,0,1,76,0,0,1,76,0,0
ff:ff:ff:ff:ec:a6,0,1,84,0,0,1,84,0,0
6d:d8:3e:27:00:00,0,1,70,0,0,1,70,0,0
33:33:ff:14:fe:b6,0,22,3960,0,0,0,0,22,3960
2a:28:de:59:be:06,0,2,146,0,0,2,146,0,0
ff:00:70:0a:e4:d6,0,4,286,0,0,4,286,0,0
82:f0:90:0c:19:97,0,1,168,0,0,1,168,0,0
07:b9:2b:73:c4:f4,0,2,146,0,0,2,146,0,0
f3:42:f6:80:00:3c,0,2,146,0,0,2,146,0,0
b5:54:7d:e3:55:4e,0,1,70,0,0,0,0,1,70
cb:25:b5:54:ba:f8,0,6,456,0,0,5,380,1,76
b4:00:22:01:f8:89,0,5,380,0,0,0,0,5,380
4d:af:e7:14:b5:54,0,1,70,0,0,1,70,0,0
2e:36:f6:ff:00:28,0,1,76,0,0,1,76,0,0
ff:ff:ff:ff:46:3a,0,2,160,0,0,2,160,0,0
22:b3:8d:d4:00:00,0,1,70,0,0,1,70,0,0
a8:8f:ed:b4:3e:a7,0,1,70,0,0,1,70,0,0
ea:d1:51:e1:b5:51,0,1,70,0,0,1,70,0,0
ac:c0:48:10:97:fd,0,42,8218,0,0,42,8218,0,0
33:33:ff:df:3f:2d,0,1,180,0,0,0,0,1,180
27:78:14:c7:9f:ff,0,2,146,0,0,2,146,0,0
04:00:80:bc:ff:ff,0,1,88,0,0,1,88,0,0
d2:91:85:20:e7:de,0,5,362,0,0,5,362,0,0
d2:c7:07:75:b2:22,0,1,70,0,0,1,70,0,0
dd:78:0c:07:ac:28,0,1,70,0,0,0,0,1,70
d2:91:85:20:7c:da,0,2,146,0,0,2,146,0,0
2c:a7:ef:0b:cb:03,0,9,1478,0,0,9,1478,0,0
cb:25:b5:54:20:30,0,1,76,0,0,0,0,1,76
ff:ff:ff:ff:2f:50,0,6,434,0,0,6,434,0,0
07:75:b2:22:dd:78,0,2,140,0,0,0,0,2,140
33:1b:16:04:19:97,0,1,168,0,0,1,168,0,0
ee:b6:c7:34:37:ee,0,1,168,0,0,0,0,1,168
04:00:60:da:ff:ff,0,2,158,0,0,2,158,0,0
2c:a7:ef:02:0e:23,0,5,882,0,0,5,882,0,0
b5:54:32:88:e6:bd,0,2,140,0,0,0,0,2,140
cb:25:b5:54:f3:42,0,1,76,0,0,1,76,0,0
b4:00:14:03:f8:89,0,1,76,0,0,0,0,1,76
e6:bd:b5:54:f3:42,0,1,70,0,0,1,70,0,0
c4:00:ea:02:c4:0a,0,1,70,0,0,0,0,1,70
cb:25:b5:54:cb:1a,0,1,76,0,0,1,76,0,0
b4:00:f5:02:f8:89,0,1,76,0,0,0,0,1,76
3a:88:b5:54:cb:1a,0,1,70,0,0,1,70,0,0
c4:00:cb:02:c4:0a,0,1,70,0,0,0,0,1,70
e7:14:b5:54:ba:f8,0,1,70,0,0,1,70,0,0
c4:00:f8:00:c4:0a,0,1,70,0,0,0,0,1,70
04:00:70:da:ff:ff,0,1,88,0,0,1,88,0,0
d2:91:85:20:ff:ff,0,2,146,0,0,2,146,0,0
c0:95:6d:36:54:45,0,9,6776,0,0,9,6776,0,0
d2:91:85:20:9e:a1,0,3,216,0,0,3,216,0,0
07:b9:2b:73:9e:a1,0,2,152,0,0,2,152,0,0
56:91:97:1e:9e:a1,0,3,228,0,0,3,228,0,0
b5:54:50:9d:80:a0,0,8,560,0,0,0,0,8,560
3e:ef:64:b1:b5:52,0,1,70,0,0,1,70,0,0
d8:bd:c7:50:b5:52,0,2,140,0,0,2,140,0,0
ff:ff:ff:ff:5e:5d,0,1,84,0,0,1,84,0,0
d2:91:85:20:8a:e4,0,4,286,0,0,4,286,0,0
07:b9:2b:73:d2:41,0,6,456,0,0,6,456,0,0
04:00:b0:da:ff:ff,0,1,88,0,0,1,88,0,0
04:00:c0:da:ff:ff,0,1,88,0,0,1,88,0,0
04:00:d0:da:ff:ff,0,1,88,0,0,1,88,0,0
04:00:f0:da:ff:ff,0,1,88,0,0,1,88,0,0
04:00:20:db:ff:ff,0,1,88,0,0,1,88,0,0
04:00:40:db:ff:ff,0,1,88,0,0,1,88,0,0
04:00:80:db:ff:ff,0,1,88,0,0,1,88,0,0
04:00:f0:db:ff:ff,0,1,88,0,0,1,88,0,0
04:00:00:dc:ff:ff,0,1,88,0,0,1,88,0,0
04:00:20:dc:ff:ff,0,1,88,0,0,1,88,0,0
04:00:30:dc:ff:ff,0,1,88,0,0,1,88,0,0
04:00:50:dc:ff:ff,0,1,88,0,0,1,88,0,0
04:00:60:dc:ff:ff,0,1,88,0,0,1,88,0,0
04:00:70:dc:ff:ff,0,1,88,0,0,1,88,0,0
04:00:a0:dc:ff:ff,0,1,88,0,0,1,88,0,0
07:b9:2b:73:53:20,0,1,76,0,0,1,76,0,0
ff:ff:ff:ff:8e:5e,0,1,84,0,0,1,84,0,0
04:00:e0:dc:ff:ff,0,1,88,0,0,1,88,0,0
a8:fe:9d:b9:51:52,0,2,408,0,0,2,408,0,0
04:00:00:dd:ff:ff,0,1,88,0,0,1,88,0,0
07:b9:2b:73:bc:0a,0,8,602,0,0,8,602,0,0
07:b9:2b:73:46:eb,0,2,146,0,0,2,146,0,0
ff:ff:ff:ff:66:df,0,3,224,0,0,3,224,0,0
07:b9:2b:73:2c:55,0,2,146,0,0,2,146,0,0
04:00:80:dd:ff:ff,0,1,88,0,0,1,88,0,0
04:00:b0:dd:ff:ff,0,1,88,0,0,1,88,0,0
20:e4:6f:9f:e1:b3,0,5,936,0,0,5,936,0,0
33:33:ff:6d:90:f2,0,1,180,0,0,0,0,1,180
04:00:30:de:ff:ff,0,1,88,0,0,1,88,0,0
04:00:80:de:ff:ff,0,1,88,0,0,1,88,0,0
04:00:90:de:ff:ff,0,1,88,0,0,1,88,0,0
04:00:a0:de:ff:ff,0,2,176,0,0,2,176,0,0
04:00:b0:de:ff:ff,0,1,88,0,0,1,88,0,0
10:df:1b:65:b5:52,0,2,140,0,0,2,140,0,0
b2:22:dd:78:b5:52,0,1,70,0,0,1,70,0,0
04:00:30:df:ff:ff,0,1,88,0,0,1,88,0,0
04:00:50:df:ff:ff,0,1,88,0,0,1,88,0,0
04:00:60:df:ff:ff,0,1,88,0,0,1,88,0,0
04:00:00:e0:ff:ff,0,1,88,0,0,1,88,0,0
04:00:a0:e0:ff:ff,0,1,88,0,0,1,88,0,0
04:00:c0:e0:ff:ff,0,1,88,0,0,1,88,0,0
04:00:d0:e0:ff:ff,0,1,88,0,0,1,88,0,0
04:00:20:e1:ff:ff,0,1,88,0,0,1,88,0,0
04:00:30:e1:ff:ff,0,1,88,0,0,1,88,0,0
07:b9:2b:73:41:fb,0,2,152,0,0,2,152,0,0
04:00:40:e2:ff:ff,0,1,88,0,0,1,88,0,0
04:00:80:e2:ff:ff,0,1,88,0,0,1,88,0,0
2e:8c:f2:9a:ca:85,0,1,70,0,0,1,70,0,0
e0:3e:44:08:aa:17,0,1,70,0,0,0,0,1,70
04:00:b0:e2:ff:ff,0,1,88,0,0,1,88,0,0
04:00:50:e3:ff:ff,0,1,88,0,0,1,88,0,0
04:00:10:e4:ff:ff,0,1,88,0,0,1,88,0,0
04:00:50:e4:ff:ff,0,1,88,0,0,1,88,0,0
04:00:70:e4:ff:ff,0,1,88,0,0,1,88,0,0
34:2e:b7:17:a8:86,0,18,7553,0,0,18,7553,0,0
40:6b:28:2d:00:28,0,1,76,0,0,1,76,0,0
04:00:00:80:ff:ff,0,2,176,0,0,2,176,0,0
37:d3:9c:a3:b5:52,0,1,70,0,0,1,70,0,0
52:83:ab:d1:05:f1,0,40,5420,0,0,1,215,39,5205
37:d3:9c:a3:b5:50,0,2,140,0,0,2,140,0,0
cc:ab:f9:9f:b5:51,0,1,70,0,0,1,70,0,0
1d:94:08:67:ca:85,0,1,70,0,0,1,70,0,0
3e:61:b0:aa:d0:35,0,25,6287,0,0,25,6287,0,0
04:00:50:8a:ff:ff,0,2,158,0,0,2,158,0,0
04:00:10:ec:ff:ff,0,1,88,0,0,1,88,0,0
f2:42:77:4f:74:a2,0,31,6396,0,0,31,6396,0,0
97:d6:74:a3:b5:54,0,3,210,0,0,3,210,0,0
46:e9:85:5b:b5:54,0,1,70,0,0,1,70,0,0
ae:2a:dc:da:b5:54,0,1,70,0,0,1,70,0,0
33:33:ff:9e:ba:8d,0,1,172,0,0,0,0,1,172
04:00:30:bf:ff:ff,0,3,246,0,0,3,246,0,0
04:00:50:bf:ff:ff,0,3,228,0,0,3,228,0,0
04:00:b0:bf:ff:ff,0,4,316,0,0,4,316,0,0
46:e2:83:26:78:7f,0,25,7852,0,0,25,7852,0,0
66:42:4b:d2:d2:a2,0,73,23316,0,0,73,23316,0,0
a6:e3:e8:21:5d:90,0,2,146,0,0,2,146,0,0
0e:fc:d2:47:48:68,0,21,5232,0,0,21,5232,0,0
33:33:ff:d7:05:05,0,1,180,0,0,0,0,1,180
7e:e6:74:ec:77:ef,0,11,3650,0,0,11,3650,0,0
a8:4a:28:81:8c:17,0,68,24385,0,0,68,24385,0,0
04:00:20:c0:ff:ff,0,1,88,0,0,1,88,0,0
d4:8a:39:a9:c9:4b,0,78,14538,0,0,78,14538,0,0
a0:65:e5:87:7b:19,0,2,146,0,0,2,146,0,0
ff:ff:ff:ff:ff:0f,0,3,264,0,0,2,176,1,88
30:bb:7d:ea:39:3b,0,47,7790,0,0,47,7790,0,0
a8:93:4a:b2:04:27,0,40,9732,0,0,40,9732,0,0
ce:c1:72:e1:c2:32,0,2,146,0,0,2,146,0,0
bb:ea:49:9e:cd:8e,0,2,146,0,0,2,146,0,0
04:00:90:ec:ff:ff,0,1,88,0,0,1,88,0,0
87:4e:ae:68:f7:bd,0,3,216,0,0,3,216,0,0
04:30:20:c3:00:00,0,1,88,0,0,1,88,0,0
07:b9:2b:73:3b:a1,0,1,76,0,0,1,76,0,0
b1:50:f7:5b:00:3c,0,1,76,0,0,1,76,0,0
aa:df:5b:42:a2:9b,0,2,146,0,0,2,146,0,0
b1:50:f7:5b:6c:15,0,2,146,0,0,2,146,0,0
aa:df:5b:42:6c:15,0,2,146,0,0,2,146,0,0
80:39:8c:bc:e0:38,0,3,738,0,0,3,738,0,0
6c:d1:99:52:01:25,0,27,5924,0,0,27,5924,0,0
19:ba:31:45:ad:b7,0,2,146,0,0,2,146,0,0
ca:df:5a:47:f4:a8,0,2,146,0,0,2,146,0,0
bd:6c:44:38:ff:ff,0,1,76,0,0,1,76,0,0
33:33:ff:d3:a3:3d,0,1,180,0,0,0,0,1,180
39:57:2e:d2:d1:50,0,1,76,0,0,0,0,1,76
39:57:2e:d2:4d:8e,0,1,70,0,0,1,70,0,0
5c:b0:2e:d2:d1:50,0,1,70,0,0,0,0,1,70
ed:d8:60:68:e2:43,0,1,312,0,0,1,312,0,0
a0:62:72:10:14:c2,0,1,312,0,0,0,0,1,312
d8:42:56:fb:19:97,0,2,146,0,0,2,146,0,0
ab:d1:05:f1:37:d3,0,1,70,0,0,1,70,0,0
9c:a3:cb:25:b5:55,0,1,70,0,0,0,0,1,70
d2:c7:07:75:5a:9f,0,2,140,0,0,2,140,0,0
98:5d:cb:25:b5:55,0,1,70,0,0,0,0,1,70
a0:65:e5:87:68:59,0,5,374,0,0,5,374,0,0
ea:aa:6d:9b:bf:98,0,1,154,0,0,1,154,0,0
88:41:30:00:fc:20,0,1,154,0,0,0,0,1,154
d3:a4:02:1f:2e:d2,0,1,70,0,0,1,70,0,0
cb:25:b5:55:e5:d6,0,1,76,0,0,0,0,1,76
cb:25:b5:55:9a:65,0,1,70,0,0,1,70,0,0
a9:f0:b5:55:e5:d6,0,1,70,0,0,0,0,1,70
2e:d2:d3:a4:02:1f,0,1,70,0,0,0,0,1,70
bc:6e:ff:3b:5a:02,0,1,70,0,0,1,70,0,0
97:d6:74:a3:ca:84,0,2,140,0,0,2,140,0,0
04:00:90:98:ff:ff,0,1,88,0,0,1,88,0,0
60:d0:39:6a:ab:34,0,28,7846,0,0,28,7846,0,0
e5:d6:8a:6d:dc:e2,0,2,146,0,0,2,146,0,0
bd:6c:44:38:8d:a9,0,2,146,0,0,2,146,0,0
04:00:10:99:ff:ff,0,1,88,0,0,1,88,0,0
94:17:00:e0:74:47,0,82,17737,0,0,82,17737,0,0
04:00:20:99:ff:ff,0,1,88,0,0,1,88,0,0
d6:2d:df:9e:46:3a,0,2,224,0,0,2,224,0,0
04:00:50:c1:ff:ff,0,1,88,0,0,1,88,0,0
04:00:70:c1:ff:ff,0,1,88,0,0,1,88,0,0
04:00:90:c1:ff:ff,0,2,158,0,0,2,158,0,0
04:00:c0:c1:ff:ff,0,1,88,0,0,1,88,0,0
04:00:90:c3:ff:ff,0,1,88,0,0,1,88,0,0
ae:2a:dc:da:ca:84,0,1,70,0,0,1,70,0,0
7e:53:fa:c2:71:be,0,3,528,0,0,3,528,0,0
33:33:ff:c2:71:be,0,1,180,0,0,0,0,1,180
07:b9:2b:73:01:25,0,2,146,0,0,2,146,0,0
07:b9:2b:73:00:3c,0,21,1572,0,0,21,1572,0,0
07:b9:2b:73:3e:41,0,2,146,0,0,2,146,0,0
ba:bc:23:d3:c8:07,0,3,378,0,0,3,378,0,0
4c:c7:bf:e4:c8:07,0,5,356,0,0,5,356,0,0
07:b9:2b:73:d0:35,0,9,672,0,0,9,672,0,0
b5:54:14:32:e5:5c,0,2,140,0,0,0,0,2,140
ff:ff:ff:7f:87:e9,0,1,84,0,0,1,84,0,0
d2:c7:07:75:05:20,0,5,420,0,0,0,0,5,420
04:00:90:e5:ff:ff,0,2,176,0,0,2,176,0,0
04:00:a0:e5:ff:ff,0,2,176,0,0,2,176,0,0
04:00:c0:e5:ff:ff,0,1,88,0,0,1,88,0,0
35:b9:5a:e6:00:28,0,3,222,0,0,3,222,0,0
82:60:bd:ae:b5:54,0,1,76,0,0,0,0,1,76
cb:25:b5:54:82:60,0,1,76,0,0,1,76,0,0
b4:00:b4:01:f8:89,0,1,76,0,0,0,0,1,76
e5:5c:b5:54:82:60,0,1,70,0,0,1,70,0,0
c4:00:8a:01:c4:0a,0,1,70,0,0,0,0,1,70
07:b9:2b:73:60:4a,0,3,228,0,0,3,228,0,0
07:b9:2b:73:c0:1b,0,2,146,0,0,2,146,0,0
68:8d:7c:cf:19:97,0,1,76,0,0,1,76,0,0
04:00:e0:e6:ff:ff,0,1,88,0,0,1,88,0,0
9a:b5:10:ef:b1:2c,0,37,8540,0,0,37,8540,0,0
bc:f6:a5:55:18:d5,0,1,70,0,0,1,70,0,0
04:00:40:e7:ff:ff,0,1,88,0,0,0,0,1,88
04:00:50:e7:ff:ff,0,1,88,0,0,0,0,1,88
04:00:90:e7:ff:ff,0,1,88,0,0,1,88,0,0
04:00:a0:e7:ff:ff,0,1,88,0,0,1,88,0,0
04:00:30:e8:ff:ff,0,1,88,0,0,1,88,0,0
04:00:50:e8:ff:ff,0,1,88,0,0,1,88,0,0
04:00:00:e9:ff:ff,0,1,88,0,0,1,88,0,0
30:c9:ab:9f:76:99,0,16,3796,0,0,16,3796,0,0
04:00:10:e9:ff:ff,0,1,88,0,0,1,88,0,0
04:00:30:e9:ff:ff,0,1,88,0,0,1,88,0,0
d2:6d:4c:ae:c7:2f,0,17,4302,0,0,17,4302,0,0
33:33:ff:ef:b1:2c,0,2,360,0,0,0,0,2,360
04:00:80:e9:ff:ff,0,2,158,0,0,2,158,0,0
04:00:90:e9:ff:ff,0,2,158,0,0,2,158,0,0
04:00:30:c8:03:00,0,1,88,0,0,1,88,0,0
46:a4:f9:1d:b1:2c,0,1,76,0,0,1,76,0,0
04:00:e0:e9:ff:ff,0,1,88,0,0,1,88,0,0
56:70:bc:af:4c:3c,0,61,15562,0,0,61,15562,0,0
04:00:50:ea:ff:ff,0,1,88,0,0,0,0,1,88
04:00:a0:ea:ff:ff,0,1,88,0,0,1,88,0,0
04:00:c0:ea:ff:ff,0,2,158,0,0,2,158,0,0
04:00:30:c8:1b:00,0,2,158,0,0,2,158,0,0
04:00:f0:ea:ff:ff,0,1,88,0,0,1,88,0,0
04:00:60:eb:ff:ff,0,1,88,0,0,1,88,0,0
04:00:70:eb:ff:ff,0,3,246,0,0,3,246,0,0
04:00:d0:eb:ff:ff,0,1,88,0,0,1,88,0,0
b4:00:b0:00:c4:0a,0,1,76,0,0,0,0,1,76
b3:1b:6d:25:81:4d,0,1,70,0,0,1,70,0,0
c4:00:74:00:7e:8f,0,1,70,0,0,0,0,1,70
04:00:40:ec:ff:ff,0,1,88,0,0,1,88,0,0
76:9f:14:03:d1:cb,0,1,307,0,0,1,307,0,0
04:00:a0:ec:ff:ff,0,1,88,0,0,1,88,0,0
5e:93:25:fc:6d:b8,0,1,76,0,0,1,76,0,0
17:96:58:54:8c:17,0,2,146,0,0,2,146,0,0
69:df:6d:2d:01:25,0,2,146,0,0,2,146,0,0
0c:c6:70:4d:18:d5,0,1,70,0,0,1,70,0,0
e6:61:e1:15:98:81,0,2,146,0,0,2,146,0,0
b0:67:b5:74:6d:ce,0,11,2890,0,0,11,2890,0,0
f3:57:4b:1d:f7:bd,0,2,146,0,0,2,146,0,0
b8:5d:22:e6:8d:f9,0,2,146,0,0,2,146,0,0
8a:9a:f3:5b:a7:94,0,18,3510,0,0,18,3510,0,0
04:00:30:c8:7f:00,0,1,88,0,0,1,88,0,0
33:33:ff:39:0c:dd,0,1,172,0,0,0,0,1,172
97:d6:74:a3:b5:51,0,6,420,0,0,6,420,0,0
fc:1d:2a:37:bd:e8,0,17,3935,0,0,17,3935,0,0
30:bb:7d:21:61:3d,0,8,1709,0,0,8,1709,0,0
b6:6d:61:03:2c:0d,0,58,19798,0,0,58,19798,0,0
8e:43:7b:d5:e2:d7,0,2,146,0,0,2,146,0,0
04:00:30:c8:ff:ff,0,6,492,0,0,6,492,0,0
c2:5a:1a:c4:2c:33,0,42,9014,0,0,42,9014,0,0
17:96:58:54:e2:d7,0,4,292,0,0,4,292,0,0
37:d3:9c:a3:05:f1,0,1,70,0,0,1,70,0,0
6a:de:00:ac:fb:58,0,12,5295,0,0,12,5295,0,0
8a:4c:3b:9e:ad:04,0,13,2818,0,0,13,2818,0,0
07:b9:2b:73:b1:2c,0,7,514,0,0,7,514,0,0
d2:c7:07:75:6d:d8,0,7,490,0,0,7,490,0,0
3e:27:cb:25:b5:55,0,4,280,0,0,0,0,4,280
33:33:ff:3e:ad:e3,0,3,540,0,0,0,0,3,540
fc:d4:36:0e:6f:99,0,5,1080,0,0,5,1080,0,0
e8:7f:95:63:21:42,0,28,7065,0,0,28,7065,0,0
07:b9:2b:73:06:d8,0,4,298,0,0,4,298,0,0
07:b9:2b:73:b0:b8,0,1,76,0,0,1,76,0,0
07:b9:2b:73:82:02,0,2,146,0,0,2,146,0,0
d8:c3:db:f4:ca:81,0,1,70,0,0,1,70,0,0
d8:c3:db:f4:ca:83,0,3,210,0,0,3,210,0,0
d8:c3:db:f4:ca:80,0,4,280,0,0,4,280,0,0
66:74:19:44:82:40,0,4,944,0,0,4,944,0,0
d8:c3:db:f4:ca:84,0,2,140,0,0,2,140,0,0
10:68:38:95:5d:5d,0,11,3421,0,0,11,3421,0,0
d2:71:18:d5:9e:39,0,1,76,0,0,0,0,1,76
d2:71:18:d5:8e:ce,0,1,70,0,0,1,70,0,0
db:23:18:d5:9e:39,0,1,70,0,0,0,0,1,70
b5:54:04:00:10:58,0,7,580,0,0,7,580,0,0
db:f4:31:04:19:97,0,3,210,0,0,3,210,0,0
c4:00:64:00:f8:89,0,5,350,0,0,0,0,5,350
f4:1a:9c:fa:cf:ac,0,43,9618,0,0,43,9618,0,0
bc:e7:cf:df:ca:80,0,1,70,0,0,1,70,0,0
68:3f:79:5b:6f:62,0,1,88,0,0,1,88,0,0
c4:0a:0b:19:f4:c3,0,1,88,0,0,1,88,0,0
04:00:00:c9:ff:ff,0,1,88,0,0,1,88,0,0
04:00:50:ca:ff:ff,0,2,158,0,0,2,158,0,0
ec:28:d3:a3:af:e2,0,64,18863,0,0,64,18863,0,0
33:33:ff:63:26:72,0,3,540,0,0,0,0,3,540
37:d3:9c:a3:ca:83,0,1,70,0,0,1,70,0,0
e8:88:43:01:14:a1,0,166,26372,0,0,166,26372,0,0
4e:f8:d6:99:ff:7c,0,4,646,0,0,4,646,0,0
2a:28:de:59:e1:20,0,1,76,0,0,1,76,0,0
05:00:40:af:ff:ff,0,1,88,0,0,1,88,0,0
12:3f:71:54:9d:35,0,10,2477,0,0,10,2477,0,0
07:75:97:d6:74:a3,0,11,770,0,0,0,0,11,770
d2:71:18:d5:69:df,0,2,152,0,0,0,0,2,152
d2:71:18:d5:0c:c6,0,2,140,0,0,2,140,0,0
70:4d:18:d5:69:df,0,2,140,0,0,0,0,2,140
8b:5d:18:d5:69:df,0,1,70,0,0,0,0,1,70
95:cc:d7:cc:06:d8,0,2,146,0,0,2,146,0,0
18:d5:0c:c6:70:4d,0,3,210,0,0,0,0,3,210
17:96:58:54:93:ed,0,2,146,0,0,2,146,0,0
33:33:ff:0d:c4:50,0,1,180,0,0,0,0,1,180
3c:f0:11:71:36:df,0,11,2488,0,0,11,2488,0,0
d5:12:9c:65:59:b9,0,3,222,0,0,3,222,0,0
04:00:e0:ed:ff:ff,0,2,176,0,0,2,176,0,0
04:00:f0:ed:ff:ff,0,1,88,0,0,1,88,0,0
a6:bf:aa:bc:ff:ff,0,1,76,0,0,1,76,0,0
04:00:10:ee:ff:ff,0,1,88,0,0,0,0,1,88
04:00:70:ee:ff:ff,0,1,88,0,0,1,88,0,0
04:00:10:ef:ff:ff,0,1,88,0,0,1,88,0,0
04:00:20:ef:ff:ff,0,1,88,0,0,1,88,0,0
04:00:30:ef:ff:ff,0,2,176,0,0,2,176,0,0
04:00:80:ef:ff:ff,0,1,88,0,0,1,88,0,0
04:00:90:ef:ff:ff,0,1,88,0,0,1,88,0,0
04:00:d0:ef:ff:ff,0,1,88,0,0,1,88,0,0
04:00:e0:ef:ff:ff,0,2,176,0,0,2,176,0,0
46:a4:f9:1d:5d:5d,0,2,146,0,0,2,146,0,0
04:00:30:f0:ff:ff,0,4,316,0,0,4,316,0,0
46:a4:f9:1d:32:35,0,2,146,0,0,2,146,0,0
04:00:50:f0:ff:ff,0,1,88,0,0,1,88,0,0
90:a2:5b:04:60:37,0,9,2661,0,0,9,2661,0,0
6d:d8:3e:27:07:75,0,3,210,0,0,3,210,0,0
f6:f3:a4:20:ca:85,0,4,280,0,0,4,280,0,0
0b:a1:c7:80:ef:72,0,1,166,0,0,1,166,0,0
88:49:49:00:c4:0a,0,1,166,0,0,0,0,1,166
1e:d4:f8:49:23:c1,0,1,166,0,0,1,166,0,0
46:36:e3:fd:f1:0b,0,1,166,0,0,0,0,1,166
15:ef:86:5e:0f:37,0,1,166,0,0,0,0,1,166
b5:54:04:00:b0:cb,0,1,88,0,0,1,88,0,0
bf:cb:b9:c7:07:75,0,1,166,0,0,1,166,0,0
b5:54:04:00:e0:cb,0,2,158,0,0,2,158,0,0
b5:54:04:00:00:cc,0,1,88,0,0,1,88,0,0
6d:d8:3e:27:ca:83,0,1,70,0,0,1,70,0,0
3a:66:ed:8f:5e:4f,0,1,76,0,0,1,76,0,0
04:00:c0:f0:ff:ff,0,3,246,0,0,3,246,0,0
00:b8:3a:40:44:5f,0,1,166,0,0,0,0,1,166
b5:54:04:00:90:cc,0,1,88,0,0,1,88,0,0
ff:ff:ff:ff:7f:f0,0,1,88,0,0,0,0,1,88
fc:59:fc:fe:ca:85,0,1,70,0,0,1,70,0,0
f8:89:d2:c7:d7:7a,0,3,498,0,0,3,498,0,0
b5:54:04:00:10:cd,0,1,88,0,0,1,88,0,0
ff:ff:ff:7f:f0:ff,0,1,88,0,0,0,0,1,88
04:00:f0:f0:ff:ff,0,1,88,0,0,1,88,0,0
04:00:20:f1:ff:ff,0,2,176,0,0,2,176,0,0
04:00:30:f1:ff:ff,0,1,88,0,0,1,88,0,0
5c:17:cf:d8:0b:91,0,2,308,0,0,2,308,0,0
54:8c:32:d9:f3:df,0,1,70,0,0,1,70,0,0
7a:dc:cb:25:b5:55,0,1,70,0,0,0,0,1,70
dc:d2:8d:29:b5:50,0,1,70,0,0,1,70,0,0
f8:89:d2:07:07:75,0,1,1392,0,0,1,1392,0,0
00:30:6e:d9:99:9a,0,1,1392,0,0,0,0,1,1392
b5:54:04:00:50:cd,0,1,88,0,0,1,88,0,0
ff:ff:ff:07:ff:ff,0,1,88,0,0,0,0,1,88
37:d3:9c:a3:ca:80,0,1,70,0,0,1,70,0,0
17:96:58:54:39:91,0,2,146,0,0,2,146,0,0
ea:94:d3:ac:18:d5,0,1,70,0,0,1,70,0,0
ff:ff:ff:ff:ff:17,0,3,234,0,0,0,0,3,234
18:d5:1a:72:5b:f4,0,4,292,0,0,4,292,0,0
d2:c7:07:75:23:dd,0,2,140,0,0,2,140,0,0
03:05:cb:25:b5:55,0,1,70,0,0,0,0,1,70
e6:b6:d3:ed:b5:53,0,1,70,0,0,1,70,0,0
b5:54:e6:b6:d3:ed,0,2,140,0,0,0,0,2,140
81:0a:31:7b:40:95,0,1,70,0,0,1,70,0,0
71:ec:d4:87:40:95,0,1,70,0,0,1,70,0,0
e6:b6:d3:ed:b5:54,0,1,70,0,0,1,70,0,0
cb:25:b5:54:83:72,0,2,152,0,0,0,0,2,152
cb:25:b5:54:a9:a3,0,1,70,0,0,1,70,0,0
7c:ba:b5:54:83:72,0,1,70,0,0,0,0,1,70
ff:ff:3f:f8:ff:ff,0,3,234,0,0,3,234,0,0
07:b9:2b:73:91:23,0,3,222,0,0,3,222,0,0
2c:a7:ef:8a:41:b1,0,1,273,0,0,1,273,0,0
31:a7:72:40:47:41,0,2,146,0,0,2,146,0,0
ee:c9:db:f1:67:88,0,5,362,0,0,5,362,0,0
17:96:58:54:63:69,0,2,146,0,0,2,146,0,0
8e:43:7b:d5:9b:c6,0,2,146,0,0,2,146,0,0
33:33:ff:2a:d0:ba,0,2,360,0,0,0,0,2,360
8e:43:7b:d5:58:3d,0,2,146,0,0,2,146,0,0
f6:0b:52:f8:5d:be,0,21,3137,0,0,21,3137,0,0
33:33:ff:f8:5d:be,0,1,172,0,0,0,0,1,172
e2:5d:0c:07:ac:28,0,2,140,0,0,2,140,0,0
09:fc:2a:0c:00:00,0,1,70,0,0,1,70,0,0
15:8a:37:0a:ca:84,0,2,140,0,0,2,140,0,0
6d:d8:3e:27:b5:54,0,1,70,0,0,1,70,0,0
15:8a:37:0a:b5:54,0,1,70,0,0,1,70,0,0
39:b0:98:56:b5:50,0,1,70,0,0,1,70,0,0
0d:ed:7c:d1:b5:50,0,1,70,0,0,1,70,0,0
12:fa:e5:70:c7:6d,0,1,166,0,0,0,0,1,166
93:46:3b:f0:87:75,0,1,166,0,0,1,166,0,0
40:e6:a4:cf:9a:7a,0,1,166,0,0,0,0,1,166
b5:54:04:00:30:cf,0,1,88,0,0,1,88,0,0
fc:ff:ff:ff:ff:ff,0,2,176,0,0,1,88,1,88
85:5b:cb:25:b5:55,0,3,210,0,0,0,0,3,210
02:bf:2e:23:b5:50,0,1,70,0,0,1,70,0,0
33:33:ff:5e:bd:bc,0,2,360,0,0,0,0,2,360
31:a7:72:40:8c:f7,0,1,76,0,0,1,76,0,0
1c:9c:0f:6c:b5:54,0,2,146,0,0,0,0,2,146
b5:54:7f:bd:6d:01,0,18,1260,0,0,0,0,18,1260
31:a7:72:40:49:bd,0,2,146,0,0,2,146,0,0
b5:54:3e:13:cc:55,0,5,350,0,0,0,0,5,350
88:a3:03:7b:90:88,0,85,17022,0,0,85,17022,0,0
6d:d8:3e:27:b5:52,0,2,140,0,0,2,140,0,0
8f:48:f1:fc:b5:52,0,1,70,0,0,1,70,0,0
d2:c7:07:75:9c:6c,0,1,70,0,0,1,70,0,0
be:08:cb:25:b5:55,0,1,70,0,0,0,0,1,70
2d:60:0f:eb:fe:0e,0,2,146,0,0,2,146,0,0
b5:54:04:00:10:d0,0,1,88,0,0,1,88,0,0
1a:0d:2b:c6:07:75,0,1,166,0,0,1,166,0,0
00:00:0c:53:fb:a4,0,1,166,0,0,0,0,1,166
f8:10:93:99:59:70,0,31,10587,0,0,31,10587,0,0
33:33:ff:07:14:09,0,2,360,0,0,0,0,2,360
33:33:ff:13:d7:76,0,2,360,0,0,0,0,2,360
a9:6a:ed:1f:b5:53,0,1,70,0,0,1,70,0,0
b2:99:8d:f7:b5:50,0,5,350,0,0,5,350,0,0
cb:2d:d4:d5:b2:99,0,6,420,0,0,6,420,0,0
8d:f7:0c:07:ac:3c,0,3,210,0,0,0,0,3,210
8d:f7:cb:25:b5:55,0,3,210,0,0,0,0,3,210
cb:2d:d4:d5:e4:40,0,7,576,0,0,7,576,0,0
97:67:dc:57:04:20,0,1,88,0,0,0,0,1,88
46:6e:3e:d6:b5:51,0,1,70,0,0,1,70,0,0
bc:60:74:52:b5:51,0,1,70,0,0,1,70,0,0
42:7f:68:0b:ca:80,0,1,70,0,0,1,70,0,0
d2:71:18:d5:d9:85,0,1,76,0,0,0,0,1,76
d2:71:18:d5:51:1e,0,1,70,0,0,1,70,0,0
cc:1f:18:d5:d9:85,0,1,70,0,0,0,0,1,70
8b:5d:18:d5:d9:85,0,1,70,0,0,0,0,1,70
d2:71:18:d5:6c:93,0,1,76,0,0,0,0,1,76
d2:71:18:d5:3b:ab,0,1,70,0,0,1,70,0,0
22:54:18:d5:6c:93,0,1,70,0,0,0,0,1,70
9c:3e:53:76:26:eb,0,10,7811,0,0,10,7811,0,0
ff:ff:ff:ff:d6:67,0,1,84,0,0,1,84,0,0
68:71:ba:ac:b5:54,0,5,350,0,0,5,350,0,0
64:3b:6e:8d:82:c0,0,2,146,0,0,2,146,0,0
b5:54:04:00:20:58,0,1,88,0,0,1,88,0,0
d4:61:90:80:d4:d5,0,2,146,0,0,0,0,2,146
17:96:58:54:d4:d5,0,11,806,0,0,0,0,11,806
f2:78:18:6f:00:3c,0,6,2502,0,0,6,2502,0,0
04:bd:bf:38:68:c6,0,24,5016,0,0,24,5016,0,0
70:39:0a:d9:b5:50,0,1,70,0,0,1,70,0,0
10:82:d7:66:b8:99,0,21,3926,0,0,21,3926,0,0
04:c8:07:17:9d:62,0,123,32721,0,0,123,32721,0,0
b5:54:04:00:50:d0,0,2,158,0,0,2,158,0,0
b5:54:04:00:70:d0,0,2,158,0,0,2,158,0,0
b5:54:04:00:b0:d0,0,3,246,0,0,3,246,0,0
b5:54:04:00:f0:d0,0,1,88,0,0,1,88,0,0
b5:54:04:00:10:d1,0,5,368,0,0,5,368,0,0
d2:c7:07:75:ce:1f,0,2,140,0,0,2,140,0,0
9e:2c:0c:07:ac:28,0,1,70,0,0,0,0,1,70
b5:54:04:00:a0:d1,0,1,88,0,0,1,88,0,0
17:96:58:54:8c:6b,0,2,146,0,0,2,146,0,0
69:df:6d:2d:35:1e,0,3,216,0,0,3,216,0,0
17:96:58:54:b9:07,0,5,368,0,0,5,368,0,0
5c:ed:f4:a3:b9:b6,0,13,2186,0,0,13,2186,0,0
97:67:dc:57:04:00,0,6,488,0,0,0,0,6,488
04:00:00:da:00:00,0,1,88,0,0,1,88,0,0
d6:ff:6e:7a:b5:50,0,3,210,0,0,3,210,0,0
8b:5d:ff:ff:ff:ff,0,1,70,0,0,0,0,1,70
d2:71:18:d5:9a:27,0,1,76,0,0,0,0,1,76
d4:d5:d6:ff:6e:7a,0,1,70,0,0,0,0,1,70
d6:ff:6e:7a:ca:80,0,3,210,0,0,3,210,0,0
cb:2d:d4:d5:d6:ff,0,2,140,0,0,2,140,0,0
6e:7a:cb:25:b5:55,0,2,140,0,0,0,0,2,140
b5:54:04:00:f0:d1,0,2,158,0,0,2,158,0,0
b5:54:04:00:40:d2,0,1,88,0,0,1,88,0,0
54:24:96:5e:b5:53,0,1,70,0,0,1,70,0,0
b5:54:04:00:80:d2,0,1,88,0,0,1,88,0,0
5a:9f:98:5d:ca:80,0,1,70,0,0,1,70,0,0
54:24:96:5e:b5:54,0,2,140,0,0,2,140,0,0
8b:89:d2:c7:07:f5,0,1,166,0,0,1,166,0,0
88:41:35:7e:07:0a,0,1,166,0,0,0,0,1,166
b5:54:04:00:30:d3,0,1,88,0,0,1,88,0,0
b5:54:04:00:50:d3,0,3,228,0,0,3,228,0,0
30:00:82:75:ca:84,0,1,70,0,0,1,70,0,0
ee:1e:cb:2d:d4:d3,0,3,210,0,0,0,0,3,210
10:82:d7:95:74:33,0,161,28288,0,0,161,28288,0,0
18:e7:b0:e3:00:f2,0,5,1342,0,0,5,1342,0,0
31:a7:72:40:7a:06,0,2,146,0,0,2,146,0,0
ff:ff:ff:ff:1b:a3,0,1,84,0,0,1,84,0,0
d2:71:18:d5:00:6f,0,1,76,0,0,0,0,1,76
d2:71:18:d5:75:d0,0,1,70,0,0,1,70,0,0
03:d2:18:d5:00:6f,0,1,70,0,0,0,0,1,70
d2:71:18:d5:02:20,0,1,76,0,0,0,0,1,76
d2:71:18:d5:d7:79,0,1,70,0,0,1,70,0,0
2d:08:18:d5:02:20,0,1,70,0,0,0,0,1,70
b5:54:04:00:40:59,0,2,176,0,0,2,176,0,0
4c:19:ca:8e:b5:54,0,4,292,0,0,0,0,4,292
e4:7b:35:68:18:d5,0,2,140,0,0,2,140,0,0
f6:9b:1b:fd:b5:54,0,3,216,0,0,0,0,3,216
d7:53:d9:6b:18:d5,0,1,70,0,0,1,70,0,0
08:44:f8:5a:b5:54,0,1,70,0,0,1,70,0,0
95:cc:d7:cc:57:17,0,2,146,0,0,2,146,0,0
c7:1f:da:a7:c1:5f,0,1,70,0,0,1,70,0,0
e4:84:d3:aa:9e:0e,0,8,2226,0,0,8,2226,0,0
b5:54:04:00:d0:d3,0,1,88,0,0,1,88,0,0
00:80:64:0e:ee:63,0,1,166,0,0,0,0,1,166
b5:54:04:00:e0:d3,0,1,88,0,0,1,88,0,0
b5:54:04:00:10:d4,0,1,88,0,0,1,88,0,0
b5:54:04:00:40:d4,0,1,88,0,0,1,88,0,0
b5:54:04:00:60:d4,0,1,88,0,0,1,88,0,0
17:96:58:54:d7:11,0,2,146,0,0,2,146,0,0
04:00:40:ee:ff:ff,0,1,88,0,0,1,88,0,0
04:00:00:a2:ff:ff,0,1,88,0,0,1,88,0,0
cb:25:e6:35:04:60,0,1,88,0,0,1,88,0,0
83:40:e6:35:04:60,0,1,70,0,0,1,70,0,0
ff:3b:e6:35:04:60,0,1,70,0,0,1,70,0,0
39:57:2e:d2:8b:72,0,1,76,0,0,0,0,1,76
39:57:2e:d2:b2:81,0,1,70,0,0,1,70,0,0
d2:9c:2e:d2:8b:72,0,1,70,0,0,0,0,1,70
76:dc:8b:f1:de:c7,0,12,2793,0,0,12,2793,0,0
49:91:4a:67:b5:50,0,1,70,0,0,1,70,0,0
d6:ff:6e:7a:b5:52,0,2,140,0,0,2,140,0,0
d6:ff:6e:7a:b5:51,0,1,70,0,0,1,70,0,0
04:00:d0:da:00:00,0,2,158,0,0,2,158,0,0
b2:99:8d:f7:18:d5,0,1,70,0,0,1,70,0,0
42:ba:d1:bb:69:f2,0,3,216,0,0,3,216,0,0
f1:2b:8a:e7:b5:52,0,2,140,0,0,2,140,0,0
c9:aa:3d:37:6d:25,0,1,70,0,0,1,70,0,0
de:44:a5:85:ca:85,0,1,70,0,0,1,70,0,0
28:11:a8:aa:53:07,0,40,10871,0,0,28,7077,12,3794
2e:2f:54:a7:66:ed,0,1,160,0,0,1,160,0,0
f0:57:a6:7e:3e:43,0,4,1087,0,0,4,1087,0,0
92:d7:b0:0b:ca:83,0,2,140,0,0,2,140,0,0
6c:c8:ac:52:b5:52,0,1,70,0,0,1,70,0,0
04:00:b0:7b:ff:ff,0,1,88,0,0,1,88,0,0
f4:30:8b:6e:6a:55,0,1,164,0,0,1,164,0,0
07:b9:2b:73:66:a5,0,2,146,0,0,2,146,0,0
ff:ff:ff:ff:3b:ec,0,1,84,0,0,1,84,0,0
93:a8:f7:4a:46:fd,0,4,292,0,0,4,292,0,0
aa:93:ca:24:b5:54,0,4,280,0,0,4,280,0,0
ff:ff:ff:ff:d3:6d,0,1,84,0,0,1,84,0,0
33:33:ff:40:5a:d7,0,2,344,0,0,0,0,2,344
03:7b:68:86:b5:51,0,1,70,0,0,1,70,0,0
ff:ff:ff:ff:eb:ef,0,1,84,0,0,1,84,0,0
cb:25:b5:54:c3:cd,0,1,76,0,0,0,0,1,76
cb:25:b5:54:a4:28,0,1,70,0,0,1,70,0,0
c4:27:b5:54:c3:cd,0,1,70,0,0,0,0,1,70
c0:50:cb:01:b5:54,0,2,152,0,0,0,0,2,152
07:75:74:d1:fb:2d,0,1,70,0,0,0,0,1,70
c7:d3:d2:44:b5:54,0,1,76,0,0,0,0,1,76
ff:ff:ff:ff:09:f5,0,1,84,0,0,1,84,0,0
d2:c7:07:75:4f:5a,0,2,152,0,0,0,0,2,152
3a:1e:07:75:4f:5a,0,1,70,0,0,0,0,1,70
f4:0a:27:32:64:f2,0,2,146,0,0,2,146,0,0
b5:54:04:00:80:d5,0,1,88,0,0,1,88,0,0
2a:28:de:59:64:f2,0,1,76,0,0,1,76,0,0
2a:28:de:59:d6:30,0,1,76,0,0,1,76,0,0
ff:ff:ff:ff:e1:74,0,1,84,0,0,1,84,0,0
33:33:ff:f0:f1:2c,0,1,180,0,0,0,0,1,180
b8:37:4a:ee:da:81,0,43,15453,0,0,43,15453,0,0
8f:30:77:30:ea:73,0,3,216,0,0,3,216,0,0
43:65:08:f4:32:c7,0,1,166,0,0,1,166,0,0
64:b1:44:c2:a8:28,0,1,166,0,0,0,0,1,166
b5:54:04:00:e0:d5,0,1,88,0,0,1,88,0,0
bb:ea:49:9e:f4:a8,0,3,222,0,0,3,222,0,0
a0:65:e5:87:ca:b1,0,2,146,0,0,2,146,0,0
59:96:d2:c7:07:75,0,1,301,0,0,1,301,0,0
00:50:9d:0a:ac:28,0,1,301,0,0,0,0,1,301
b5:54:04:00:10:d6,0,1,88,0,0,1,88,0,0
9c:00:0c:07:ac:28,0,1,320,0,0,0,0,1,320
f8:89:d2:c7:74:f1,0,1,320,0,0,1,320,0,0
e6:77:d5:1d:75:f8,0,1,320,0,0,0,0,1,320
b5:54:04:00:40:d6,0,1,88,0,0,1,88,0,0
6f:9b:b1:b3:52:e9,0,1,76,0,0,1,76,0,0
ff:ff:ff:ff:a9:f2,0,1,84,0,0,1,84,0,0
81:5e:d9:bc:b5:52,0,1,70,0,0,1,70,0,0
ff:ff:ff:ff:06:64,0,1,84,0,0,1,84,0,0
10:ec:81:fb:8f:d7,0,7,1144,0,0,7,1144,0,0
b6:3c:4d:97:e5:ef,0,1,164,0,0,1,164,0,0
ec:28:d3:0e:3d:b2,0,44,9859,0,0,44,9859,0,0
33:33:ff:ef:69:e8,0,6,1080,0,0,0,0,6,1080
17:96:58:54:aa:19,0,2,146,0,0,2,146,0,0
04:99:bb:20:ad:d1,0,99,34420,0,0,99,34420,0,0
07:b9:2b:73:ad:d1,0,3,228,0,0,3,228,0,0
b0:e5:ef:95:7b:20,0,12,4627,0,0,12,4627,0,0
d2:44:99:7e:b5:52,0,1,70,0,0,1,70,0,0
48:74:12:c7:99:59,0,128,30624,0,0,128,30624,0,0
c1:db:74:74:18:d5,0,1,70,0,0,1,70,0,0
1f:5c:31:04:19:97,0,1,70,0,0,1,70,0,0
c4:00:98:00:f8:89,0,1,70,0,0,0,0,1,70
04:00:90:7c:ff:ff,0,1,88,0,0,1,88,0,0
29:f7:21:56:47:8d,0,3,216,0,0,3,216,0,0
85:1b:67:a6:18:d5,0,1,70,0,0,1,70,0,0
b5:54:04:00:90:d6,0,1,88,0,0,1,88,0,0
e8:d8:e7:04:cd:a9,0,2,146,0,0,2,146,0,0
cb:25:b5:54:35:b9,0,4,304,0,0,1,76,3,228
4b:54:b5:54:35:b9,0,1,70,0,0,0,0,1,70
ff:ff:ff:ff:78:f8,0,4,312,0,0,4,312,0,0
ff:ff:ff:ff:90:79,0,1,84,0,0,1,84,0,0
33:33:ff:e3:49:1c,0,1,180,0,0,0,0,1,180
33:33:ff:40:c8:62,0,1,180,0,0,0,0,1,180
37:36:27:11:13:47,0,2,152,0,0,2,152,0,0
33:28:0f:b7:13:47,0,6,456,0,0,6,456,0,0
cb:25:b5:54:33:28,0,7,532,0,0,0,0,7,532
cb:25:b5:54:5f:bc,0,1,70,0,0,1,70,0,0
3b:17:b5:54:33:28,0,1,70,0,0,0,0,1,70
ff:ff:ff:ff:15:d1,0,1,84,0,0,1,84,0,0
a1:81:40:ac:b5:51,0,1,70,0,0,1,70,0,0
b5:54:04:00:e0:d6,0,1,88,0,0,1,88,0,0
8c:39:73:f5:b5:55,0,2,146,0,0,0,0,2,146
9a:31:41:37:b5:55,0,1,70,0,0,1,70,0,0
09:00:00:00:00:00,0,1,88,0,0,1,88,0,0
f7:8c:40:7b:18:d5,0,1,70,0,0,1,70,0,0
04:00:50:ec:03:00,0,1,88,0,0,0,0,1,88
92:d7:b0:0b:b5:51,0,6,420,0,0,6,420,0,0
cb:25:b5:54:aa:fd,0,1,76,0,0,0,0,1,76
cb:25:b5:54:ff:c1,0,1,70,0,0,1,70,0,0
0a:43:b5:54:aa:fd,0,1,70,0,0,0,0,1,70
b5:54:ff:c1:0a:43,0,2,140,0,0,0,0,2,140
ff:ff:ff:ff:cc:c9,0,6,440,0,0,6,440,0,0
07:75:1b:31:39:09,0,1,70,0,0,0,0,1,70
f4:fe:9a:9f:b5:52,0,1,70,0,0,1,70,0,0
f1:30:76:5f:b5:55,0,5,374,0,0,0,0,5,374
2d:94:00:a3:b5:54,0,1,70,0,0,1,70,0,0
cb:25:b5:54:cf:ee,0,2,152,0,0,1,76,1,76
b4:00:bc:00:f8:89,0,1,76,0,0,0,0,1,76
d8:7e:b5:54:cf:ee,0,2,140,0,0,1,70,1,70
0b:00:00:00:00:00,0,3,234,0,0,3,234,0,0
10:e4:85:8c:18:d5,0,3,210,0,0,3,210,0,0
b0:0b:0c:07:ac:28,0,1,70,0,0,0,0,1,70
0c:4e:81:63:99:59,0,2,146,0,0,2,146,0,0
b5:54:05:36:8e:43,0,1,70,0,0,0,0,1,70
77:c9:71:bf:b5:54,0,2,146,0,0,0,0,2,146
03:d4:c6:92:b5:54,0,1,70,0,0,1,70,0,0
cb:25:b5:54:77:c9,0,1,76,0,0,1,76,0,0
b4:00:01:02:f8:89,0,1,76,0,0,0,0,1,76
c6:92:b5:54:77:c9,0,1,70,0,0,1,70,0,0
c4:00:d7:01:c4:0a,0,1,70,0,0,0,0,1,70
60:3a:af:12:41:46,0,6,1920,0,0,6,1920,0,0
44:c9:a1:b0:b5:53,0,1,70,0,0,1,70,0,0
b5:54:04:00:b0:d7,0,1,88,0,0,1,88,0,0
ff:ff:ff:ff:c7:5b,0,1,84,0,0,1,84,0,0
4a:bc:60:ab:07:75,0,1,166,0,0,1,166,0,0
73:24:0c:07:ac:28,0,1,166,0,0,0,0,1,166
b5:54:04:00:00:d8,0,1,88,0,0,1,88,0,0
66:62:f4:8c:b5:53,0,1,70,0,0,1,70,0,0
b5:54:04:00:30:d8,0,2,176,0,0,2,176,0,0
b5:54:04:00:a0:d8,0,1,88,0,0,1,88,0,0
b5:54:59:85:e8:80,0,2,146,0,0,2,146,0,0
02:bf:2e:23:ca:84,0,2,140,0,0,2,140,0,0
03:56:72:d2:ca:84,0,1,70,0,0,1,70,0,0
ef:84:7d:8e:b5:51,0,1,70,0,0,1,70,0,0
f4:02:28:18:4c:99,0,1,164,0,0,1,164,0,0
3e:bb:8c:76:18:d5,0,1,70,0,0,1,70,0,0
04:00:90:f2:ff:ff,0,2,176,0,0,2,176,0,0
50:da:d6:9e:75:82,0,146,22240,0,0,146,22240,0,0
80:2b:f9:2c:97:bb,0,4,738,0,0,4,738,0,0
92:d7:b0:0b:b5:52,0,4,280,0,0,4,280,0,0
f1:9b:e6:75:79:37,0,1,166,0,0,1,166,0,0
f3:1b:d5:4f:8f:5b,0,1,166,0,0,0,0,1,166
b5:54:04:00:d0:d9,0,2,158,0,0,2,158,0,0
b5:54:04:00:00:da,0,2,158,0,0,2,158,0,0
b5:54:04:00:20:da,0,2,158,0,0,2,158,0,0
b5:54:04:00:50:da,0,2,158,0,0,2,158,0,0
b5:54:04:00:70:da,0,3,228,0,0,3,228,0,0
b5:54:04:00:90:da,0,2,158,0,0,2,158,0,0
68:d9:fa:8f:b5:51,0,1,70,0,0,1,70,0,0
29:6b:8d:b7:b5:51,0,1,70,0,0,1,70,0,0
9c:50:d1:8a:68:00,0,150,34519,0,0,150,34519,0,0
33:33:ff:5d:8f:5e,0,3,540,0,0,0,0,3,540
20:69:80:71:df:61,0,11,2764,0,0,11,2764,0,0
92:d7:b0:0b:b5:50,0,2,140,0,0,2,140,0,0
74:f0:31:04:19:97,0,1,70,0,0,1,70,0,0
cb:25:e6:35:43:5a,0,1,76,0,0,0,0,1,76
bc:6e:ff:3b:dc:57,0,4,280,0,0,4,280,0,0
07:b9:2b:73:d4:d5,0,2,146,0,0,0,0,2,146
cd:89:07:84:d4:d5,0,2,152,0,0,0,0,2,152
71:ec:d4:87:dc:57,0,7,490,0,0,7,490,0,0
c4:46:14:60:14:71,0,1,169,0,0,1,169,0,0
14:60:14:71:18:c0,0,1,169,0,0,0,0,1,169
75:44:9f:52:d4:d5,0,1,76,0,0,0,0,1,76
80:fb:16:42:d4:d5,0,2,152,0,0,0,0,2,152
04:00:f0:7d:ff:ff,0,1,88,0,0,1,88,0,0
cb:25:e6:35:75:44,0,1,76,0,0,0,0,1,76
88:f0:31:e2:cc:c2,0,1,1392,0,0,1,1392,0,0
c0:47:d4:b5:c0:ca,0,1,1392,0,0,0,0,1,1392
52:f0:1b:04:19:97,0,2,1462,0,0,2,1462,0,0
f0:52:a7:ab:66:15,0,1,1392,0,0,0,0,1,1392
32:d9:75:92:6f:a8,0,5,350,0,0,0,0,5,350
d2:c7:07:75:8a:b0,0,1,70,0,0,1,70,0,0
fb:d0:cb:25:b5:55,0,1,70,0,0,0,0,1,70
b5:54:04:00:90:db,0,1,88,0,0,1,88,0,0
e1:3f:73:8d:ca:84,0,1,70,0,0,1,70,0,0
92:d7:b0:0b:ca:80,0,2,140,0,0,2,140,0,0
07:75:05:00:50:b4,0,1,84,0,0,1,84,0,0
ff:ff:ff:ff:e6:b7,0,1,84,0,0,1,84,0,0
2a:28:de:59:b4:75,0,2,146,0,0,2,146,0,0
ff:ff:ff:ff:0e:36,0,2,154,0,0,2,154,0,0
1a:a7:d2:3b:31:7d,0,2,146,0,0,2,146,0,0
b5:54:37:89:22:15,0,1,70,0,0,0,0,1,70
ff:ff:ff:ff:7f:3b,0,1,84,0,0,1,84,0,0
dd:c2:1f:5c:b5:52,0,3,210,0,0,3,210,0,0
33:33:ff:56:2d:c1,0,4,720,0,0,0,0,4,720
07:b9:2b:73:0a:39,0,2,146,0,0,2,146,0,0
ff:ff:ff:ff:47:b9,0,1,84,0,0,1,84,0,0
f8:ab:82:be:76:10,0,5,1274,0,0,5,1274,0,0
04:00:b0:f2:ff:ff,0,2,176,0,0,2,176,0,0
04:00:d0:f2:ff:ff,0,2,176,0,0,2,176,0,0
04:00:e0:f2:ff:ff,0,2,176,0,0,2,176,0,0
04:00:f0:f2:ff:ff,0,1,88,0,0,1,88,0,0
04:00:10:f3:ff:ff,0,3,246,0,0,3,246,0,0
04:00:20:f3:ff:ff,0,1,88,0,0,1,88,0,0
04:00:30:f3:ff:ff,0,1,88,0,0,1,88,0,0
04:00:40:f3:ff:ff,0,2,176,0,0,2,176,0,0
04:00:a0:f3:ff:ff,0,2,176,0,0,1,88,1,88
04:00:b0:f3:ff:ff,0,1,88,0,0,1,88,0,0
1c:91:80:c9:49:a3,0,14,6082,0,0,14,6082,0,0
d0:5a:fd:85:23:9b,0,9,1884,0,0,9,1884,0,0
07:b9:2b:73:23:9b,0,2,146,0,0,2,146,0,0
ff:ff:ff:ff:af:38,0,1,84,0,0,1,84,0,0
04:00:50:f4:ff:ff,0,2,176,0,0,2,176,0,0
07:b9:2b:73:f4:a8,0,2,152,0,0,2,152,0,0
07:b9:2b:73:8a:e4,0,4,298,0,0,4,298,0,0
04:00:a0:f4:ff:ff,0,1,88,0,0,1,88,0,0
04:00:d0:f4:ff:ff,0,2,176,0,0,1,88,1,88
ec:f2:2b:6a:c3:e2,0,49,8494,0,0,49,8494,0,0
07:b9:2b:73:51:cb,0,2,146,0,0,2,146,0,0
04:00:e0:f4:ff:ff,0,2,176,0,0,1,88,1,88
07:b9:2b:73:c1:5f,0,2,146,0,0,2,146,0,0
07:b9:2b:73:13:47,0,2,146,0,0,2,146,0,0
3e:b3:0d:de:b5:54,0,4,298,0,0,0,0,4,298
3e:b3:0d:de:fc:51,0,1,76,0,0,1,76,0,0
3e:b3:0d:de:c2:32,0,1,76,0,0,1,76,0,0
3e:b3:0d:de:00:3c,0,1,76,0,0,1,76,0,0
ff:ff:ff:ff:0f:3f,0,1,84,0,0,1,84,0,0
60:9a:c1:d4:d3:b5,0,49,19565,0,0,49,19565,0,0
07:b9:2b:73:ed:77,0,2,146,0,0,2,146,0,0
ff:ff:ff:ff:d5:a7,0,1,84,0,0,1,84,0,0
c6:ea:82:3e:9b:03,0,1,181,0,0,1,181,0,0
1f:20:6f:d4:ca:85,0,1,70,0,0,1,70,0,0
d2:c7:07:75:1f:20,0,1,70,0,0,1,70,0,0
6f:d4:0c:07:ac:28,0,1,70,0,0,0,0,1,70
ff:ff:ff:ff:3d:26,0,3,224,0,0,3,224,0,0
07:75:92:d7:b0:0b,0,3,210,0,0,0,0,3,210
cb:25:b5:54:8b:18,0,1,76,0,0,1,76,0,0
b4:00:60:09:f8:89,0,1,76,0,0,0,0,1,76
53:ee:b5:54:8b:18,0,1,70,0,0,1,70,0,0
c4:00:36:09:c4:0a,0,1,70,0,0,0,0,1,70
cb:25:b5:54:fc:fd,0,7,532,0,0,1,76,6,456
cb:25:b5:54:f0:93,0,1,70,0,0,1,70,0,0
58:b1:b5:54:fc:fd,0,2,140,0,0,1,70,1,70
f0:93:58:b1:b5:54,0,3,210,0,0,3,210,0,0
ff:ff:ff:ff:9d:21,0,1,84,0,0,1,84,0,0
cb:25:b5:54:89:41,0,2,152,0,0,2,152,0,0
b4:00:0a:07:f8:89,0,2,152,0,0,0,0,2,152
69:d8:b5:54:89:41,0,1,70,0,0,1,70,0,0
c4:00:e0:06:c4:0a,0,1,70,0,0,0,0,1,70
cb:25:b5:54:c6:6a,0,7,532,0,0,7,532,0,0
b4:00:88:07:f8:89,0,7,532,0,0,0,0,7,532
b5:54:f0:93:58:b1,0,2,140,0,0,0,0,2,140
b4:00:28:07:f8:89,0,1,76,0,0,0,0,1,76
c4:00:fe:06:c4:0a,0,1,70,0,0,0,0,1,70
cb:25:b5:54:f8:48,0,1,76,0,0,1,76,0,0
b4:00:84:02:f8:89,0,1,76,0,0,0,0,1,76
ff:ff:ff:fb:55:ef,0,2,154,0,0,2,154,0,0
07:75:7f:15:2d:22,0,1,70,0,0,0,0,1,70
b5:54:04:00:f0:dc,0,1,88,0,0,1,88,0,0
b5:54:ed:01:0a:79,0,2,146,0,0,2,146,0,0
53:87:c2:5d:b5:54,0,1,70,0,0,1,70,0,0
b5:54:04:00:10:dd,0,1,88,0,0,1,88,0,0
1f:5c:cb:25:b5:55,0,4,280,0,0,0,0,4,280
dd:c2:1f:5c:ca:80,0,1,70,0,0,1,70,0,0
b8:49:6d:9e:61:33,0,10,2931,0,0,10,2931,0,0
18:19:d6:5d:dc:2c,0,7,1678,0,0,7,1678,0,0
46:14:6c:3f:b6:3b,0,4,298,0,0,4,298,0,0
ea:42:27:6e:b6:3b,0,6,444,0,0,6,444,0,0
cb:25:b5:54:9d:f1,0,1,76,0,0,0,0,1,76
cb:25:b5:54:dc:7a,0,1,70,0,0,1,70,0,0
cd:0a:b5:54:9d:f1,0,1,70,0,0,0,0,1,70
b5:54:78:c6:c0:c4,0,1,70,0,0,0,0,1,70
65:7e:57:b7:26:ea,0,2,146,0,0,2,146,0,0
6b:85:99:15:26:ea,0,2,146,0,0,2,146,0,0
ea:42:27:6e:19:97,0,1,76,0,0,1,76,0,0
b5:54:a3:53:69:e2,0,3,210,0,0,0,0,3,210
ff:ff:ff:ff:28:19,0,1,84,0,0,1,84,0,0
33:33:ff:5d:74:07,0,7,1260,0,0,0,0,7,1260
85:84:83:40:dc:57,0,8,560,0,0,8,560,0,0
8b:5d:5e:7f:ff:fa,0,7,490,0,0,0,0,7,490
b8:99:74:f0:ca:82,0,4,280,0,0,4,280,0,0
31:3d:0a:54:b5:52,0,1,70,0,0,1,70,0,0
a4:55:90:34:77:a7,0,14,3274,0,0,14,3274,0,0
a8:db:03:77:26:7f,0,1,154,0,0,1,154,0,0
00:00:ef:61:00:20,0,1,177,0,0,1,177,0,0
00:00:0c:07:ac:1c,0,1,177,0,0,0,0,1,177
d5:a5:cf:6e:00:20,0,1,88,0,0,1,88,0,0
60:6e:e8:ea:33:66,0,50,14461,0,0,50,14461,0,0
b5:54:04:00:00:de,0,4,316,0,0,4,316,0,0
ca:85:04:00:00:f5,0,1,88,0,0,1,88,0,0
04:00:20:f5:ff:ff,0,1,88,0,0,1,88,0,0
04:00:30:f5:ff:ff,0,1,88,0,0,1,88,0,0
04:00:40:f5:ff:ff,0,1,88,0,0,1,88,0,0
04:00:b0:f5:ff:ff,0,1,88,0,0,1,88,0,0
04:00:c0:f5:ff:ff,0,2,158,0,0,2,158,0,0
04:00:f0:f5:ff:ff,0,1,88,0,0,1,88,0,0
fc:aa:b6:f0:38:86,0,21,5300,0,0,21,5300,0,0
04:00:30:f6:ff:ff,0,1,88,0,0,1,88,0,0
04:00:40:f6:ff:ff,0,1,88,0,0,1,88,0,0
04:00:50:f6:ff:ff,0,1,88,0,0,1,88,0,0
04:00:60:f7:ff:ff,0,1,88,0,0,1,88,0,0
04:00:70:f7:ff:ff,0,1,88,0,0,1,88,0,0
04:00:80:f7:ff:ff,0,1,88,0,0,1,88,0,0
a4:4b:d5:43:59:3a,0,30,9589,0,0,30,9589,0,0
fe:ab:2d:58:dc:d7,0,1,436,0,0,1,436,0,0
04:00:00:f8:ff:ff,0,1,88,0,0,1,88,0,0
04:00:80:f8:ff:ff,0,1,88,0,0,1,88,0,0
6d:c1:45:8b:b9:07,0,1,76,0,0,1,76,0,0
6d:c1:45:8b:1d:2d,0,2,146,0,0,2,146,0,0
04:68:65:26:b1:5d,0,22,5127,0,0,22,5127,0,0
d0:49:7c:9a:17:16,0,137,21290,0,0,137,21290,0,0
04:00:10:f9:ff:ff,0,1,88,0,0,1,88,0,0
04:00:20:f9:ff:ff,0,1,88,0,0,1,88,0,0
d1:0c:b4:c3:13:a9,0,2,146,0,0,2,146,0,0
04:00:40:03:a6:10,0,1,80,0,0,1,80,0,0
33:33:ff:e8:f0:e4,0,1,180,0,0,0,0,1,180
de:44:a5:85:dc:57,0,1,70,0,0,1,70,0,0
87:3c:ee:1e:dc:57,0,1,70,0,0,1,70,0,0
04:00:a0:f9:ff:ff,0,1,88,0,0,1,88,0,0
04:00:b0:f9:ff:ff,0,1,88,0,0,1,88,0,0
04:00:c0:f9:ff:ff,0,1,88,0,0,1,88,0,0
b5:54:04:00:a0:5b,0,1,88,0,0,1,88,0,0
d2:71:18:d5:f4:14,0,1,76,0,0,1,76,0,0
b4:00:f9:00:c4:0a,0,1,76,0,0,0,0,1,76
86:9b:18:d5:f4:14,0,1,70,0,0,1,70,0,0
c4:00:cd:00:f8:89,0,1,70,0,0,0,0,1,70
b5:54:04:00:d0:5b,0,1,88,0,0,1,88,0,0
18:d5:28:72:2a:61,0,2,146,0,0,2,146,0,0
7f:b4:c2:94:b5:54,0,2,146,0,0,0,0,2,146
b4:8c:9d:38:11:4d,0,9,1726,0,0,9,1726,0,0
58:73:d8:47:25:62,0,9,3485,0,0,9,3485,0,0
d2:71:18:d5:da:d8,0,1,76,0,0,0,0,1,76
da:d8:96:91:9a:39,0,1,76,0,0,1,76,0,0
da:d8:96:91:d4:d5,0,2,146,0,0,0,0,2,146
09:b9:a8:41:18:d5,0,1,70,0,0,1,70,0,0
33:33:ff:98:cd:09,0,11,1980,0,0,0,0,11,1980
cc:47:40:1d:31:58,0,3,933,0,0,3,933,0,0
28:ec:95:93:2c:b8,0,25,10921,0,0,25,10921,0,0
ed:94:de:40:d4:d5,0,2,146,0,0,0,0,2,146
03:7e:e4:b4:dc:57,0,1,70,0,0,1,70,0,0
f8:ff:c2:e9:27:1f,0,19,6067,0,0,19,6067,0,0
04:00:f0:5c:ff:ff,0,1,88,0,0,0,0,1,88
04:00:80:03:e8:c7,0,9,720,0,0,2,160,7,560
f0:65:ae:8b:7f:b8,0,50,7540,0,0,50,7540,0,0
b8:98:ad:2f:2b:b1,0,10,1840,0,0,10,1840,0,0
f8:ac:65:b6:5d:96,0,43,10383,0,0,43,10383,0,0
bc:6e:ff:3b:e6:35,0,1,70,0,0,1,70,0,0
de:44:a5:85:b5:51,0,1,70,0,0,1,70,0,0
d2:c7:07:75:b9:e6,0,3,210,0,0,3,210,0,0
0b:77:cb:25:b5:55,0,3,210,0,0,0,0,3,210
6c:7e:67:12:3d:5a,0,11,2573,0,0,11,2573,0,0
10:9f:41:5a:2c:df,0,3,784,0,0,3,784,0,0
a8:4a:28:27:13:4c,0,26,9444,0,0,26,9444,0,0
10:ec:81:7d:07:5c,0,7,1262,0,0,7,1262,0,0
33:33:ff:13:9b:a8,0,2,360,0,0,0,0,2,360
b4:00:b0:00:f8:89,0,2,152,0,0,0,0,2,152
c4:00:82:00:c4:0a,0,4,280,0,0,0,0,4,280
f1:89:d2:71:18:59,0,1,193,0,0,1,193,0,0
d2:71:18:59:30:bf,0,1,193,0,0,0,0,1,193
f8:d9:e3:9e:c2:c9,0,1,166,0,0,1,166,0,0
95:cd:e3:05:ac:28,0,1,166,0,0,0,0,1,166
d2:71:18:d5:c0:05,0,1,76,0,0,1,76,0,0
b4:00:c7:00:c4:0a,0,1,76,0,0,0,0,1,76
cf:08:18:d5:c0:05,0,1,70,0,0,1,70,0,0
c4:00:9b:00:f8:89,0,1,70,0,0,0,0,1,70
b5:54:04:00:10:5d,0,2,176,0,0,2,176,0,0
b2:fa:0c:51:d4:d5,0,2,146,0,0,0,0,2,146
ef:c1:ff:c3:18:d5,0,4,280,0,0,4,280,0,0
01:fd:f7:ed:d4:d5,0,2,146,0,0,0,0,2,146
ea:be:27:cf:18:d5,0,1,70,0,0,1,70,0,0
10:b5:88:6c:e3:0c,0,10,5524,0,0,10,5524,0,0
fb:1e:58:ac:a9:70,0,2,146,0,0,2,146,0,0
59:85:e8:80:ff:ff,0,5,368,0,0,5,368,0,0
ff:ff:ff:ff:59:14,0,3,230,0,0,3,230,0,0
07:75:e6:60:8f:6a,0,1,70,0,0,0,0,1,70
b5:54:04:00:c0:de,0,1,88,0,0,1,88,0,0
3b:c4:54:7a:07:75,0,1,70,0,0,1,70,0,0
cb:25:b5:54:1a:a7,0,1,76,0,0,0,0,1,76
cb:25:b5:54:d2:c1,0,1,70,0,0,1,70,0,0
c3:09:b5:54:1a:a7,0,1,70,0,0,0,0,1,70
ff:ff:ff:ff:89:17,0,1,84,0,0,1,84,0,0
1a:a7:d2:3b:00:28,0,1,76,0,0,1,76,0,0
b6:f1:99:6a:00:28,0,4,298,0,0,4,298,0,0
66:36:1c:4b:07:75,0,1,70,0,0,1,70,0,0
b5:54:04:00:f0:de,0,1,88,0,0,1,88,0,0
b5:54:04:00:10:df,0,1,88,0,0,1,88,0,0
07:75:15:de:df:cd,0,1,70,0,0,0,0,1,70
ff:3b:e6:35:04:00,0,1,70,0,0,0,0,1,70
07:b9:2b:73:6b:8b,0,2,146,0,0,2,146,0,0
b5:54:b8:04:94:a7,0,1,70,0,0,0,0,1,70
ff:ff:ff:ff:52:86,0,1,84,0,0,1,84,0,0
ee:66:e2:5e:b5:54,0,1,70,0,0,1,70,0,0
b5:54:1d:f2:46:9a,0,1,70,0,0,0,0,1,70
cb:25:b5:54:88:85,0,9,684,0,0,9,684,0,0
b4:00:34:08:f8:89,0,9,684,0,0,0,0,9,684
83:40:b5:54:88:85,0,1,70,0,0,1,70,0,0
88:85:5b:aa:d2:99,0,1,76,0,0,1,76,0,0
dd:c2:1f:5c:dc:57,0,1,70,0,0,1,70,0,0
b5:54:88:85:5b:aa,0,1,76,0,0,1,76,0,0
88:85:5b:aa:d4:d5,0,16,1198,0,0,0,0,16,1198
1d:f2:46:9a:b5:54,0,3,210,0,0,3,210,0,0
ff:ff:ff:ff:82:85,0,1,84,0,0,1,84,0,0
46:9a:b5:54:88:85,0,1,70,0,0,1,70,0,0
c4:00:0a:08:c4:0a,0,1,70,0,0,0,0,1,70
07:75:f9:72:cc:35,0,1,70,0,0,0,0,1,70
28:33:21:69:b5:50,0,1,70,0,0,1,70,0,0
0b:8d:c5:d0:d4:d5,0,1,76,0,0,0,0,1,76
55:8c:cf:59:d4:d5,0,2,146,0,0,0,0,2,146
12:57:7f:ad:b5:54,0,1,70,0,0,1,70,0,0
b5:54:04:00:80:df,0,1,88,0,0,1,88,0,0
b5:54:ef:b3:be:f4,0,2,146,0,0,2,146,0,0
ff:ff:ff:c3:a5:3b,0,1,84,0,0,1,84,0,0
11:66:4d:f4:a3:f5,0,2,146,0,0,2,146,0,0
c8:6c:48:05:40:9a,0,3,222,0,0,3,222,0,0
15:de:df:cd:dc:57,0,1,70,0,0,1,70,0,0
6c:b0:86:36:b5:54,0,1,70,0,0,1,70,0,0
ff:ff:ff:c7:bc:ff,0,1,84,0,0,1,84,0,0
f6:a7:4c:e7:b5:54,0,1,70,0,0,1,70,0,0
b5:54:04:00:c0:df,0,3,264,0,0,3,264,0,0
b0:9d:31:13:d4:d5,0,2,146,0,0,0,0,2,146
d7:9a:4a:27:b5:54,0,1,70,0,0,1,70,0,0
ff:ff:ff:df:ea:67,0,1,84,0,0,1,84,0,0
dd:e5:d7:96:00:c9,0,2,146,0,0,2,146,0,0
cb:25:b5:54:dd:e5,0,1,76,0,0,1,76,0,0
b4:00:8c:07:f8:89,0,1,76,0,0,0,0,1,76
cb:25:b5:54:1c:5d,0,1,76,0,0,1,76,0,0
b4:00:07:04:f8:89,0,1,76,0,0,0,0,1,76
d2:71:18:d5:36:b1,0,2,152,0,0,1,76,1,76
b4:00:c8:00:c4:0a,0,1,76,0,0,0,0,1,76
cb:25:b5:54:cb:5a,0,4,304,0,0,4,304,0,0
b4:00:6c:01:f8:89,0,4,304,0,0,0,0,4,304
b4:00:f3:00:c4:0a,0,2,152,0,0,0,0,2,152
c4:00:c7:00:f8:89,0,2,140,0,0,0,0,2,140
a6:f5:b5:54:cb:5a,0,1,70,0,0,1,70,0,0
c4:00:42:01:c4:0a,0,1,70,0,0,0,0,1,70
04:00:40:5d:ff:ff,0,1,88,0,0,1,88,0,0
43:0d:b5:10:ff:ff,0,2,146,0,0,2,146,0,0
6f:ce:51:d8:ff:ff,0,2,146,0,0,2,146,0,0
18:bd:7b:f5:ff:ff,0,2,146,0,0,2,146,0,0
b5:54:04:00:a0:5d,0,1,88,0,0,1,88,0,0
3f:e1:1c:3c:d4:d5,0,2,146,0,0,0,0,2,146
06:d5:02:3a:b5:54,0,1,70,0,0,1,70,0,0
b8:5d:22:e6:d4:d5,0,2,146,0,0,0,0,2,146
f6:f3:a4:20:dc:57,0,1,70,0,0,1,70,0,0
05:00:70:52:01:00,0,1,88,0,0,0,0,1,88
7f:1e:4a:92:d4:d5,0,1,76,0,0,0,0,1,76
7f:1e:4a:92:60:4a,0,2,146,0,0,2,146,0,0
85:4f:8f:61:07:75,0,1,70,0,0,1,70,0,0
b5:54:04:00:00:e0,0,1,88,0,0,1,88,0,0
ff:ff:ff:ff:1a:c5,0,4,306,0,0,4,306,0,0
33:33:ff:2c:83:f1,0,5,900,0,0,0,0,5,900
d8:c0:a6:62:7d:83,0,3,821,0,0,3,821,0,0
ff:ff:ff:ff:6b:c8,0,2,154,0,0,2,154,0,0
07:75:46:97:99:ff,0,1,70,0,0,0,0,1,70
f2:09:c0:15:25:f4,0,11,1794,0,0,11,1794,0,0
d4:8a:39:95:55:cc,0,82,12728,0,0,82,12728,0,0
00:0a:f5:fb:54:1b,0,9,1478,0,0,9,1478,0,0
02:18:f4:32:f1:59,0,5,790,0,0,5,790,0,0
d8:dc:40:3c:5e:47,0,72,28704,0,0,72,28704,0,0
98:09:cf:a5:06:02,0,13,2186,0,0,13,2186,0,0
33:33:ff:4f:b7:32,0,3,540,0,0,0,0,3,540
42:d5:c9:d2:b5:52,0,1,70,0,0,1,70,0,0
cc:15:31:da:fd:b3,0,2,622,0,0,2,622,0,0
04:00:c0:fa:ff:ff,0,1,88,0,0,1,88,0,0
33:33:ff:d8:aa:ae,0,1,180,0,0,0,0,1,180
04:00:f0:fa:ff:ff,0,1,88,0,0,1,88,0,0
04:00:00:fb:ff:ff,0,1,88,0,0,1,88,0,0
04:00:10:fb:ff:ff,0,1,88,0,0,1,88,0,0
04:00:30:fb:ff:ff,0,1,88,0,0,1,88,0,0
04:00:50:fb:ff:ff,0,1,88,0,0,1,88,0,0
04:00:60:fb:ff:ff,0,1,88,0,0,1,88,0,0
58:73:d8:19:4c:41,0,7,1978,0,0,7,1978,0,0
80:e3:6d:8a:b5:51,0,1,70,0,0,1,70,0,0
0c:fd:ee:a4:18:d5,0,1,70,0,0,1,70,0,0
0c:fd:ee:a4:b5:53,0,1,70,0,0,1,70,0,0
04:00:80:fb:ff:ff,0,1,88,0,0,0,0,1,88
04:00:90:fb:ff:ff,0,1,88,0,0,0,0,1,88
fc:aa:b6:6a:75:52,0,5,1938,0,0,5,1938,0,0
04:00:a0:fb:ff:ff,0,1,88,0,0,1,88,0,0
04:00:10:7f:ff:ff,0,1,88,0,0,1,88,0,0
04:00:50:fc:ff:ff,0,2,158,0,0,2,158,0,0
b0:be:83:24:73:ec,0,8,3858,0,0,8,3858,0,0
33:33:ff:b4:93:78,0,1,180,0,0,0,0,1,180
f0:a3:5a:13:36:1d,0,2,308,0,0,2,308,0,0
33:33:ff:ca:52:9d,0,1,180,0,0,0,0,1,180
04:00:70:fc:ff:ff,0,1,88,0,0,1,88,0,0
88:64:40:75:92:a4,0,3,791,0,0,3,791,0,0
33:33:ff:01:60:dc,0,2,360,0,0,0,0,2,360
04:00:c0:fd:ff:ff,0,1,88,0,0,1,88,0,0
c8:94:02:82:f4:dd,0,17,3786,0,0,17,3786,0,0
04:00:e0:fd:ff:ff,0,1,88,0,0,1,88,0,0
10:e4:c2:a8:15:e1,0,16,2572,0,0,16,2572,0,0
54:b8:02:e1:57:89,0,54,8629,0,0,54,8629,0,0
c1:9f:6d:25:6f:2b,0,1,76,0,0,0,0,1,76
a8:8f:ed:b4:6d:25,0,2,140,0,0,2,140,0,0
33:33:ff:27:6d:b1,0,7,1260,0,0,0,0,7,1260
74:4c:a1:92:07:e3,0,7,1726,0,0,7,1726,0,0
15:8a:37:0a:ca:80,0,1,70,0,0,1,70,0,0
af:c7:7d:5b:69:f2,0,2,146,0,0,2,146,0,0
92:d7:b0:0b:b5:53,0,2,140,0,0,2,140,0,0
fc:e2:6c:0b:0b:57,0,17,8457,0,0,17,8457,0,0
c0:95:6d:26:b7:2e,0,10,6376,0,0,10,6376,0,0
04:00:40:fe:ff:ff,0,1,88,0,0,1,88,0,0
d4:1b:81:6c:62:2d,0,5,1428,0,0,5,1428,0,0
a0:65:e5:87:ea:73,0,1,76,0,0,1,76,0,0
92:65:94:12:58:3d,0,2,146,0,0,2,146,0,0
b5:55:04:00:c0:36,0,2,158,0,0,2,158,0,0
04:00:70:ff:ff:ff,0,1,88,0,0,1,88,0,0
04:00:60:f2:ff:ff,0,2,176,0,0,2,176,0,0
04:00:70:f2:ff:ff,0,1,88,0,0,1,88,0,0
f6:6a:88:e6:78:cd,0,8,1821,0,0,8,1821,0,0
33:33:ff:e6:78:cd,0,4,720,0,0,0,0,4,720
04:00:80:ff:ff:ff,0,9,792,0,0,9,792,0,0
04:00:b0:ff:ff:ff,0,1,88,0,0,1,88,0,0
04:00:d0:ff:ff:ff,0,1,88,0,0,1,88,0,0
04:00:e0:ff:ff:ff,0,2,176,0,0,2,176,0,0
04:00:f0:ff:ff:ff,0,1,88,0,0,1,88,0,0
04:00:10:00:ff:ff,0,1,88,0,0,1,88,0,0
7c:2a:ca:4f:d5:39,0,21,4784,0,0,21,4784,0,0
33:33:ff:8b:90:bf,0,3,540,0,0,0,0,3,540
04:00:80:f2:ff:ff,0,2,176,0,0,2,176,0,0
04:72:95:3f:9a:71,0,74,25013,0,0,74,25013,0,0
4c:d5:77:86:ed:b1,0,6,2476,0,0,6,2476,0,0
33:33:ff:91:64:5e,0,3,540,0,0,0,0,3,540
46:a4:f9:1d:28:37,0,2,146,0,0,2,146,0,0
b4:31:61:63:9c:43,0,9,1570,0,0,9,1570,0,0
04:00:80:01:ff:ff,0,6,474,0,0,6,474,0,0
33:33:ff:51:33:be,0,1,180,0,0,0,0,1,180
70:f0:87:bf:51:3b,0,19,6612,0,0,19,6612,0,0
38:7a:0e:cf:de:dd,0,2,465,0,0,2,465,0,0
04:00:c0:f2:ff:ff,0,1,88,0,0,1,88,0,0
01:00:5e:00:00:07,0,5,775,0,0,0,0,5,775
b5:54:04:00:e0:e0,0,1,88,0,0,1,88,0,0
04:c8:07:05:e5:6e,0,2,522,0,0,2,522,0,0
04:00:70:02:ff:ff,0,2,176,0,0,1,88,1,88
04:00:a0:02:ff:ff,0,1,88,0,0,1,88,0,0
04:00:b0:02:ff:ff,0,1,88,0,0,1,88,0,0
a0:78:17:cb:52:9b,0,8,1805,0,0,8,1805,0,0
b5:54:04:00:20:e1,0,1,88,0,0,1,88,0,0
bc:f7:30:28:67:00,0,1,184,0,0,1,184,0,0
04:00:f0:7f:ff:ff,0,1,88,0,0,1,88,0,0
cb:25:b5:54:02:1e,0,1,76,0,0,1,76,0,0
b4:00:94:06:f8:89,0,1,76,0,0,0,0,1,76
92:1a:b5:54:02:1e,0,1,70,0,0,1,70,0,0
c4:00:6a:06:c4:0a,0,1,70,0,0,0,0,1,70
b5:54:fb:29:92:1a,0,1,70,0,0,0,0,1,70
ff:ff:ff:ff:88:db,0,1,84,0,0,1,84,0,0
a0:91:d2:d9:b5:51,0,1,70,0,0,1,70,0,0
b5:54:04:00:50:e1,0,1,88,0,0,1,88,0,0
c6:f2:cb:25:b5:55,0,1,70,0,0,0,0,1,70
cb:25:b5:54:60:8f,0,3,228,0,0,0,0,3,228
cb:25:b5:54:ce:b7,0,1,70,0,0,1,70,0,0
de:0f:b5:54:60:8f,0,1,70,0,0,0,0,1,70
07:b9:2b:73:49:95,0,2,146,0,0,2,146,0,0
b5:54:8a:18:bb:f3,0,1,70,0,0,0,0,1,70
ff:ff:ff:ff:58:d8,0,4,312,0,0,4,312,0,0
11:33:21:f4:b5:54,0,1,70,0,0,1,70,0,0
ff:ff:ff:91:2b:20,0,3,230,0,0,3,230,0,0
b5:54:57:bc:60:e3,0,1,70,0,0,0,0,1,70
ff:ff:ff:ff:74:6c,0,1,84,0,0,1,84,0,0
cb:25:b5:54:54:e3,0,1,76,0,0,0,0,1,76
cb:25:b5:54:0a:3e,0,1,70,0,0,1,70,0,0
91:37:b5:54:54:e3,0,1,70,0,0,0,0,1,70
ff:ff:ff:eb:30:33,0,3,230,0,0,3,230,0,0
b5:54:6e:40:c8:9a,0,1,70,0,0,0,0,1,70
ff:ff:ff:fb:54:23,0,3,230,0,0,3,230,0,0
07:75:d3:79:11:5f,0,1,70,0,0,0,0,1,70
b8:f6:99:02:b5:51,0,1,70,0,0,1,70,0,0
b5:54:04:00:00:e2,0,2,158,0,0,2,158,0,0
b9:e6:0b:77:b5:53,0,1,70,0,0,1,70,0,0
e1:12:69:d9:b5:52,0,1,70,0,0,1,70,0,0
48:74:12:8a:09:9b,0,7,1725,0,0,7,1725,0,0
2c:a7:ef:7d:6d:1f,0,19,4341,0,0,19,4341,0,0
31:a7:72:40:00:28,0,3,222,0,0,3,222,0,0
ff:ff:ff:ff:9d:e4,0,1,84,0,0,1,84,0,0
ff:ff:ff:ff:47:7c,0,1,84,0,0,1,84,0,0
74:71:8b:84:85:52,0,2,872,0,0,2,872,0,0
cb:25:b5:54:2e:fe,0,1,70,0,0,1,70,0,0
fb:bb:b5:54:33:28,0,1,70,0,0,0,0,1,70
5c:74:71:1a:cd:2d,0,2,146,0,0,2,146,0,0
ff:ff:ff:ff:7f:fe,0,1,84,0,0,1,84,0,0
ff:ff:ff:ff:e7:7b,0,3,230,0,0,3,230,0,0
ff:ff:ff:ff:0f:fa,0,1,84,0,0,1,84,0,0
d2:c7:07:75:b0:7c,0,1,70,0,0,1,70,0,0
e5:37:cb:25:b5:55,0,1,70,0,0,0,0,1,70
1f:5c:0c:07:ac:28,0,1,70,0,0,0,0,1,70
b5:54:04:00:80:e2,0,2,158,0,0,2,158,0,0
20:37:a5:66:73:28,0,6,4824,0,0,6,4824,0,0
04:00:a0:03:ff:ff,0,2,176,0,0,2,176,0,0
04:00:b0:03:ff:ff,0,2,176,0,0,2,176,0,0
04:00:20:04:ff:ff,0,2,176,0,0,2,176,0,0
04:00:40:04:ff:ff,0,2,176,0,0,2,176,0,0
f2:c5:4d:df:00:28,0,6,2502,0,0,6,2502,0,0
04:00:b0:04:ff:ff,0,2,176,0,0,2,176,0,0
04:00:c0:04:ff:ff,0,3,264,0,0,3,264,0,0
c1:9f:6d:25:f6:fe,0,1,76,0,0,0,0,1,76
c1:9f:6d:25:79:b0,0,1,70,0,0,1,70,0,0
1c:4c:6d:25:f6:fe,0,1,70,0,0,0,0,1,70
d2:c7:07:75:ed:0a,0,1,76,0,0,0,0,1,76
3c:9b:a8:9d:ca:85,0,1,70,0,0,1,70,0,0
b5:54:04:00:f0:e2,0,1,88,0,0,1,88,0,0
a4:20:ca:85:04:00,0,1,70,0,0,1,70,0,0
04:00:b0:05:ff:ff,0,2,176,0,0,2,176,0,0
04:00:c0:05:ff:ff,0,2,176,0,0,2,176,0,0
0c:fd:ee:a4:b5:51,0,1,70,0,0,1,70,0,0
d2:c7:07:75:89:0a,0,1,76,0,0,0,0,1,76
d2:c7:07:75:35:f8,0,1,70,0,0,1,70,0,0
88:59:07:75:89:0a,0,1,70,0,0,0,0,1,70
d4:87:07:75:89:0a,0,1,70,0,0,0,0,1,70
04:00:80:06:ff:ff,0,2,176,0,0,2,176,0,0
04:00:90:06:ff:ff,0,2,176,0,0,2,176,0,0
ec:28:d3:c6:a1:4b,0,12,3062,0,0,12,3062,0,0
04:00:b0:06:ff:ff,0,1,88,0,0,1,88,0,0
04:00:f0:06:ff:ff,0,2,176,0,0,2,176,0,0
04:00:10:07:ff:ff,0,3,264,0,0,3,264,0,0
04:00:30:07:ff:ff,0,2,176,0,0,1,88,1,88
04:00:40:07:ff:ff,0,2,176,0,0,2,176,0,0
7b:ff:31:04:19:97,0,1,70,0,0,1,70,0,0
c4:00:20:01:f8:89,0,1,70,0,0,0,0,1,70
b4:00:94:00:c4:0a,0,1,76,0,0,0,0,1,76
33:33:ff:79:b1:7b,0,1,180,0,0,0,0,1,180
04:00:70:07:ff:ff,0,1,88,0,0,1,88,0,0
04:00:80:07:ff:ff,0,1,88,0,0,1,88,0,0
1f:5c:0c:07:ac:14,0,1,70,0,0,0,0,1,70
9e:c5:7c:26:d8:7f,0,258,25190,0,0,114,11903,144,13287
11:51:9b:27:d8:7f,0,60,4200,0,0,60,4200,0,0
7c:fd:6b:53:43:06,0,11,1980,0,0,11,1980,0,0
1a:8b:7a:20:ed:24,0,5,1205,0,0,5,1205,0,0
f7:3f:d3:c4:d8:7f,0,1,70,0,0,1,70,0,0
c5:79:b1:16:d8:7f,0,5,350,0,0,5,350,0,0
04:00:30:00:5b:e8,0,1,80,0,0,1,80,0,0
04:00:30:00:00:00,0,1,88,0,0,1,88,0,0
97:16:dc:47:d9:f1,0,1,76,0,0,1,76,0,0
97:16:dc:47:3c:4b,0,3,216,0,0,3,216,0,0
a1:08:85:74:4c:60,0,3,216,0,0,3,216,0,0
f0:6c:5d:a2:7d:42,0,92,14361,0,0,92,14361,0,0
d4:8a:39:0a:ea:34,0,73,11082,0,0,73,11082,0,0
d1:0c:b4:c3:91:4e,0,2,146,0,0,2,146,0,0
6f:9b:b1:b3:45:62,0,1,76,0,0,1,76,0,0
ff:ff:ff:ff:c6:97,0,1,84,0,0,1,84,0,0
07:b9:2b:73:61:ed,0,2,146,0,0,2,146,0,0
ff:ff:ff:ff:fe:15,0,7,516,0,0,7,516,0,0
b5:50:9e:c5:7c:26,0,8,620,0,0,0,0,8,620
d8:7f:c5:79:b1:16,0,2,140,0,0,0,0,2,140
d8:7f:11:51:9b:27,0,3,210,0,0,0,0,3,210
16:0e:89:55:1b:5e,0,115,35494,0,0,115,35494,0,0
d3:c4:0c:07:ac:82,0,1,70,0,0,1,70,0,0
c4:00:5a:00:9e:c5,0,3,210,0,0,0,0,3,210
9b:27:0c:07:ac:82,0,1,70,0,0,1,70,0,0
d4:00:00:00:9e:c5,0,4,280,0,0,0,0,4,280
cb:25:b5:50:04:30,0,1,80,0,0,1,80,0,0
84:00:2c:00:9e:c5,0,2,160,0,0,0,0,2,160
7c:26:d8:7f:04:30,0,1,88,0,0,1,88,0,0
d4:87:d8:7f:04:30,0,1,70,0,0,1,70,0,0
b1:16:d8:7f:04:30,0,3,210,0,0,3,210,0,0
c4:00:66:00:9e:c5,0,3,210,0,0,0,0,3,210
1e:41:d8:7f:04:30,0,2,140,0,0,2,140,0,0
c4:00:6a:00:9e:c5,0,2,140,0,0,0,0,2,140
9b:27:d8:7f:04:30,0,2,140,0,0,2,140,0,0
38:dd:a6:f5:d8:7f,0,2,146,0,0,2,146,0,0
04:00:30:00:01:00,0,1,88,0,0,1,88,0,0
aa:18:31:04:19:97,0,7,490,0,0,7,490,0,0
d3:c4:31:04:19:97,0,1,70,0,0,1,70,0,0
04:c8:07:19:5c:f2,0,6,1500,0,0,6,1500,0,0
dc:f5:05:dc:de:19,0,24,6563,0,0,24,6563,0,0
04:00:f0:27:ba:55,0,1,80,0,0,1,80,0,0
04:00:f0:27:00:00,0,1,88,0,0,1,88,0,0
11:51:9b:27:ca:81,0,2,140,0,0,2,140,0,0
38:dd:a6:f5:00:3c,0,4,286,0,0,4,286,0,0
ba:87:29:6d:00:3c,0,2,146,0,0,2,146,0,0
15:4c:53:df:00:3c,0,3,216,0,0,3,216,0,0
b5:54:04:00:a0:e3,0,1,88,0,0,1,88,0,0
7c:26:d8:7f:c4:0a,0,1,76,0,0,1,76,0,0
cb:25:b5:50:04:cd,0,1,76,0,0,0,0,1,76
cb:25:b5:50:3b:f5,0,1,70,0,0,1,70,0,0
54:93:b5:50:04:cd,0,1,70,0,0,0,0,1,70
07:b9:2b:73:b8:fd,0,2,146,0,0,2,146,0,0
ff:ff:ff:ff:16:94,0,1,84,0,0,1,84,0,0
d3:79:11:5f:b5:52,0,1,70,0,0,1,70,0,0
d2:c7:07:75:0c:fd,0,3,210,0,0,3,210,0,0
ee:a4:07:75:e7:12,0,2,140,0,0,0,0,2,140
a4:6b:b6:14:03:07,0,7,3424,0,0,7,3424,0,0
6f:9b:b1:b3:7f:d8,0,2,146,0,0,2,146,0,0
ff:ff:ff:ff:b7:9a,0,1,84,0,0,1,84,0,0
46:8f:89:60:2a:c6,0,86,32997,0,0,86,32997,0,0
6a:49:ff:02:e5:e3,0,44,10324,0,0,44,10324,0,0
6f:9b:b1:b3:c1:5f,0,4,292,0,0,4,292,0,0
d1:0c:b4:c3:dc:e2,0,2,146,0,0,2,146,0,0
6f:9b:b1:b3:60:35,0,4,292,0,0,4,292,0,0
ff:ff:ff:ff:c7:9e,0,1,84,0,0,1,84,0,0
f6:d2:b3:ba:50:2e,0,16,3332,0,0,16,3332,0,0
ff:ff:ff:ff:ff:1c,0,1,84,0,0,1,84,0,0
33:33:ff:e8:89:28,0,4,720,0,0,0,0,4,720
29:b5:ef:ba:d6:9f,0,2,146,0,0,2,146,0,0
b5:54:bd:a6:d3:0d,0,1,70,0,0,0,0,1,70
ff:ff:ff:ff:cd:05,0,1,84,0,0,1,84,0,0
dd:c2:1f:5c:b5:51,0,1,70,0,0,1,70,0,0
7c:26:d8:7f:e0:a5,0,1,76,0,0,1,76,0,0
b4:00:86:00:c4:0a,0,1,76,0,0,0,0,1,76
d3:c4:d8:7f:e0:a5,0,1,70,0,0,1,70,0,0
aa:18:0f:c9:29:b8,0,1,70,0,0,1,70,0,0
cb:25:b5:50:04:20,0,1,80,0,0,1,80,0,0
7c:26:d8:7f:04:20,0,1,88,0,0,1,88,0,0
3e:b3:0d:de:e5:e3,0,2,152,0,0,2,152,0,0
3e:b3:0d:de:19:97,0,2,152,0,0,2,152,0,0
cb:25:b5:54:db:d1,0,1,70,0,0,1,70,0,0
0a:88:b5:54:3e:b3,0,1,70,0,0,0,0,1,70
ff:ff:ff:ff:70:2f,0,1,84,0,0,1,84,0,0
ff:ff:ff:ff:1d:06,0,1,84,0,0,1,84,0,0
04:00:f0:81:ff:ff,0,1,88,0,0,1,88,0,0
8a:6c:1e:41:d8:7f,0,11,770,0,0,11,770,0,0
70:62:54:c5:d8:7f,0,9,630,0,0,9,630,0,0
ee:48:0a:6a:d8:7f,0,1,70,0,0,1,70,0,0
14:46:40:ee:d8:7f,0,2,140,0,0,2,140,0,0
a1:5d:a5:3d:d8:7f,0,2,140,0,0,2,140,0,0
02:9a:05:36:d8:7f,0,1,70,0,0,1,70,0,0
7c:26:d8:7f:11:51,0,6,420,0,0,6,420,0,0
9b:27:00:00:00:fb,0,2,140,0,0,0,0,2,140
92:d7:b0:0b:07:75,0,2,140,0,0,2,140,0,0
ee:75:62:db:83:75,0,6,1284,0,0,6,1284,0,0
04:cd:d7:70:51:3b,0,2,146,0,0,2,146,0,0
11:51:9b:27:b5:52,0,3,210,0,0,3,210,0,0
83:40:59:5e:f4:a8,0,1,70,0,0,1,70,0,0
11:51:9b:27:b5:51,0,2,140,0,0,2,140,0,0
f6:f3:a4:20:b5:51,0,1,70,0,0,1,70,0,0
11:51:9b:27:b5:53,0,1,70,0,0,1,70,0,0
22:00:8b:46:95:0c,0,1,76,0,0,1,76,0,0
c6:56:e0:db:8e:bf,0,4,1196,0,0,4,1196,0,0
1e:cd:72:18:21:ce,0,31,11768,0,0,31,11768,0,0
b9:e6:0b:77:ca:80,0,4,280,0,0,4,280,0,0
11:51:9b:27:ca:84,0,2,140,0,0,2,140,0,0
11:51:9b:27:b5:50,0,2,140,0,0,2,140,0,0
f6:f3:a4:20:ca:83,0,2,140,0,0,2,140,0,0
04:00:c0:07:ff:ff,0,2,176,0,0,1,88,1,88
04:00:30:08:ff:ff,0,1,88,0,0,1,88,0,0
30:fc:eb:84:35:38,0,151,33505,0,0,151,33505,0,0
d0:49:7c:2a:e6:c8,0,4,616,0,0,4,616,0,0
10:ec:81:fe:72:4f,0,85,12732,0,0,85,12732,0,0
ac:49:db:dd:63:4d,0,95,61153,0,0,95,61153,0,0
33:33:ff:27:6b:1d,0,11,1980,0,0,0,0,11,1980
33:33:ff:2b:33:f1,0,4,720,0,0,0,0,4,720
30:03:c8:8b:d5:d3,0,16,3232,0,0,16,3232,0,0
14:7d:da:9a:18:3d,0,10,5556,0,0,10,5556,0,0
66:92:51:cb:bd:b4,0,15,2770,0,0,15,2770,0,0
7c:78:7e:54:7b:98,0,9,1727,0,0,9,1727,0,0
b8:94:e7:17:85:9e,0,76,22012,0,0,76,22012,0,0
c4:0a:cb:2d:ca:05,0,1,88,0,0,1,88,0,0
04:00:80:08:ff:ff,0,1,88,0,0,0,0,1,88
28:c1:40:5e:05:10,0,1,1374,0,0,1,1374,0,0
33:08:28:c1:40:5e,0,1,1374,0,0,0,0,1,1374
a4:cf:99:8a:e4:93,0,39,29514,0,0,39,29514,0,0
04:00:f0:08:ff:ff,0,2,176,0,0,2,176,0,0
70:dd:a8:08:55:79,0,19,3402,0,0,19,3402,0,0
94:ad:23:7a:f4:40,0,17,3331,0,0,17,3331,0,0
b2:ef:b1:cc:e4:93,0,4,298,0,0,4,298,0,0
ff:ff:ff:ff:24:8d,0,1,84,0,0,1,84,0,0
02:81:58:71:26:62,0,145,31837,0,0,145,31837,0,0
46:e9:85:5b:ca:81,0,1,70,0,0,1,70,0,0
cb:25:b5:54:ce:56,0,1,76,0,0,0,0,1,76
cb:25:b5:54:5d:16,0,1,70,0,0,1,70,0,0
38:3d:b5:54:ce:56,0,1,70,0,0,0,0,1,70
07:75:ef:84:7d:8e,0,1,70,0,0,0,0,1,70
b5:54:bf:86:f7:e6,0,1,70,0,0,0,0,1,70
cb:25:b5:54:53:36,0,2,152,0,0,1,76,1,76
b4:00:1c:07:f8:89,0,1,76,0,0,0,0,1,76
cb:25:e6:35:5b:1e,0,2,152,0,0,2,152,0,0
b4:00:54:06:c0:47,0,2,152,0,0,0,0,2,152
4f:d3:88:1c:bd:b4,0,1,76,0,0,1,76,0,0
04:00:50:84:ff:ff,0,1,88,0,0,1,88,0,0
5a:bf:f6:e3:fa:b4,0,15,3560,0,0,15,3560,0,0
cb:25:e6:35:42:b5,0,2,152,0,0,0,0,2,152
54:8c:32:d9:b4:40,0,1,70,0,0,1,70,0,0
a9:be:e6:35:42:b5,0,1,70,0,0,0,0,1,70
d4:87:e6:35:42:b5,0,1,70,0,0,0,0,1,70
15:a7:7b:be:39:3b,0,1,76,0,0,1,76,0,0
c0:47:54:8c:32:41,0,1,1392,0,0,0,0,1,1392
da:06:37:8c:cd:47,0,2,362,0,0,2,362,0,0
82:05:0c:6e:b6:4e,0,2,368,0,0,2,368,0,0
da:3a:52:2b:af:9a,0,1,184,0,0,1,184,0,0
15:a7:7b:be:c1:ab,0,1,76,0,0,1,76,0,0
3a:9f:6e:c6:5a:43,0,1,173,0,0,1,173,0,0
0a:d8:1a:04:11:f0,0,1,196,0,0,1,196,0,0
18:28:af:cc:c4:d3,0,1,76,0,0,1,76,0,0
ff:ff:ff:ff:e0:b8,0,1,84,0,0,1,84,0,0
cb:25:e6:35:80:fb,0,1,76,0,0,0,0,1,76
34:e9:11:aa:98:99,0,8,1386,0,0,8,1386,0,0
24:95:2f:b3:af:29,0,63,10254,0,0,63,10254,0,0
4a:cf:b9:49:1d:4e,0,27,9939,0,0,27,9939,0,0
a8:64:f1:44:d1:f8,0,4,1112,0,0,4,1112,0,0
0d:c0:66:85:b5:54,0,1,70,0,0,1,70,0,0
83:40:e6:35:04:00,0,1,70,0,0,0,0,1,70
9b:27:cb:25:b5:55,0,1,70,0,0,0,0,1,70
ff:ff:ff:ff:40:bf,0,2,154,0,0,2,154,0,0
ff:ff:ff:ff:78:3d,0,1,84,0,0,1,84,0,0
92:52:9a:de:9c:3f,0,19,4536,0,0,19,4536,0,0
b9:2e:2e:03:4c:60,0,2,146,0,0,2,146,0,0
74:14:1d:aa:51:3b,0,5,380,0,0,5,380,0,0
8c:99:70:5e:51:3b,0,6,438,0,0,6,438,0,0
a1:08:85:74:51:3b,0,2,146,0,0,2,146,0,0
23:52:0a:ec:51:3b,0,3,216,0,0,3,216,0,0
ba:87:29:6d:51:3b,0,2,146,0,0,2,146,0,0
38:dd:a6:f5:51:3b,0,3,216,0,0,3,216,0,0
ff:ff:ff:ff:90:bc,0,1,84,0,0,1,84,0,0
1e:df:76:bd:05:49,0,38,9123,0,0,38,9123,0,0
04:00:20:87:ff:ff,0,2,158,0,0,2,158,0,0
33:33:ff:1c:12:df,0,1,180,0,0,0,0,1,180
76:ad:de:35:5b:6c,0,4,745,0,0,4,745,0,0
69:c9:68:fa:d8:7f,0,1,70,0,0,1,70,0,0
37:21:62:36:d8:7f,0,1,70,0,0,1,70,0,0
a0:c8:0a:07:ac:28,0,1,1388,0,0,0,0,1,1388
b5:54:04:00:60:e8,0,3,264,0,0,3,264,0,0
ff:ff:ff:ff:e1:b1,0,1,84,0,0,1,84,0,0
d2:0c:16:e4:f7:54,0,19,3873,0,0,19,3873,0,0
34:7d:f6:b3:d2:92,0,42,11082,0,0,40,9548,2,1534
33:33:ff:42:8b:4d,0,14,2512,0,0,0,0,14,2512
ff:ff:ff:ff:d9:33,0,2,154,0,0,2,154,0,0
cb:25:b5:54:43:40,0,4,280,0,0,4,280,0,0
ff:ff:ff:ff:31:b2,0,1,84,0,0,1,84,0,0
d0:88:0c:6f:ac:3d,0,10,8160,0,0,10,8160,0,0
8c:f8:c5:7a:ed:01,0,1,189,0,0,1,189,0,0
e0:d0:45:4c:d8:0d,0,17,4847,0,0,17,4847,0,0
42:0a:44:99:2a:c6,0,2,146,0,0,2,146,0,0
ff:ff:ff:ff:a9:37,0,1,84,0,0,1,84,0,0
cb:25:b5:54:52:8f,0,1,76,0,0,0,0,1,76
cb:25:b5:54:d7:c0,0,1,70,0,0,1,70,0,0
07:a1:b5:54:52:8f,0,1,70,0,0,0,0,1,70
ff:ff:ff:ff:41:b6,0,4,300,0,0,4,300,0,0
07:75:0c:fd:ee:a4,0,2,140,0,0,0,0,2,140
ff:ff:ff:ff:79:34,0,3,230,0,0,3,230,0,0
74:14:1d:aa:33:91,0,2,146,0,0,2,146,0,0
98:00:a0:8b:82:78,0,2,152,0,0,2,152,0,0
98:00:a0:8b:fc:c1,0,2,152,0,0,2,152,0,0
98:00:a0:8b:85:38,0,2,152,0,0,2,152,0,0
98:00:a0:8b:66:27,0,2,146,0,0,2,146,0,0
ff:ff:ff:ff:be:81,0,1,84,0,0,1,84,0,0
57:bc:81:6a:f4:a8,0,1,76,0,0,1,76,0,0
c2:4a:6d:1f:54:1d,0,55,8226,0,0,55,8226,0,0
0a:e9:e1:ed:5b:42,0,3,216,0,0,3,216,0,0
98:00:a0:8b:5b:42,0,2,146,0,0,2,146,0,0
98:00:a0:8b:39:3b,0,1,76,0,0,1,76,0,0
93:f7:0a:9b:70:95,0,1,76,0,0,1,76,0,0
07:75:71:84:d7:42,0,1,70,0,0,0,0,1,70
dc:a9:04:bc:2c:3e,0,62,22029,0,0,62,22029,0,0
ff:ff:ff:ff:ea:23,0,1,84,0,0,1,84,0,0
cb:e6:07:75:4f:5a,0,1,70,0,0,0,0,1,70
d4:87:07:75:4f:5a,0,1,70,0,0,0,0,1,70
b5:54:04:00:00:62,0,8,686,0,0,8,686,0,0
3b:ee:a0:19:b5:53,0,1,70,0,0,1,70,0,0
70:1a:b8:3a:ac:00,0,76,15387,0,0,76,15387,0,0
dc:55:83:d3:7e:d9,0,2,308,0,0,2,308,0,0
6d:a6:22:83:b5:53,0,1,70,0,0,1,70,0,0
04:00:90:0a:ff:ff,0,1,88,0,0,1,88,0,0
04:00:a0:0a:ff:ff,0,1,88,0,0,1,88,0,0
54:8c:32:d9:26:f1,0,1,70,0,0,1,70,0,0
dd:f9:cb:25:b5:55,0,1,70,0,0,0,0,1,70
32:09:4b:ac:d0:a0,0,15,3530,0,0,15,3530,0,0
c8:78:9e:1e:ac:00,0,1,76,0,0,1,76,0,0
ec:c7:a4:24:ac:00,0,1,76,0,0,1,76,0,0
c6:d7:2c:98:88:f8,0,18,5620,0,0,18,5620,0,0
3b:ee:a0:19:b5:52,0,1,70,0,0,1,70,0,0
cb:25:e6:55:12:0c,0,1,694,0,0,1,694,0,0
88:1e:5a:3b:52:4d,0,10,4360,0,0,10,4360,0,0
30:bb:7d:6f:ca:c7,0,28,4522,0,0,28,4522,0,0
a1:1e:50:3d:19:ef,0,1,76,0,0,1,76,0,0
ff:7f:df:6a:0a:44,0,1,182,0,0,0,0,1,182
b5:55:04:00:d0:36,0,1,88,0,0,1,88,0,0
b7:61:d0:7a:85:fc,0,1,168,0,0,1,168,0,0
37:e9:cc:fb:3b:a3,0,1,168,0,0,0,0,1,168
04:c8:07:2d:ea:cc,0,17,5508,0,0,17,5508,0,0
c6:83:50:bc:a7:06,0,1,76,0,0,1,76,0,0
c1:00:49:f9:c1:ab,0,1,76,0,0,1,76,0,0
c0:47:cc:fb:56:97,0,1,174,0,0,0,0,1,174
c0:c0:7e:04:19:97,0,1,178,0,0,1,178,0,0
4d:a1:08:c3:df:4b,0,1,76,0,0,1,76,0,0
3b:40:07:5e:df:4b,0,1,76,0,0,1,76,0,0
3b:fe:e8:4c:d5:f7,0,1,298,0,0,1,298,0,0
5d:48:1f:39:80:2a,0,1,229,0,0,1,229,0,0
6e:f0:31:c8:76:a6,0,1,229,0,0,0,0,1,229
33:b8:f4:78:6e:a6,0,1,169,0,0,1,169,0,0
56:85:e8:b7:3a:99,0,1,169,0,0,0,0,1,169
f2:5d:f1:f5:55:8c,0,1,195,0,0,1,195,0,0
f1:f5:55:8c:32:d9,0,1,195,0,0,0,0,1,195
04:00:10:91:ff:ff,0,1,88,0,0,1,88,0,0
04:00:90:91:ff:ff,0,1,88,0,0,1,88,0,0
04:00:a0:91:ff:ff,0,1,88,0,0,1,88,0,0
04:00:b0:91:ff:ff,0,1,88,0,0,1,88,0,0
3e:8e:20:cd:75:ee,0,4,716,0,0,4,716,0,0
58:1c:f8:fb:19:90,0,1,311,0,0,1,311,0,0
b8:b7:b3:3d:18:97,0,1,166,0,0,1,166,0,0
e7:a1:50:8c:32:d9,0,1,166,0,0,0,0,1,166
27:36:38:15:16:ce,0,2,236,0,0,2,236,0,0
ec:c7:a4:24:91:4e,0,1,76,0,0,1,76,0,0
da:f1:31:04:19:37,0,1,201,0,0,1,201,0,0
58:30:c7:01:36:d9,0,1,201,0,0,0,0,1,201
25:83:92:03:61:ed,0,1,76,0,0,1,76,0,0
c5:88:4e:d3:b5:51,0,1,70,0,0,1,70,0,0
06:e9:a9:8b:7b:9e,0,1,76,0,0,1,76,0,0
54:8c:32:d9:3d:a6,0,1,70,0,0,1,70,0,0
20:bc:cb:25:b5:55,0,1,70,0,0,0,0,1,70
ff:ff:ff:ff:77:a3,0,1,84,0,0,1,84,0,0
08:8e:dc:36:02:8e,0,1,302,0,0,1,302,0,0
74:f2:fa:a8:29:76,0,12,2572,0,0,12,2572,0,0
3d:a6:20:bc:b5:52,0,1,70,0,0,1,70,0,0
a6:e1:e6:a1:80:8c,0,24,4986,0,0,24,4986,0,0
04:00:50:97:ff:ff,0,1,88,0,0,1,88,0,0
04:00:60:97:ff:ff,0,1,88,0,0,1,88,0,0
4d:a1:08:c3:ff:ff,0,1,76,0,0,1,76,0,0
cb:25:e6:75:37:4b,0,1,1392,0,0,1,1392,0,0
44:71:7e:01:c0:47,0,1,1392,0,0,0,0,1,1392
80:fb:16:42:ff:ff,0,1,76,0,0,1,76,0,0
80:fb:16:42:74:33,0,1,76,0,0,1,76,0,0
04:00:20:98:ff:ff,0,3,228,0,0,3,228,0,0
04:00:d0:99:ff:ff,0,3,246,0,0,3,246,0,0
d5:cd:82:89:ff:ff,0,1,76,0,0,1,76,0,0
04:00:40:9a:ff:ff,0,1,88,0,0,1,88,0,0
04:00:50:9a:ff:ff,0,1,88,0,0,1,88,0,0
80:fb:16:42:00:3c,0,1,76,0,0,1,76,0,0
9a:30:ee:b8:60:4a,0,2,146,0,0,2,146,0,0
04:00:b0:9a:ff:ff,0,1,88,0,0,1,88,0,0
04:00:d0:9a:ff:ff,0,1,88,0,0,1,88,0,0
cb:25:e6:35:88:f0,0,3,4184,0,0,3,4184,0,0
04:00:00:9b:ff:ff,0,1,88,0,0,1,88,0,0
7b:bf:51:f0:ac:5e,0,1,76,0,0,1,76,0,0
88:f0:31:04:ea:19,0,1,1404,0,0,1,1404,0,0
d5:cd:82:89:78:ca,0,1,76,0,0,1,76,0,0
d0:28:ba:cf:fd:cf,0,72,11840,0,0,72,11840,0,0
04:00:c0:9b:ff:ff,0,1,88,0,0,1,88,0,0
04:00:d0:9b:ff:ff,0,1,88,0,0,1,88,0,0
14:1a:31:32:fb:ac,0,1,1973,0,0,1,1973,0,0
80:de:39:71:52:01,0,1,1973,0,0,0,0,1,1973
f3:56:20:9b:58:3d,0,1,76,0,0,1,76,0,0
d5:cd:82:89:81:f2,0,2,146,0,0,2,146,0,0
15:a7:7b:be:16:ce,0,1,76,0,0,1,76,0,0
fb:06:c5:6c:14:4e,0,2,3810,0,0,2,3810,0,0
4e:98:07:28:4e:98,0,1,3740,0,0,0,0,1,3740
80:fb:16:42:a7:d7,0,1,76,0,0,1,76,0,0
04:00:30:9e:ff:ff,0,1,88,0,0,1,88,0,0
04:00:60:9e:ff:ff,0,2,176,0,0,2,176,0,0
04:00:c0:a0:ff:ff,0,3,246,0,0,3,246,0,0
04:00:d0:a0:ff:ff,0,1,88,0,0,1,88,0,0
04:00:f0:a0:ff:ff,0,1,88,0,0,1,88,0,0
33:33:ff:b2:71:b2,0,2,360,0,0,0,0,2,360
33:33:ff:51:81:60,0,1,172,0,0,0,0,1,172
74:c0:91:a7:18:d5,0,3,210,0,0,3,210,0,0
c0:47:f4:1d:bf:dd,0,1,1404,0,0,0,0,1,1404
7c:54:54:8c:32:d9,0,1,1404,0,0,0,0,1,1404
33:33:ff:1d:54:dd,0,1,180,0,0,0,0,1,180
cb:25:e6:35:20:cf,0,1,76,0,0,1,76,0,0
b4:00:b1:00:c0:47,0,1,76,0,0,0,0,1,76
c1:47:54:8c:32:d9,0,1,1388,0,0,0,0,1,1388
ba:c7:e4:d3:3e:10,0,2,152,0,0,2,152,0,0
56:05:12:f7:c4:b2,0,1,1404,0,0,1,1404,0,0
c0:47:54:8c:52:e7,0,1,1404,0,0,0,0,1,1404
f5:91:6d:3d:88:1c,0,1,76,0,0,1,76,0,0
c0:b5:d7:40:20:bd,0,93,31534,0,0,93,31534,0,0
88:90:d7:80:60:c0,0,1,1404,0,0,1,1404,0,0
49:42:dd:4d:20:bd,0,1,76,0,0,1,76,0,0
04:00:c0:a5:ff:ff,0,1,88,0,0,1,88,0,0
04:00:e0:a5:ff:ff,0,1,88,0,0,1,88,0,0
04:00:f0:a5:ff:ff,0,1,88,0,0,1,88,0,0
04:00:00:a6:ff:ff,0,1,88,0,0,1,88,0,0
04:00:10:a6:ff:ff,0,1,88,0,0,1,88,0,0
05:00:50:c0:ff:ff,0,1,84,0,0,0,0,1,84
ec:c7:a4:24:b5:54,0,1,76,0,0,0,0,1,76
ec:c7:a4:24:a6:a8,0,1,76,0,0,1,76,0,0
2c:1c:27:54:1a:4f,0,1,1252,0,0,1,1252,0,0
98:39:75:30:77:8d,0,1,1252,0,0,0,0,1,1252
ee:41:28:a8:73:c6,0,3,591,0,0,3,591,0,0
c3:8f:34:0e:20:bd,0,1,76,0,0,1,76,0,0
cb:25:e6:35:fb:ea,0,1,76,0,0,0,0,1,76
a4:20:e6:35:fb:ea,0,1,70,0,0,0,0,1,70
6f:9b:b1:b3:b5:54,0,4,298,0,0,0,0,4,298
ff:ff:ff:ff:3f:25,0,1,84,0,0,1,84,0,0
0e:d5:2a:8f:14:ca,0,1,76,0,0,1,76,0,0
ef:a9:67:da:b5:52,0,1,70,0,0,1,70,0,0
93:83:66:c8:22:97,0,1,1404,0,0,1,1404,0,0
7f:5c:84:7e:a7:d7,0,1,76,0,0,1,76,0,0
f6:fe:31:04:19:97,0,1,1404,0,0,1,1404,0,0
26:b0:bb:16:24:2a,0,1,1404,0,0,0,0,1,1404
f4:02:28:0d:fc:7e,0,189,28686,0,0,189,28686,0,0
ec:c7:a4:24:25:ff,0,1,76,0,0,1,76,0,0
6f:9b:b1:b3:14:ca,0,1,76,0,0,1,76,0,0
7b:42:ac:d8:52:a7,0,1,76,0,0,1,76,0,0
45:cb:93:30:a9:c9,0,1,76,0,0,1,76,0,0
04:00:00:62:ff:17,0,1,88,0,0,1,88,0,0
cb:25:b5:54:5a:21,0,1,70,0,0,1,70,0,0
c7:1f:cb:25:b5:55,0,1,70,0,0,0,0,1,70
d2:71:18:d5:97:3c,0,1,76,0,0,0,0,1,76
d2:71:18:d5:07:7c,0,1,70,0,0,1,70,0,0
ba:e6:18:d5:97:3c,0,1,70,0,0,0,0,1,70
04:00:c0:aa:ff:ff,0,1,88,0,0,1,88,0,0
c4:0c:2d:4b:ff:ff,0,1,76,0,0,1,76,0,0
cb:25:e6:35:77:f6,0,1,76,0,0,0,0,1,76
07:6a:3e:5b:ca:85,0,1,70,0,0,1,70,0,0
f4:15:0d:8c:16:ce,0,1,76,0,0,1,76,0,0
fc:9d:41:e9:16:ce,0,3,216,0,0,3,216,0,0
30:bb:7d:97:cf:55,0,20,3272,0,0,20,3272,0,0
04:00:90:ab:ff:ff,0,1,88,0,0,1,88,0,0
cb:25:b5:54:cb:f0,0,1,76,0,0,0,0,1,76
01:d0:b5:54:cb:f0,0,1,70,0,0,0,0,1,70
04:00:f0:ab:ff:ff,0,2,176,0,0,2,176,0,0
04:00:10:ac:ff:ff,0,3,228,0,0,3,228,0,0
c4:0c:2d:4b:95:35,0,1,76,0,0,1,76,0,0
b2:10:df:fe:95:35,0,2,146,0,0,2,146,0,0
6f:9b:b1:b3:b6:ea,0,2,146,0,0,2,146,0,0
68:5a:66:1a:a7:d7,0,1,76,0,0,1,76,0,0
ec:c7:a4:24:22:d7,0,1,76,0,0,1,76,0,0
fa:d8:c5:d0:88:e5,0,5,780,0,0,5,780,0,0
f4:15:0d:8c:cd:6b,0,1,76,0,0,1,76,0,0
dc:ff:97:7d:e6:35,0,1,70,0,0,1,70,0,0
55:d5:fd:59:1b:97,0,1,166,0,0,1,166,0,0
d8:7f:70:62:54:c5,0,1,70,0,0,0,0,1,70
d8:7f:5b:53:ef:b9,0,1,70,0,0,0,0,1,70
d8:7f:11:47:84:46,0,1,70,0,0,0,0,1,70
d8:7f:b9:3a:ee:e6,0,1,70,0,0,0,0,1,70
9b:27:5e:00:00:fb,0,2,140,0,0,0,0,2,140
cb:25:b5:50:9e:c5,0,8,608,0,0,8,608,0,0
7c:26:d8:7f:ba:87,0,1,76,0,0,0,0,1,76
7c:26:d8:7f:14:46,0,1,70,0,0,1,70,0,0
40:ee:d8:7f:ba:87,0,1,70,0,0,0,0,1,70
7c:26:d8:7f:0e:c3,0,1,76,0,0,0,0,1,76
7c:26:d8:7f:5e:52,0,1,70,0,0,1,70,0,0
2b:11:d8:7f:0e:c3,0,1,70,0,0,0,0,1,70
7c:26:d8:7f:75:63,0,1,70,0,0,1,70,0,0
90:6d:d8:7f:0e:c3,0,1,70,0,0,0,0,1,70
7c:26:d8:7f:ca:b7,0,2,152,0,0,0,0,2,152
7c:26:d8:7f:5a:43,0,2,140,0,0,2,140,0,0
7d:cc:d8:7f:ca:b7,0,2,140,0,0,0,0,2,140
9b:27:d8:7f:ca:b7,0,1,70,0,0,0,0,1,70
33:33:ff:61:e9:b5,0,2,360,0,0,0,0,2,360
09:ab:ce:e2:31:7a,0,1,76,0,0,1,76,0,0
04:00:50:af:ff:ff,0,1,88,0,0,1,88,0,0
04:00:60:af:ff:ff,0,1,88,0,0,1,88,0,0
e2:40:2d:41:54:58,0,2,410,0,0,2,410,0,0
5c:17:cf:6f:ed:3f,0,8,1240,0,0,8,1240,0,0
e4:8c:73:0a:f4:15,0,2,382,0,0,2,382,0,0
04:00:70:0b:ff:ff,0,1,88,0,0,1,88,0,0
04:00:80:0b:ff:ff,0,1,88,0,0,1,88,0,0
04:00:90:0b:ff:ff,0,1,88,0,0,1,88,0,0
fc:9d:41:e9:ff:ff,0,3,222,0,0,3,222,0,0
04:00:a0:0b:ff:ff,0,1,88,0,0,1,88,0,0
7a:52:73:d6:ff:ff,0,1,76,0,0,1,76,0,0
04:00:30:0c:ff:ff,0,1,88,0,0,1,88,0,0
6b:85:99:15:ff:ff,0,3,222,0,0,1,76,2,146
04:00:40:0c:ff:ff,0,2,158,0,0,2,158,0,0
04:00:60:0c:ff:ff,0,1,88,0,0,0,0,1,88
04:00:c0:0c:ff:ff,0,1,88,0,0,1,88,0,0
04:00:e0:0c:ff:ff,0,3,264,0,0,3,264,0,0
e8:5a:8b:74:85:11,0,77,26020,0,0,77,26020,0,0
04:00:a0:0d:ff:ff,0,1,88,0,0,1,88,0,0
04:00:b0:0d:ff:ff,0,1,88,0,0,1,88,0,0
04:00:c0:0d:ff:ff,0,1,88,0,0,1,88,0,0
04:00:00:0e:ff:ff,0,1,88,0,0,1,88,0,0
04:00:50:0f:ff:ff,0,4,352,0,0,4,352,0,0
04:00:70:0f:ff:ff,0,2,176,0,0,2,176,0,0
04:00:90:0f:ff:ff,0,2,176,0,0,2,176,0,0
04:00:a0:0f:ff:ff,0,2,176,0,0,1,88,1,88
04:00:f0:10:ff:ff,0,2,176,0,0,2,176,0,0
04:00:80:b1:ff:ff,0,1,88,0,0,1,88,0,0
04:00:80:11:ff:ff,0,1,88,0,0,1,88,0,0
ec:c7:a4:24:8a:e4,0,1,76,0,0,1,76,0,0
5b:f5:6b:0d:d4:82,0,7,508,0,0,7,508,0,0
d2:71:18:d5:e8:d8,0,2,152,0,0,1,76,1,76
d2:71:18:d5:10:ce,0,1,70,0,0,1,70,0,0
71:ef:18:d5:e8:d8,0,2,140,0,0,1,70,1,70
97:7d:31:04:19:97,0,1,70,0,0,1,70,0,0
c4:00:a0:00:c0:47,0,1,70,0,0,0,0,1,70
04:00:60:14:ff:ff,0,1,88,0,0,1,88,0,0
04:00:70:14:ff:ff,0,1,88,0,0,1,88,0,0
cb:25:e6:35:2e:74,0,1,76,0,0,0,0,1,76
d8:7f:8a:6c:1e:41,0,2,140,0,0,0,0,2,140
d8:7f:ee:48:0a:6a,0,1,70,0,0,0,0,1,70
5e:52:2b:11:d8:7f,0,1,70,0,0,1,70,0,0
9c:b0:5b:99:d8:7f,0,1,70,0,0,1,70,0,0
7c:26:d8:7f:a1:08,0,4,304,0,0,3,228,1,76
7c:26:d8:7f:70:62,0,1,70,0,0,1,70,0,0
54:c5:d8:7f:a1:08,0,3,210,0,0,2,140,1,70
7c:26:d8:7f:38:dd,0,1,76,0,0,0,0,1,76
7c:26:d8:7f:a1:5d,0,1,70,0,0,1,70,0,0
a5:3d:d8:7f:38:dd,0,1,70,0,0,0,0,1,70
7c:26:d8:7f:54:e1,0,1,76,0,0,0,0,1,76
7c:26:d8:7f:a4:5c,0,1,70,0,0,1,70,0,0
61:95:d8:7f:54:e1,0,1,70,0,0,0,0,1,70
7c:26:d8:7f:ef:b1,0,1,76,0,0,0,0,1,76
7c:26:d8:7f:02:9a,0,1,70,0,0,1,70,0,0
05:36:d8:7f:ef:b1,0,1,70,0,0,0,0,1,70
04:00:e0:b3:ff:ff,0,1,88,0,0,1,88,0,0
6f:9b:b1:b3:e8:50,0,3,222,0,0,3,222,0,0
27:cc:55:d8:b5:52,0,1,70,0,0,1,70,0,0
bc:6e:ff:3b:d8:7f,0,1,70,0,0,1,70,0,0
ff:ff:ff:ff:d6:ad,0,2,154,0,0,2,154,0,0
04:00:c0:16:ff:ff,0,1,88,0,0,1,88,0,0
04:00:d0:16:ff:ff,0,1,88,0,0,1,88,0,0
04:00:50:17:ff:ff,0,1,88,0,0,1,88,0,0
04:00:80:17:ff:ff,0,1,88,0,0,1,88,0,0
04:00:90:17:ff:ff,0,1,88,0,0,1,88,0,0
04:00:a0:17:ff:ff,0,1,88,0,0,1,88,0,0
32:71:7f:19:31:94,0,1,164,0,0,1,164,0,0
04:00:90:18:ff:ff,0,1,88,0,0,1,88,0,0
04:00:40:19:ff:ff,0,1,88,0,0,1,88,0,0
04:00:50:19:ff:ff,0,2,158,0,0,2,158,0,0
10:3d:1c:0a:ea:d8,0,74,14448,0,0,74,14448,0,0
04:00:90:19:ff:ff,0,1,88,0,0,1,88,0,0
f4:15:0d:8c:39:98,0,1,76,0,0,1,76,0,0
04:00:b0:1a:ff:ff,0,1,88,0,0,1,88,0,0
04:00:50:1c:ff:ff,0,1,88,0,0,1,88,0,0
04:00:70:1c:ff:ff,0,1,88,0,0,1,88,0,0
04:00:80:1c:ff:ff,0,1,88,0,0,1,88,0,0
04:00:90:1c:ff:ff,0,1,88,0,0,1,88,0,0
04:00:b0:1c:ff:ff,0,1,88,0,0,1,88,0,0
3c:a6:f6:5a:98:86,0,24,16594,0,0,24,16594,0,0
04:00:f0:1c:ff:ff,0,1,88,0,0,1,88,0,0
04:00:00:1d:ff:ff,0,1,88,0,0,1,88,0,0
04:00:20:1d:ff:ff,0,1,88,0,0,1,88,0,0
04:00:70:1d:ff:ff,0,2,158,0,0,2,158,0,0
04:00:b0:1d:ff:ff,0,1,88,0,0,1,88,0,0
04:00:d0:1d:ff:ff,0,1,88,0,0,1,88,0,0
04:00:e0:1d:ff:ff,0,1,88,0,0,1,88,0,0
04:00:00:1e:ff:ff,0,1,88,0,0,1,88,0,0
04:00:10:1e:ff:ff,0,1,88,0,0,1,88,0,0
04:00:30:1e:ff:ff,0,1,88,0,0,1,88,0,0
04:00:90:1e:ff:ff,0,1,88,0,0,1,88,0,0
70:d8:23:32:f4:74,0,2,622,0,0,2,622,0,0
04:00:a0:1f:ff:ff,0,1,88,0,0,1,88,0,0
04:00:b0:1f:ff:ff,0,1,88,0,0,1,88,0,0
04:00:c0:1f:ff:ff,0,1,88,0,0,1,88,0,0
94:14:7a:a2:2d:0b,0,13,2818,0,0,13,2818,0,0
04:00:80:20:ff:ff,0,1,88,0,0,1,88,0,0
33:33:ff:98:7b:09,0,1,180,0,0,0,0,1,180
04:00:b0:20:ff:ff,0,1,88,0,0,0,0,1,88
04:00:c0:20:ff:ff,0,1,88,0,0,0,0,1,88
04:00:d0:20:ff:ff,0,1,88,0,0,0,0,1,88
b2:bb:b8:7f:d8:23,0,2,390,0,0,2,390,0,0
04:00:60:21:ff:ff,0,1,88,0,0,1,88,0,0
04:00:c0:21:ff:ff,0,1,88,0,0,1,88,0,0
04:00:90:22:ff:ff,0,1,88,0,0,1,88,0,0
04:00:a0:22:ff:ff,0,1,88,0,0,1,88,0,0
04:00:b0:22:ff:ff,0,1,88,0,0,1,88,0,0
04:00:c0:22:ff:ff,0,1,88,0,0,1,88,0,0
04:00:10:23:ff:ff,0,1,88,0,0,1,88,0,0
04:00:20:23:ff:ff,0,2,158,0,0,2,158,0,0
3a:88:be:b9:26:a6,0,10,2090,0,0,10,2090,0,0
04:00:d0:24:ff:ff,0,1,88,0,0,1,88,0,0
04:00:e0:24:ff:ff,0,3,246,0,0,3,246,0,0
33:33:ff:37:9d:05,0,2,360,0,0,0,0,2,360
04:00:20:25:ff:ff,0,1,88,0,0,1,88,0,0
04:00:30:25:ff:ff,0,1,88,0,0,1,88,0,0
04:00:80:25:ff:ff,0,1,88,0,0,1,88,0,0
04:00:90:25:ff:ff,0,1,88,0,0,1,88,0,0
04:00:c0:25:ff:ff,0,1,88,0,0,1,88,0,0
04:00:d0:25:ff:ff,0,1,88,0,0,1,88,0,0
04:00:e0:25:ff:ff,0,1,88,0,0,1,88,0,0
04:00:80:26:ff:ff,0,1,88,0,0,1,88,0,0
04:00:60:b7:ff:ff,0,2,176,0,0,2,176,0,0
04:00:d0:26:ff:ff,0,1,88,0,0,1,88,0,0
04:00:20:27:ff:ff,0,1,88,0,0,1,88,0,0
04:00:60:27:ff:ff,0,1,88,0,0,1,88,0,0
04:00:00:28:ff:ff,0,1,88,0,0,1,88,0,0
04:00:10:28:ff:ff,0,1,88,0,0,1,88,0,0
04:00:20:28:ff:ff,0,1,88,0,0,1,88,0,0
04:00:80:dc:00:00,0,1,88,0,0,1,88,0,0
04:00:c0:28:ff:ff,0,1,88,0,0,1,88,0,0
93:cd:22:d6:54:19,0,1,189,0,0,1,189,0,0
ae:b9:83:ed:48:9f,0,1,189,0,0,0,0,1,189
40:00:0c:07:ac:28,0,1,189,0,0,0,0,1,189
f8:89:d2:71:e5:69,0,1,166,0,0,1,166,0,0
bb:46:53:63:5f:86,0,1,166,0,0,0,0,1,166
17:96:58:54:16:ce,0,4,292,0,0,4,292,0,0
04:00:10:29:ff:ff,0,1,88,0,0,1,88,0,0
04:00:20:29:ff:ff,0,1,88,0,0,1,88,0,0
04:00:30:29:ff:ff,0,1,88,0,0,1,88,0,0
04:00:50:29:ff:ff,0,1,88,0,0,1,88,0,0
04:00:80:29:ff:ff,0,1,88,0,0,1,88,0,0
04:00:90:29:ff:ff,0,1,88,0,0,1,88,0,0
04:00:f0:29:ff:ff,0,1,88,0,0,1,88,0,0
08:c9:70:3b:19:97,0,1,239,0,0,1,239,0,0
04:00:40:2a:ff:ff,0,1,88,0,0,1,88,0,0
04:00:60:2a:ff:ff,0,1,88,0,0,1,88,0,0
04:00:70:2a:ff:ff,0,2,176,0,0,2,176,0,0
04:00:90:2a:ff:ff,0,1,88,0,0,1,88,0,0
04:00:a0:2a:ff:ff,0,1,88,0,0,1,88,0,0
04:00:70:b8:ff:ff,0,2,176,0,0,1,88,1,88
04:00:10:2b:ff:ff,0,1,88,0,0,0,0,1,88
04:00:50:2c:ff:ff,0,1,88,0,0,1,88,0,0
04:00:60:2c:ff:ff,0,1,88,0,0,1,88,0,0
04:00:70:2c:ff:ff,0,1,88,0,0,1,88,0,0
04:00:e0:2d:ff:ff,0,1,88,0,0,1,88,0,0
04:00:f0:2d:ff:ff,0,1,88,0,0,1,88,0,0
5c:3a:45:c3:07:07,0,4,1244,0,0,4,1244,0,0
04:00:00:2f:ff:ff,0,1,88,0,0,1,88,0,0
04:00:10:2f:ff:ff,0,1,88,0,0,1,88,0,0
04:00:20:2f:ff:ff,0,1,88,0,0,1,88,0,0
04:00:40:2f:ff:ff,0,1,88,0,0,1,88,0,0
fc:9d:41:e9:c0:1b,0,4,286,0,0,4,286,0,0
04:00:90:2f:ff:ff,0,1,88,0,0,1,88,0,0
04:00:a0:2f:ff:ff,0,1,88,0,0,1,88,0,0
04:00:b0:2f:ff:ff,0,1,88,0,0,1,88,0,0
04:00:20:30:ff:ff,0,1,88,0,0,1,88,0,0
d2:c7:07:75:8b:2e,0,1,76,0,0,1,76,0,0
b4:00:d6:01:c4:0a,0,1,76,0,0,0,0,1,76
04:00:f0:30:ff:ff,0,1,88,0,0,1,88,0,0
04:00:00:31:ff:ff,0,1,88,0,0,1,88,0,0
04:00:10:31:ff:ff,0,1,88,0,0,1,88,0,0
04:00:b0:31:ff:ff,0,1,88,0,0,0,0,1,88
9a:72:20:54:73:51,0,2,146,0,0,2,146,0,0
ff:ff:ff:ff:ac:32,0,1,84,0,0,1,84,0,0
07:75:f8:48:aa:23,0,1,70,0,0,0,0,1,70
04:00:30:32:ff:ff,0,1,88,0,0,1,88,0,0
ec:c7:a4:24:81:fa,0,1,76,0,0,1,76,0,0
0a:b6:60:bd:6b:aa,0,1,348,0,0,1,348,0,0
7b:19:28:0c:cf:bb,0,1,348,0,0,0,0,1,348
60:30:fd:e9:28:ea,0,1,76,0,0,1,76,0,0
a5:d6:09:c8:28:ea,0,1,76,0,0,1,76,0,0
d7:29:2e:f3:2f:6f,0,2,146,0,0,2,146,0,0
04:00:e0:b8:ff:ff,0,1,88,0,0,1,88,0,0
04:00:f0:b8:ff:ff,0,1,88,0,0,1,88,0,0
c3:b2:fd:74:ff:ff,0,2,152,0,0,2,152,0,0
13:36:2e:ef:d2:99,0,1,76,0,0,1,76,0,0
42:31:a9:c6:60:23,0,1,1492,0,0,1,1492,0,0
92:b8:af:52:ec:ba,0,1,1492,0,0,0,0,1,1492
e6:35:59:91:3e:9b,0,1,76,0,0,1,76,0,0
c6:7e:ad:94:ea:30,0,1,76,0,0,1,76,0,0
b4:bb:07:14:18:d5,0,2,140,0,0,2,140,0,0
9c:c1:02:71:19:97,0,3,216,0,0,3,216,0,0
e0:80:6b:89:6d:2c,0,90,15154,0,0,90,15154,0,0
b5:55:01:1a:db:30,0,7,490,0,0,0,0,7,490
ff:ff:ff:ff:44:b3,0,1,84,0,0,1,84,0,0
8c:99:70:5e:b5:50,0,9,654,0,0,0,0,9,654
93:a8:f7:4a:50:7f,0,2,146,0,0,2,146,0,0
fc:e2:6c:1e:2c:7d,0,78,39945,0,0,78,39945,0,0
85:84:83:40:d8:7f,0,1,70,0,0,1,70,0,0
15:8a:37:0a:b5:52,0,1,70,0,0,1,70,0,0
71:ec:d4:87:d8:7f,0,2,140,0,0,2,140,0,0
ff:ff:ff:ff:7c:31,0,1,84,0,0,1,84,0,0
a1:08:85:74:b5:50,0,13,946,0,0,0,0,13,946
64:85:30:90:b5:50,0,1,76,0,0,0,0,1,76
ab:90:67:b4:69:f2,0,2,146,0,0,2,146,0,0
23:b9:22:8d:b5:54,0,1,76,0,0,0,0,1,76
81:fd:8c:4d:a6:a8,0,1,76,0,0,1,76,0,0
ff:ff:ff:ff:94:b0,0,1,84,0,0,1,84,0,0
32:d9:7e:28:a5:03,0,1,70,0,0,0,0,1,70
24:11:45:1c:4f:0e,0,30,7810,0,0,30,7810,0,0
04:00:80:bb:ff:ff,0,1,88,0,0,1,88,0,0
6f:9b:b1:b3:22:d7,0,2,146,0,0,2,146,0,0
cb:25:e6:35:86:01,0,1,76,0,0,1,76,0,0
b4:00:23:01:c0:47,0,1,76,0,0,0,0,1,76
74:ab:2e:6e:7b:19,0,1,76,0,0,1,76,0,0
df:ac:64:8b:eb:b6,0,2,146,0,0,2,146,0,0
5a:56:c4:0a:cb:25,0,83,6596,0,0,0,0,83,6596
48:07:e2:28:b5:54,0,2,146,0,0,0,0,2,146
26:99:45:e0:18:d5,0,1,70,0,0,1,70,0,0
40:c7:11:10:b8:47,0,17,3930,0,0,17,3930,0,0
0c:0c:4f:8f:a1:4b,0,2,152,0,0,2,152,0,0
6b:2f:11:13:b5:54,0,2,146,0,0,0,0,2,146
cb:25:e6:35:0c:0c,0,1,76,0,0,0,0,1,76
0c:0c:4f:8f:1c:a1,0,1,76,0,0,1,76,0,0
3f:86:04:57:b5:51,0,2,140,0,0,2,140,0,0
17:83:e3:96:91:44,0,1,76,0,0,1,76,0,0
cb:25:e6:35:17:83,0,1,76,0,0,0,0,1,76
cb:25:e6:35:6f:24,0,3,228,0,0,0,0,3,228
33:33:ff:c2:a7:62,0,1,180,0,0,0,0,1,180
93:a8:f7:4a:45:32,0,2,146,0,0,2,146,0,0
04:00:00:34:ff:ff,0,1,88,0,0,1,88,0,0
19:97:50:f4:80:00,0,1,2664,0,0,1,2664,0,0
04:00:10:34:ff:ff,0,2,158,0,0,2,158,0,0
d4:00:00:00:5c:ed,0,2,140,0,0,0,0,2,140
04:00:20:34:ff:ff,0,1,88,0,0,1,88,0,0
04:00:30:34:ff:ff,0,1,88,0,0,1,88,0,0
5c:ba:ef:5d:12:6d,0,2,483,0,0,2,483,0,0
04:00:30:35:ff:ff,0,1,88,0,0,1,88,0,0
04:00:40:35:ff:ff,0,1,88,0,0,1,88,0,0
04:00:50:36:ff:ff,0,1,88,0,0,1,88,0,0
04:00:80:36:ff:ff,0,1,88,0,0,1,88,0,0
04:00:90:36:ff:ff,0,1,88,0,0,1,88,0,0
e8:f7:91:a1:bd:9e,0,6,1144,0,0,6,1144,0,0
29:6b:8d:b7:b5:52,0,3,210,0,0,3,210,0,0
da:a8:ca:d5:71:b4,0,2,346,0,0,2,346,0,0
04:00:60:37:ff:ff,0,1,88,0,0,0,0,1,88
04:00:70:37:ff:ff,0,1,88,0,0,0,0,1,88
04:00:80:37:ff:ff,0,1,88,0,0,0,0,1,88
04:00:a0:37:ff:ff,0,1,88,0,0,1,88,0,0
04:00:b0:37:ff:ff,0,1,88,0,0,1,88,0,0
04:00:30:38:ff:ff,0,1,88,0,0,0,0,1,88
04:00:90:38:ff:ff,0,2,158,0,0,2,158,0,0
04:00:20:39:ff:ff,0,1,88,0,0,1,88,0,0
a0:78:17:83:86:98,0,5,2489,0,0,5,2489,0,0
04:00:30:39:ff:ff,0,1,88,0,0,1,88,0,0
04:00:40:39:ff:ff,0,1,88,0,0,1,88,0,0
04:00:50:39:ff:ff,0,1,88,0,0,1,88,0,0
04:00:c0:39:ff:ff,0,1,88,0,0,0,0,1,88
04:00:d0:3a:ff:ff,0,1,88,0,0,1,88,0,0
04:00:b0:3b:ff:ff,0,1,88,0,0,1,88,0,0
04:00:c0:3b:ff:ff,0,1,88,0,0,1,88,0,0
04:00:a0:3c:ff:ff,0,1,88,0,0,1,88,0,0
04:00:c0:3c:ff:ff,0,1,88,0,0,1,88,0,0
04:00:00:3d:ff:ff,0,1,88,0,0,1,88,0,0
04:00:10:3d:ff:ff,0,1,88,0,0,1,88,0,0
04:00:a0:3d:ff:ff,0,1,88,0,0,1,88,0,0
04:00:c0:3d:ff:ff,0,1,88,0,0,1,88,0,0
04:00:d0:3d:ff:ff,0,1,88,0,0,1,88,0,0
04:00:e0:3d:ff:ff,0,1,88,0,0,1,88,0,0
04:00:10:3e:ff:ff,0,1,88,0,0,1,88,0,0
d4:a3:3d:38:24:13,0,4,850,0,0,4,850,0,0
75:92:6f:a8:e6:35,0,1,70,0,0,1,70,0,0
04:00:90:c0:ff:ff,0,1,88,0,0,1,88,0,0
89:d5:d9:52:ff:ff,0,1,76,0,0,1,76,0,0
ff:ff:ff:ff:a3:4e,0,1,88,0,0,1,88,0,0
04:00:a0:c0:ff:ff,0,1,88,0,0,0,0,1,88
f6:f3:a4:20:ca:81,0,1,70,0,0,1,70,0,0
04:00:70:3f:ff:ff,0,1,88,0,0,1,88,0,0
04:00:80:3f:ff:ff,0,1,88,0,0,1,88,0,0
04:00:90:3f:ff:ff,0,1,88,0,0,1,88,0,0
54:8c:32:d9:75:92,0,1,70,0,0,1,70,0,0
6f:a8:ca:85:04:00,0,1,70,0,0,0,0,1,70
f6:f3:a4:20:2e:d2,0,1,70,0,0,1,70,0,0
71:ec:d4:87:2e:d2,0,1,70,0,0,1,70,0,0
ff:ff:ff:ff:dd:3f,0,1,84,0,0,1,84,0,0
04:00:e0:40:ff:ff,0,1,88,0,0,0,0,1,88
ec:c7:a4:24:86:98,0,1,76,0,0,1,76,0,0
04:00:c0:41:ff:ff,0,1,88,0,0,1,88,0,0
cb:25:e6:35:ac:d3,0,1,76,0,0,0,0,1,76
33:33:ff:97:45:06,0,3,540,0,0,0,0,3,540
ec:c7:a4:24:fc:4e,0,2,152,0,0,2,152,0,0
04:00:60:42:ff:ff,0,1,88,0,0,1,88,0,0
04:00:70:42:ff:ff,0,1,88,0,0,1,88,0,0
04:00:80:42:ff:ff,0,1,88,0,0,1,88,0,0
04:00:90:42:ff:ff,0,1,88,0,0,1,88,0,0
04:00:a0:42:ff:ff,0,1,88,0,0,1,88,0,0
04:00:b0:42:ff:ff,0,1,88,0,0,1,88,0,0
04:00:50:43:ff:ff,0,1,88,0,0,1,88,0,0
04:00:90:43:ff:ff,0,1,88,0,0,1,88,0,0
20:f4:78:be:aa:d0,0,58,16031,0,0,58,16031,0,0
fc:01:7c:7f:ae:b9,0,6,1428,0,0,6,1428,0,0
04:00:00:46:ff:ff,0,2,176,0,0,2,176,0,0
04:00:10:46:ff:ff,0,1,88,0,0,1,88,0,0
04:00:20:46:ff:ff,0,1,88,0,0,1,88,0,0
04:00:60:46:ff:ff,0,1,88,0,0,1,88,0,0
fc:9d:41:e9:57:a7,0,1,76,0,0,1,76,0,0
04:00:60:47:ff:ff,0,1,88,0,0,1,88,0,0
48:01:c5:24:34:25,0,153,24636,0,0,153,24636,0,0
04:00:50:48:ff:ff,0,1,88,0,0,1,88,0,0
04:00:a0:48:ff:ff,0,1,88,0,0,1,88,0,0
04:00:c0:48:ff:ff,0,1,88,0,0,1,88,0,0
04:00:90:49:ff:ff,0,1,88,0,0,1,88,0,0
04:00:b0:49:ff:ff,0,2,158,0,0,2,158,0,0
32:d9:8f:9c:25:2c,0,1,70,0,0,0,0,1,70
04:00:f0:49:ff:ff,0,1,88,0,0,0,0,1,88
33:33:ff:aa:34:32,0,5,900,0,0,0,0,5,900
04:00:f0:4a:ff:ff,0,1,88,0,0,1,88,0,0
04:00:90:4c:ff:ff,0,1,88,0,0,1,88,0,0
04:00:d0:4c:ff:ff,0,1,88,0,0,0,0,1,88
04:00:a0:4d:ff:ff,0,1,88,0,0,1,88,0,0
04:00:60:4e:ff:ff,0,1,88,0,0,1,88,0,0
04:00:70:4e:ff:ff,0,1,88,0,0,1,88,0,0
05:e3:df:4b:b5:54,0,2,146,0,0,0,0,2,146
15:66:24:6a:fc:7e,0,3,216,0,0,3,216,0,0
18:7d:4f:a7:fc:7e,0,2,146,0,0,2,146,0,0
04:00:00:62:ff:ff,0,3,264,0,0,3,264,0,0
04:00:f0:4e:ff:ff,0,1,88,0,0,1,88,0,0
04:00:00:4f:ff:ff,0,1,88,0,0,1,88,0,0
e8:6f:38:2a:58:0f,0,67,14655,0,0,67,14655,0,0
04:00:60:4f:ff:ff,0,1,88,0,0,1,88,0,0
49:aa:9b:a7:63:d7,0,2,146,0,0,2,146,0,0
04:00:90:4f:ff:ff,0,1,88,0,0,1,88,0,0
04:00:70:50:ff:ff,0,1,88,0,0,1,88,0,0
19:97:a0:7c:80:00,0,1,2664,0,0,1,2664,0,0
92:71:86:e1:18:d5,0,1,70,0,0,1,70,0,0
ca:85:92:71:86:e1,0,1,70,0,0,0,0,1,70
18:d5:67:49:f8:10,0,1,70,0,0,0,0,1,70
ff:ff:ff:ff:ff:1f,0,4,322,0,0,1,88,3,234
44:46:87:34:55:89,0,1,164,0,0,1,164,0,0
49:aa:9b:a7:b7:32,0,2,146,0,0,2,146,0,0
b5:54:b7:f5:45:57,0,1,70,0,0,0,0,1,70
73:02:d0:d6:81:f2,0,2,146,0,0,2,146,0,0
17:96:58:54:7b:9e,0,2,146,0,0,2,146,0,0
18:d5:d2:52:1d:c3,0,1,70,0,0,0,0,1,70
04:00:b0:51:ff:ff,0,1,88,0,0,1,88,0,0
04:00:c0:51:ff:ff,0,1,88,0,0,1,88,0,0
04:00:f0:51:ff:ff,0,1,88,0,0,1,88,0,0
04:00:90:53:ff:ff,0,1,88,0,0,1,88,0,0
2e:47:84:f7:fc:35,0,30,6401,0,0,30,6401,0,0
33:33:ff:2e:0c:5b,0,1,180,0,0,0,0,1,180
a6:0e:dc:48:d1:e6,0,41,8238,0,0,41,8238,0,0
19:97:f0:89:80:00,0,1,2664,0,0,1,2664,0,0
04:00:c0:53:ff:ff,0,1,88,0,0,1,88,0,0
04:00:d0:53:ff:ff,0,1,88,0,0,1,88,0,0
04:00:e0:53:ff:ff,0,3,246,0,0,3,246,0,0
04:00:50:54:ff:ff,0,2,176,0,0,2,176,0,0
b8:99:74:f0:ca:85,0,1,70,0,0,1,70,0,0
d9:df:e3:3c:04:20,0,1,88,0,0,0,0,1,88
dc:b7:2e:7f:61:b6,0,1,444,0,0,1,444,0,0
00:08:73:ff:44:8b,0,1,164,0,0,1,164,0,0
04:00:80:54:ff:ff,0,1,88,0,0,1,88,0,0
a0:46:5a:47:de:ba,0,127,19406,0,0,127,19406,0,0
ce:56:f8:8b:e9:d4,0,2,146,0,0,2,146,0,0
ff:ff:ff:ff:7d:38,0,1,84,0,0,1,84,0,0
11:66:4d:f4:31:21,0,6,432,0,0,6,432,0,0
cb:25:b5:54:25:96,0,1,76,0,0,1,76,0,0
b4:00:f8:00:f8:89,0,1,76,0,0,0,0,1,76
0f:d3:b5:54:25:96,0,1,70,0,0,1,70,0,0
f8:79:3c:6b:18:d5,0,1,166,0,0,1,166,0,0
18:d5:8d:e1:16:09,0,2,146,0,0,2,146,0,0
38:e6:44:07:ac:28,0,1,570,0,0,0,0,1,570
18:d5:c1:8f:9c:b3,0,1,70,0,0,0,0,1,70
18:d5:3b:d5:3e:f0,0,1,70,0,0,0,0,1,70
17:96:58:54:bf:fd,0,2,146,0,0,2,146,0,0
33:33:ff:59:ad:4b,0,1,180,0,0,0,0,1,180
22:2a:6c:bb:d3:6d,0,3,216,0,0,3,216,0,0
03:47:18:58:b5:52,0,1,70,0,0,1,70,0,0
b5:54:04:00:40:62,0,1,88,0,0,1,88,0,0
b5:54:fd:ee:4d:0c,0,2,146,0,0,2,146,0,0
8e:43:7b:d5:40:09,0,2,146,0,0,2,146,0,0
ff:ff:ff:ff:c9:09,0,1,84,0,0,1,84,0,0
04:00:60:c2:ff:ff,0,3,228,0,0,3,228,0,0
4f:5a:8e:07:39:da,0,2,146,0,0,2,146,0,0
6f:9b:b1:b3:fb:7d,0,6,450,0,0,6,450,0,0
33:33:ff:fe:54:e7,0,1,180,0,0,0,0,1,180
0a:e9:e1:ed:00:28,0,4,286,0,0,4,286,0,0
04:00:d0:54:ff:ff,0,1,88,0,0,1,88,0,0
59:85:e8:80:3e:2e,0,2,146,0,0,2,146,0,0
ff:ff:ff:ff:f1:8b,0,1,84,0,0,1,84,0,0
cc:f9:e4:9c:a1:d0,0,1,154,0,0,1,154,0,0
0a:e9:e1:ed:cd:a9,0,3,216,0,0,3,216,0,0
07:b9:2b:73:cd:a9,0,2,146,0,0,2,146,0,0
04:00:a0:e9:ff:ff,0,1,88,0,0,1,88,0,0
27:78:14:c7:aa:17,0,3,216,0,0,3,216,0,0
07:b9:2b:73:aa:17,0,1,76,0,0,1,76,0,0
6d:25:b4:bb:07:14,0,3,210,0,0,0,0,3,210
98:46:0a:35:dc:c7,0,14,6066,0,0,14,6066,0,0
a2:83:ef:f6:78:ed,0,7,1303,0,0,7,1303,0,0
07:b9:2b:73:1a:67,0,2,146,0,0,2,146,0,0
38:dd:a6:f5:b5:50,0,2,146,0,0,0,0,2,146
04:00:40:00:01:00,0,1,88,0,0,0,0,1,88
b4:00:9a:00:c4:0a,0,3,228,0,0,0,0,3,228
c4:00:6e:00:9e:c5,0,2,140,0,0,0,0,2,140
cb:25:b5:50:04:00,0,1,88,0,0,1,88,0,0
94:00:00:00:9e:c5,0,1,88,0,0,0,0,1,88
07:b9:2b:73:f2:12,0,7,526,0,0,7,526,0,0
f0:a6:54:1d:ef:e5,0,1,304,0,0,1,304,0,0
90:17:c8:98:47:0a,0,2,400,0,0,2,400,0,0
d2:2c:01:67:18:d5,0,1,70,0,0,1,70,0,0
00:00:0c:07:ac:e8,0,1,285,0,0,0,0,1,285
b5:54:04:00:b0:66,0,1,88,0,0,1,88,0,0
60:3a:af:68:0d:0d,0,17,2710,0,0,17,2710,0,0
b0:6e:72:d3:88:47,0,50,11217,0,0,50,11217,0,0
33:33:ff:a5:44:a7,0,1,180,0,0,0,0,1,180
0f:c7:a0:3f:3e:a7,0,3,210,0,0,3,210,0,0
f0:6c:5d:9f:20:c0,0,32,13120,0,0,32,13120,0,0
80:54:9c:0b:8c:71,0,1,164,0,0,1,164,0,0
bb:cf:d3:a2:b5:53,0,1,70,0,0,1,70,0,0
04:00:40:00:07:00,0,1,88,0,0,0,0,1,88
2c:1e:78:a1:b5:51,0,1,70,0,0,1,70,0,0
30:86:2d:d0:a4:20,0,1,70,0,0,0,0,1,70
ba:2e:7f:d6:b5:51,0,1,70,0,0,1,70,0,0
30:86:2d:d0:a4:21,0,1,70,0,0,0,0,1,70
00:7f:76:4f:b5:51,0,1,70,0,0,1,70,0,0
30:86:2d:d0:a4:22,0,1,70,0,0,0,0,1,70
dc:21:5c:e4:52:fa,0,119,80990,0,0,119,80990,0,0
04:00:c0:55:ff:ff,0,1,88,0,0,1,88,0,0
00:5b:94:96:7b:40,0,3,501,0,0,3,501,0,0
48:74:12:84:92:97,0,1,246,0,0,1,246,0,0
04:00:30:56:ff:ff,0,1,88,0,0,1,88,0,0
04:00:a0:56:ff:ff,0,1,88,0,0,1,88,0,0
04:00:f0:56:ff:ff,0,1,88,0,0,1,88,0,0
04:00:00:57:ff:ff,0,1,88,0,0,1,88,0,0
04:00:d0:58:ff:ff,0,1,88,0,0,1,88,0,0
23:52:0a:ec:6a:ef,0,2,146,0,0,2,146,0,0
9e:c5:7c:56:9a:7d,0,1,178,0,0,1,178,0,0
b5:50:04:00:40:00,0,2,176,0,0,2,176,0,0
ca:85:04:00:e0:59,0,1,88,0,0,1,88,0,0
ca:85:04:00:f0:59,0,1,88,0,0,1,88,0,0
04:00:c0:5a:ff:ff,0,1,88,0,0,0,0,1,88
04:00:60:5c:ff:ff,0,1,88,0,0,1,88,0,0
da:c7:98:e4:ee:5b,0,10,2192,0,0,10,2192,0,0
04:00:90:5c:ff:ff,0,4,316,0,0,4,316,0,0
04:00:b0:5c:ff:ff,0,1,88,0,0,1,88,0,0
04:00:20:5d:ff:ff,0,1,88,0,0,1,88,0,0
04:00:50:5d:ff:ff,0,1,88,0,0,1,88,0,0
04:00:b0:5d:ff:ff,0,1,88,0,0,1,88,0,0
04:00:50:5e:ff:ff,0,1,88,0,0,1,88,0,0
04:00:80:5e:ff:ff,0,2,158,0,0,2,158,0,0
04:00:a0:5e:ff:ff,0,1,88,0,0,1,88,0,0
04:00:90:5f:ff:ff,0,1,88,0,0,1,88,0,0
04:00:20:60:ff:ff,0,1,88,0,0,1,88,0,0
33:33:ff:fe:19:bf,0,2,360,0,0,0,0,2,360
04:00:60:60:ff:ff,0,1,88,0,0,1,88,0,0
b5:54:04:00:20:ea,0,1,88,0,0,1,88,0,0
ff:ff:ff:ff:80:86,0,1,84,0,0,1,84,0,0
04:00:30:63:ff:ff,0,1,88,0,0,1,88,0,0
04:00:40:63:ff:ff,0,1,88,0,0,1,88,0,0
f0:df:c7:63:b5:54,0,2,146,0,0,0,0,2,146
37:89:22:15:b5:54,0,1,70,0,0,1,70,0,0
bf:86:f7:e6:b5:54,0,1,70,0,0,1,70,0,0
ff:ff:ff:ff:50:85,0,1,84,0,0,1,84,0,0
04:00:50:64:ff:ff,0,1,88,0,0,0,0,1,88
04:00:e0:64:ff:ff,0,2,176,0,0,2,176,0,0
04:00:f0:64:ff:ff,0,1,88,0,0,1,88,0,0
04:00:00:65:ff:ff,0,1,88,0,0,1,88,0,0
33:33:ff:5d:d7:c5,0,8,1440,0,0,0,0,8,1440
04:00:20:65:ff:ff,0,1,88,0,0,1,88,0,0
04:00:20:66:ff:ff,0,1,88,0,0,1,88,0,0
04:00:60:66:ff:ff,0,1,88,0,0,1,88,0,0
04:00:70:67:ff:ff,0,1,88,0,0,1,88,0,0
04:00:80:67:ff:ff,0,1,88,0,0,1,88,0,0
2e:36:f6:ff:ab:d3,0,1,76,0,0,1,76,0,0
04:00:f0:67:ff:ff,0,1,88,0,0,1,88,0,0
04:00:40:68:ff:ff,0,2,176,0,0,2,176,0,0
cb:25:b5:54:f6:5b,0,4,280,0,0,4,280,0,0
e4:03:b5:54:2e:36,0,5,350,0,0,1,70,4,280
ff:ff:ff:ff:62:9c,0,1,84,0,0,1,84,0,0
07:b9:2b:73:d0:a1,0,3,222,0,0,3,222,0,0
10:b5:88:73:20:14,0,19,9015,0,0,19,9015,0,0
07:b9:2b:73:8e:8a,0,6,444,0,0,6,444,0,0
ff:ff:ff:ff:b2:9f,0,1,84,0,0,1,84,0,0
31:04:19:97:e0:e3,0,2,874,0,0,2,874,0,0
34:f3:9a:9b:0c:3f,0,9,2558,0,0,9,2558,0,0
07:b9:2b:73:a7:d7,0,3,222,0,0,3,222,0,0
ff:ff:ff:ff:2a:1a,0,4,306,0,0,4,306,0,0
00:3a:32:36:f1:3d,0,9,678,0,0,9,678,0,0
ff:ff:ff:ff:c2:9b,0,1,84,0,0,1,84,0,0
90:78:b2:ed:25:a2,0,49,14140,0,0,49,14140,0,0
33:33:ff:ed:25:a2,0,1,172,0,0,0,0,1,172
d2:c7:07:75:ce:9d,0,3,228,0,0,0,0,3,228
3e:27:07:75:ce:9d,0,3,210,0,0,0,0,3,210
e3:0c:c5:56:8e:8a,0,2,146,0,0,2,146,0,0
8c:ab:7d:85:07:75,0,1,70,0,0,1,70,0,0
07:b9:2b:73:ac:28,0,3,222,0,0,0,0,3,222
ff:ff:ff:ff:12:98,0,1,84,0,0,1,84,0,0
f8:83:69:4f:b9:07,0,2,146,0,0,2,146,0,0
07:b9:2b:73:83:d4,0,4,298,0,0,4,298,0,0
ff:ff:ff:ff:8b:14,0,1,84,0,0,1,84,0,0
42:d5:c9:d2:b5:50,0,1,70,0,0,1,70,0,0
a1:a8:86:df:b5:55,0,2,146,0,0,0,0,2,146
60:3f:0b:b3:b5:55,0,1,70,0,0,1,70,0,0
07:b9:2b:73:e9:f0,0,2,146,0,0,2,146,0,0
ff:ff:ff:ff:63:95,0,1,84,0,0,1,84,0,0
0a:7d:d4:cb:8f:28,0,2,146,0,0,2,146,0,0
e8:fb:1c:77:bf:47,0,27,7136,0,0,27,7136,0,0
7c:fd:6b:cf:f9:e4,0,1,407,0,0,1,407,0,0
ff:ff:ff:ff:5b:17,0,1,84,0,0,1,84,0,0
cc:ab:f9:9f:ca:80,0,1,70,0,0,1,70,0,0
c9:8a:1c:1f:b5:55,0,6,438,0,0,0,0,6,438
b1:00:fa:4b:b5:55,0,5,350,0,0,5,350,0,0
b5:55:d5:24:ee:60,0,3,210,0,0,0,0,3,210
ff:ff:ff:ff:b3:96,0,1,84,0,0,1,84,0,0
cf:a7:ff:e6:b5:51,0,1,70,0,0,1,70,0,0
33:33:ff:a1:80:8c,0,1,180,0,0,0,0,1,180
ff:ff:ff:ff:2b:13,0,1,84,0,0,1,84,0,0
ac:cc:fc:c3:b9:62,0,7,1820,0,0,7,1820,0,0
8a:64:c5:ee:fb:eb,0,5,1140,0,0,5,1140,0,0
90:a8:22:0a:23:f1,0,5,1151,0,0,5,1151,0,0
08:84:9d:06:e9:8c,0,5,1263,0,0,5,1263,0,0
44:42:01:6a:34:21,0,4,1014,0,0,4,1014,0,0
33:33:ff:80:9f:b7,0,5,900,0,0,0,0,5,900
44:00:49:3b:2b:58,0,5,1348,0,0,5,1348,0,0
33:33:ff:a6:4a:50,0,3,540,0,0,0,0,3,540
cb:25:b5:54:59:85,0,8,608,0,0,1,76,7,532
ff:ff:ff:ff:13:91,0,7,528,0,0,7,528,0,0
ff:ff:ff:ff:43:70,0,1,84,0,0,1,84,0,0
b5:55:b1:00:fa:4b,0,3,210,0,0,0,0,3,210
2d:d0:a3:f0:3f:5a,0,2,140,0,0,2,140,0,0
ea:68:cb:25:b5:55,0,2,140,0,0,0,0,2,140
2d:d0:a3:f1:a9:6a,0,1,70,0,0,1,70,0,0
ed:1f:cb:25:b5:55,0,1,70,0,0,0,0,1,70
45:89:5d:dc:80:8c,0,4,298,0,0,4,298,0,0
5a:9f:98:5d:b5:54,0,1,70,0,0,1,70,0,0
d2:c7:07:75:81:0a,0,2,140,0,0,2,140,0,0
31:7b:cb:25:b5:55,0,2,140,0,0,0,0,2,140
d2:c7:07:75:54:24,0,1,70,0,0,1,70,0,0
96:5e:b5:54:04:00,0,1,70,0,0,0,0,1,70
cf:df:b5:54:04:00,0,8,560,0,0,0,0,8,560
d2:c7:07:75:c2:84,0,1,70,0,0,1,70,0,0
b4:c4:b5:54:04:00,0,1,70,0,0,0,0,1,70
b5:54:04:00:10:ee,0,1,88,0,0,1,88,0,0
b5:54:04:00:60:ef,0,1,88,0,0,1,88,0,0
11:9b:61:d7:b5:51,0,1,70,0,0,1,70,0,0
98:5d:b5:54:04:00,0,1,70,0,0,0,0,1,70
ca:0e:c8:f1:b5:54,0,1,70,0,0,1,70,0,0
ff:ff:ff:ff:b1:3f,0,1,84,0,0,1,84,0,0
ff:ff:ff:ff:93:73,0,3,230,0,0,3,230,0,0
07:75:62:73:a2:51,0,2,140,0,0,0,0,2,140
b5:54:04:00:00:f5,0,3,246,0,0,3,246,0,0
2e:36:f6:ff:99:59,0,2,146,0,0,2,146,0,0
ff:ff:ff:ff:59:be,0,2,154,0,0,2,154,0,0
07:75:a4:80:84:04,0,1,70,0,0,0,0,1,70
54:96:3b:7c:41:a3,0,1,246,0,0,1,246,0,0
0f:00:0c:07:ac:28,0,1,246,0,0,0,0,1,246
b5:54:04:00:40:f5,0,3,228,0,0,3,228,0,0
b5:54:04:00:90:f6,0,5,368,0,0,5,368,0,0
7f:d5:82:65:78:7f,0,2,146,0,0,2,146,0,0
04:00:d0:f7:ff:ff,0,1,88,0,0,1,88,0,0
ff:ff:ff:ff:7b:f2,0,2,160,0,0,2,160,0,0
ff:ff:ff:ff:c1:3b,0,1,84,0,0,1,84,0,0
2e:36:f6:ff:a6:c6,0,1,76,0,0,1,76,0,0
ff:ff:ff:ff:ae:db,0,3,230,0,0,3,230,0,0
ff:ff:ff:ff:11:38,0,1,84,0,0,1,84,0,0
6c:60:ec:71:b5:54,0,1,70,0,0,1,70,0,0
ff:ff:ff:ff:db:f5,0,1,84,0,0,1,84,0,0
cb:25:b5:54:cf:44,0,1,76,0,0,0,0,1,76
cb:25:b5:54:29:df,0,1,70,0,0,1,70,0,0
1b:f8:b5:54:cf:44,0,1,70,0,0,0,0,1,70
ff:ff:ff:ff:42:79,0,3,230,0,0,3,230,0,0
ff:ff:ff:ff:92:7a,0,5,376,0,0,5,376,0,0
ff:ff:ff:ff:e2:7e,0,1,84,0,0,1,84,0,0
a8:e6:21:5e:ee:eb,0,2,563,0,0,2,563,0,0
cf:44:b4:9f:b9:62,0,1,76,0,0,1,76,0,0
ff:ff:ff:ff:0a:ff,0,2,160,0,0,2,160,0,0
ff:ff:ff:ff:88:b4,0,1,84,0,0,1,84,0,0
98:22:6e:23:4e:0e,0,2,562,0,0,2,562,0,0
cf:44:b4:9f:4e:0e,0,2,146,0,0,2,146,0,0
ff:ff:ff:ff:32:7d,0,1,84,0,0,1,84,0,0
25:97:44:18:b5:55,0,2,146,0,0,0,0,2,146
af:6b:c0:08:b5:54,0,1,70,0,0,1,70,0,0
ff:ff:ff:ff:00:64,0,1,84,0,0,1,84,0,0
cb:25:b5:55:c9:8a,0,1,76,0,0,0,0,1,76
cb:25:b5:55:b1:00,0,1,70,0,0,1,70,0,0
fa:4b:b5:55:c9:8a,0,1,70,0,0,0,0,1,70
ff:ff:ff:ff:d0:67,0,1,84,0,0,1,84,0,0
cf:44:b4:9f:24:df,0,2,146,0,0,2,146,0,0
ff:ff:ff:ff:38:e6,0,3,230,0,0,3,230,0,0
ff:ff:ff:ff:62:56,0,3,230,0,0,3,230,0,0
27:cc:55:d8:ca:84,0,1,70,0,0,1,70,0,0
07:75:05:30:b0:d1,0,1,84,0,0,1,84,0,0
ff:ff:ff:ff:fa:d3,0,3,230,0,0,3,230,0,0
b5:54:6c:60:ec:71,0,2,140,0,0,0,0,2,140
ff:ff:ff:ff:01:6d,0,3,230,0,0,3,230,0,0
ff:ff:ff:ff:c0:32,0,2,154,0,0,2,154,0,0
07:75:54:24:96:5e,0,1,70,0,0,0,0,1,70
ff:ff:ff:ff:e9:ec,0,2,154,0,0,2,154,0,0
09:fc:2a:0c:ca:82,0,1,70,0,0,1,70,0,0
04:00:00:f9:ff:ff,0,3,228,0,0,3,228,0,0
04:00:30:f9:ff:ff,0,2,158,0,0,2,158,0,0
04:00:50:f9:ff:ff,0,2,158,0,0,2,158,0,0
04:00:70:f9:ff:ff,0,1,88,0,0,1,88,0,0
41:f3:31:04:19:97,0,2,140,0,0,2,140,0,0
44:6d:7f:c3:24:92,0,3,825,0,0,3,825,0,0
17:96:58:54:19:97,0,5,374,0,0,5,374,0,0
70:66:55:d8:57:09,0,3,2976,0,0,3,2976,0,0
07:b9:2b:73:1c:c5,0,3,222,0,0,3,222,0,0
ff:ff:ff:ff:a4:00,0,1,84,0,0,1,84,0,0
ff:ff:ff:ff:0e:dc,0,3,230,0,0,3,230,0,0
ff:ff:ff:ff:52:6c,0,3,230,0,0,3,230,0,0
04:00:10:fa:ff:ff,0,1,88,0,0,1,88,0,0
04:00:30:fa:ff:ff,0,1,88,0,0,1,88,0,0
ff:ff:ff:ff:fd:da,0,1,84,0,0,1,84,0,0
ff:ff:ff:ff:65:5f,0,1,84,0,0,1,84,0,0
ff:ff:ff:ff:ba:ed,0,1,84,0,0,1,84,0,0
2e:36:f6:ff:ea:5e,0,1,76,0,0,1,76,0,0
2e:36:f6:ff:b5:55,0,2,146,0,0,0,0,2,146
ff:ff:ff:ff:b5:5c,0,3,230,0,0,3,230,0,0
ff:ff:ff:ff:5d:dd,0,3,230,0,0,3,230,0,0
ff:ff:ff:ff:c4:51,0,1,84,0,0,1,84,0,0
04:00:50:f8:ff:ff,0,1,88,0,0,1,88,0,0
56:91:97:1e:cc:a1,0,1,76,0,0,1,76,0,0
ff:ff:ff:ff:64:56,0,2,160,0,0,2,160,0,0
30:56:96:23:69:09,0,124,18340,0,0,124,18340,0,0
f2:62:57:9d:4c:00,0,1,154,0,0,1,154,0,0
04:24:1a:90:b4:56,0,2,146,0,0,2,146,0,0
ff:ff:ff:ff:04:07,0,1,84,0,0,1,84,0,0
04:00:e0:fa:ff:ff,0,2,176,0,0,2,176,0,0
07:b9:2b:73:5c:0c,0,2,152,0,0,2,152,0,0
07:b9:2b:73:68:59,0,2,152,0,0,2,152,0,0
07:b9:2b:73:09:72,0,2,146,0,0,2,146,0,0
35:b9:5a:e6:d1:93,0,2,146,0,0,2,146,0,0
07:b9:2b:73:a3:a6,0,3,222,0,0,3,222,0,0
50:cb:0a:b8:21:67,0,3,216,0,0,3,216,0,0
4b:44:a6:a1:21:67,0,3,216,0,0,3,216,0,0
07:b9:2b:73:85:11,0,2,152,0,0,2,152,0,0
ff:ff:ff:ff:ec:86,0,1,84,0,0,1,84,0,0
07:b9:2b:73:3e:2e,0,2,146,0,0,2,146,0,0
ff:41:04:56:68:97,0,3,694,0,0,3,694,0,0
fb:09:a5:3a:27:07,0,1,548,0,0,0,0,1,548
07:75:a5:c4:fe:b6,0,4,280,0,0,0,0,4,280
7c:70:db:db:14:10,0,3,808,0,0,3,808,0,0
28:cf:89:8d:b5:54,0,1,70,0,0,1,70,0,0
0a:9d:12:35:b5:54,0,1,70,0,0,1,70,0,0
66:1e:9b:7c:49:1f,0,3,222,0,0,3,222,0,0
ff:ff:ff:bf:c7:07,0,1,84,0,0,1,84,0,0
50:cb:0a:b8:4c:00,0,2,146,0,0,2,146,0,0
a6:df:87:94:4c:00,0,7,520,0,0,7,520,0,0
ff:ff:ff:ff:57:46,0,4,300,0,0,4,300,0,0
d2:c7:07:75:3c:f7,0,1,76,0,0,0,0,1,76
45:ca:07:75:3c:f7,0,1,70,0,0,0,0,1,70
2d:d0:a4:21:ba:2e,0,1,70,0,0,1,70,0,0
7f:d6:cb:25:b5:55,0,1,70,0,0,0,0,1,70
b5:55:04:00:d0:3a,0,3,264,0,0,3,264,0,0
a5:c4:fe:b6:07:75,0,5,350,0,0,5,350,0,0
07:39:38:ab:07:75,0,1,70,0,0,1,70,0,0
d2:c7:07:75:a5:c4,0,10,700,0,0,10,700,0,0
fe:b6:b5:54:04:00,0,1,70,0,0,0,0,1,70
d2:c7:07:75:50:cb,0,9,684,0,0,0,0,9,684
fe:b6:07:75:50:cb,0,9,630,0,0,0,0,9,630
d4:87:07:75:50:cb,0,10,700,0,0,0,0,10,700
d2:c7:07:75:a6:bf,0,1,76,0,0,0,0,1,76
d2:c7:07:75:15:8a,0,2,140,0,0,2,140,0,0
37:0a:07:75:a6:bf,0,1,70,0,0,0,0,1,70
07:b9:2b:73:aa:50,0,2,146,0,0,2,146,0,0
3a:ad:25:78:21:4b,0,2,146,0,0,2,146,0,0
50:cb:0a:b8:b9:07,0,3,216,0,0,3,216,0,0
76:50:a8:aa:e0:25,0,2,146,0,0,2,146,0,0
5e:93:25:fc:ad:4a,0,2,152,0,0,2,152,0,0
5e:93:25:fc:7b:19,0,2,146,0,0,2,146,0,0
cb:25:b5:54:56:91,0,2,152,0,0,2,152,0,0
b4:00:3c:01:f8:89,0,2,152,0,0,0,0,2,152
56:91:97:1e:cf:b7,0,2,152,0,0,2,152,0,0
56:91:97:1e:4c:a5,0,2,152,0,0,2,152,0,0
56:91:97:1e:b5:54,0,2,146,0,0,0,0,2,146
ff:ff:ff:ff:4d:88,0,1,84,0,0,1,84,0,0
b2:22:dd:78:07:75,0,1,70,0,0,1,70,0,0
2a:28:de:59:d2:41,0,2,146,0,0,2,146,0,0
04:00:60:69:ff:ff,0,1,88,0,0,1,88,0,0
c9:8a:1c:1f:ea:d8,0,2,146,0,0,2,146,0,0
c3:79:32:96:61:3d,0,1,166,0,0,1,166,0,0
88:23:0d:07:ac:3c,0,1,166,0,0,0,0,1,166
cb:25:b5:54:c4:1d,0,2,140,0,0,2,140,0,0
86:d1:b5:54:59:85,0,1,70,0,0,0,0,1,70
04:00:c0:69:ff:ff,0,1,88,0,0,1,88,0,0
04:00:d0:69:ff:ff,0,1,88,0,0,1,88,0,0
17:3c:d0:52:59:b9,0,1,76,0,0,1,76,0,0
34:b9:8d:3f:27:d3,0,11,2919,0,0,11,2919,0,0
94:3a:91:52:d0:9e,0,5,1263,0,0,5,1263,0,0
a3:f1:a9:6a:ed:1f,0,1,70,0,0,0,0,1,70
13:3b:e4:86:b5:51,0,1,70,0,0,1,70,0,0
3f:5a:ea:68:b5:51,0,3,210,0,0,3,210,0,0
07:b9:2b:73:03:93,0,4,292,0,0,4,292,0,0
66:d5:53:8b:26:df,0,3,216,0,0,3,216,0,0
11:66:4d:f4:26:df,0,1,76,0,0,1,76,0,0
66:d5:53:8b:ff:ff,0,6,432,0,0,6,432,0,0
11:66:4d:f4:00:28,0,2,146,0,0,2,146,0,0
11:66:4d:f4:ff:ff,0,2,146,0,0,2,146,0,0
66:d5:53:8b:91:44,0,3,216,0,0,3,216,0,0
66:d5:53:8b:b4:2b,0,2,146,0,0,2,146,0,0
66:d5:53:8b:14:c6,0,4,286,0,0,4,286,0,0
33:33:ff:40:98:cd,0,1,180,0,0,0,0,1,180
66:d5:53:8b:98:cd,0,3,216,0,0,3,216,0,0
66:d5:53:8b:d9:61,0,2,146,0,0,2,146,0,0
66:d5:53:8b:22:07,0,3,216,0,0,3,216,0,0
d2:c7:07:75:d8:bd,0,1,70,0,0,1,70,0,0
c7:50:cb:25:b5:55,0,1,70,0,0,0,0,1,70
d2:c7:07:75:66:d5,0,1,76,0,0,0,0,1,76
d2:c7:07:75:10:df,0,1,70,0,0,1,70,0,0
1b:65:07:75:66:d5,0,1,70,0,0,0,0,1,70
33:33:ff:74:70:50,0,1,180,0,0,0,0,1,180
17:93:93:1c:82:ac,0,1,162,0,0,1,162,0,0
88:41:49:00:c4:8a,0,1,162,0,0,0,0,1,162
b5:54:04:00:10:00,0,1,88,0,0,1,88,0,0
04:00:a0:f8:ff:ff,0,1,88,0,0,1,88,0,0
2e:36:f6:ff:19:ef,0,3,222,0,0,3,222,0,0
10:b0:6d:4b:18:d5,0,1,70,0,0,1,70,0,0
a8:ab:b5:cd:5b:02,0,4,1305,0,0,4,1305,0,0
07:b9:2b:73:ec:82,0,2,152,0,0,2,152,0,0
dd:96:f7:9b:07:75,0,1,70,0,0,1,70,0,0
a2:c3:33:7e:86:7a,0,29,4960,0,0,29,4960,0,0
24:95:2f:4b:40:b8,0,124,18854,0,0,124,18854,0,0
7d:5a:ff:92:40:b8,0,3,216,0,0,3,216,0,0
fd:37:72:2f:ca:82,0,1,70,0,0,1,70,0,0
c4:a0:52:73:2c:92,0,3,502,0,0,3,502,0,0
07:b9:2b:73:2c:92,0,2,152,0,0,2,152,0,0
56:91:97:1e:2c:92,0,4,304,0,0,4,304,0,0
88:20:7e:04:19:97,0,2,238,0,0,2,238,0,0
07:b9:2b:73:a4:6f,0,2,152,0,0,2,152,0,0
cb:25:b5:54:17:3c,0,5,380,0,0,3,228,2,152
cb:25:b5:54:7f:bd,0,2,140,0,0,2,140,0,0
6d:01:b5:54:17:3c,0,4,280,0,0,2,140,2,140
07:b9:2b:73:0d:12,0,4,292,0,0,4,292,0,0
a0:59:50:d2:bf:4a,0,3,3889,0,0,3,3889,0,0
56:91:97:1e:b5:55,0,3,222,0,0,0,0,3,222
bc:e7:cf:df:b5:53,0,1,70,0,0,1,70,0,0
04:00:90:02:ff:ff,0,3,246,0,0,3,246,0,0
f6:f3:a4:20:b5:54,0,1,70,0,0,1,70,0,0
d8:c3:db:f4:e6:35,0,1,70,0,0,1,70,0,0
e6:d3:0e:91:05:b5,0,5,900,0,0,5,900,0,0
b4:00:b2:00:c4:0a,0,1,76,0,0,0,0,1,76
c4:00:86:00:f8:89,0,1,70,0,0,0,0,1,70
d2:71:18:d5:df:94,0,1,76,0,0,1,76,0,0
b4:00:af:00:c4:0a,0,1,76,0,0,0,0,1,76
91:a7:18:d5:df:94,0,1,70,0,0,1,70,0,0
c4:00:83:00:f8:89,0,1,70,0,0,0,0,1,70
18:d5:5f:db:de:b8,0,2,140,0,0,0,0,2,140
33:33:ff:83:67:82,0,1,180,0,0,0,0,1,180
07:b9:2b:73:cb:cc,0,4,298,0,0,4,298,0,0
07:b9:2b:73:04:b7,0,2,146,0,0,2,146,0,0
18:d5:09:b9:a8:41,0,1,70,0,0,0,0,1,70
07:b9:2b:73:62:2d,0,2,146,0,0,2,146,0,0
2a:28:de:59:6f:13,0,3,222,0,0,3,222,0,0
05:00:c0:ca:ff:ff,0,1,88,0,0,1,88,0,0
a4:c6:f0:5f:7d:35,0,8,2062,0,0,8,2062,0,0
33:33:ff:28:e6:2c,0,1,180,0,0,0,0,1,180
07:b9:2b:73:f3:ba,0,2,146,0,0,2,146,0,0
07:b9:2b:73:0d:0d,0,5,368,0,0,5,368,0,0
07:b9:2b:73:cb:fc,0,2,146,0,0,2,146,0,0
b5:54:04:00:20:04,0,2,176,0,0,2,176,0,0
07:b9:2b:73:3e:e4,0,1,76,0,0,1,76,0,0
17:3c:d0:52:ae:55,0,1,76,0,0,1,76,0,0
17:3c:d0:52:75:82,0,2,146,0,0,2,146,0,0
07:b9:2b:73:57:d6,0,1,76,0,0,1,76,0,0
06:4b:b2:58:27:0b,0,72,15314,0,0,72,15314,0,0
07:b9:2b:73:29:11,0,1,76,0,0,1,76,0,0
32:d9:b8:db:83:56,0,1,70,0,0,0,0,1,70
dc:ff:97:7d:b5:52,0,1,70,0,0,1,70,0,0
74:ab:2e:6e:06:05,0,1,76,0,0,1,76,0,0
f3:42:f6:80:06:05,0,2,152,0,0,2,152,0,0
cb:1a:c1:cf:06:05,0,2,146,0,0,2,146,0,0
07:b9:2b:73:80:8c,0,5,380,0,0,5,380,0,0
21:9d:ba:a5:80:8c,0,2,152,0,0,2,152,0,0
c4:f1:d0:63:7f:51,0,2,152,0,0,2,152,0,0
b5:54:ed:0c:19:46,0,1,70,0,0,0,0,1,70
d2:71:18:d5:46:d2,0,3,210,0,0,3,210,0,0
d2:71:18:d5:79:5a,0,1,76,0,0,0,0,1,76
d2:71:18:d5:4c:78,0,1,70,0,0,1,70,0,0
43:6c:18:d5:79:5a,0,1,70,0,0,0,0,1,70
18:ab:1d:9a:c9:df,0,83,12706,0,0,83,12706,0,0
3f:5a:ea:68:c9:df,0,1,70,0,0,1,70,0,0
07:b9:2b:73:8c:6b,0,2,146,0,0,2,146,0,0
b8:98:ad:25:73:ef,0,24,3852,0,0,24,3852,0,0
4c:c7:bf:e4:7b:9e,0,2,146,0,0,2,146,0,0
04:00:30:05:ff:ff,0,3,228,0,0,3,228,0,0
04:00:50:05:ff:ff,0,1,88,0,0,1,88,0,0
04:00:60:05:ff:ff,0,1,88,0,0,1,88,0,0
b5:54:04:00:70:05,0,3,228,0,0,3,228,0,0
b5:54:04:00:a0:05,0,1,88,0,0,1,88,0,0
04:00:00:06:ff:ff,0,4,352,0,0,4,352,0,0
04:00:70:06:ff:ff,0,2,176,0,0,2,176,0,0
33:33:ff:5a:dc:3c,0,1,180,0,0,0,0,1,180
33:33:ff:0d:44:04,0,1,180,0,0,0,0,1,180
ac:d5:64:94:3a:9b,0,2,622,0,0,2,622,0,0
64:a2:f9:35:b6:50,0,3,749,0,0,3,749,0,0
33:33:ff:1b:a1:da,0,1,180,0,0,0,0,1,180
d8:c0:a6:8a:ff:37,0,15,4334,0,0,15,4334,0,0
94:17:00:38:8a:26,0,21,6778,0,0,21,6778,0,0
b0:be:83:0f:2b:0b,0,23,7173,0,0,23,7173,0,0
61:88:3f:a4:52:fa,0,4,292,0,0,4,292,0,0
a5:c3:8b:5d:ca:82,0,2,140,0,0,2,140,0,0
a6:10:5e:ab:50:09,0,2,394,0,0,2,394,0,0
07:b9:2b:73:a2:51,0,2,146,0,0,2,146,0,0
cb:25:b5:54:08:07,0,1,76,0,0,0,0,1,76
cb:25:b5:54:02:ee,0,1,70,0,0,1,70,0,0
a0:84:b5:54:08:07,0,1,70,0,0,0,0,1,70
8a:5d:53:73:00:28,0,2,146,0,0,2,146,0,0
17:96:58:54:69:f2,0,4,292,0,0,4,292,0,0
07:b9:2b:73:d4:82,0,1,76,0,0,1,76,0,0
07:b9:2b:73:e9:ca,0,2,152,0,0,2,152,0,0
3c:a6:f6:4e:bd:1a,0,1,158,0,0,1,158,0,0
07:b9:2b:73:7a:f1,0,2,146,0,0,2,146,0,0
04:00:a0:6b:ff:ff,0,1,88,0,0,1,88,0,0
d2:71:18:d5:b2:fa,0,1,76,0,0,0,0,1,76
b2:fa:0c:51:8d:6d,0,2,146,0,0,2,146,0,0
94:52:44:20:c0:60,0,42,6944,0,0,42,6944,0,0
d8:4c:90:d7:42:a8,0,42,15674,0,0,42,15674,0,0
33:33:ff:44:22:98,0,1,180,0,0,0,0,1,180
b8:5d:22:e6:22:f6,0,2,146,0,0,2,146,0,0
33:33:ff:3e:da:5d,0,1,180,0,0,0,0,1,180
66:ad:74:1e:29:8c,0,2,872,0,0,2,872,0,0
04:00:60:07:ff:ff,0,3,264,0,0,2,176,1,88
d8:c3:db:f4:00:00,0,1,70,0,0,1,70,0,0
04:00:e0:08:ff:ff,0,2,158,0,0,2,158,0,0
c0:50:cb:01:ff:ff,0,2,146,0,0,2,146,0,0
62:73:a2:51:b5:52,0,2,140,0,0,2,140,0,0
4a:9b:bc:ec:09:50,0,2,352,0,0,2,352,0,0
21:9d:ba:a5:79:7a,0,1,76,0,0,1,76,0,0
1a:a7:d2:3b:79:7a,0,2,146,0,0,2,146,0,0
35:b9:5a:e6:6f:e2,0,2,146,0,0,2,146,0,0
ff:ff:ff:ff:c8:c5,0,1,84,0,0,1,84,0,0
07:b9:2b:73:22:07,0,7,532,0,0,7,532,0,0
2a:28:de:59:50:d2,0,2,146,0,0,2,146,0,0
07:b9:2b:73:8b:fd,0,2,146,0,0,2,146,0,0
c4:0a:cb:25:e6:30,0,8,2475,0,0,7,2405,1,70
07:b9:2b:73:19:97,0,11,818,0,0,11,818,0,0
c3:cd:fa:e2:fc:4e,0,2,146,0,0,2,146,0,0
54:b8:02:e2:32:4e,0,13,2320,0,0,13,2320,0,0
33:33:ff:e2:32:4e,0,1,172,0,0,0,0,1,172
07:b9:2b:73:b7:32,0,2,146,0,0,2,146,0,0
68:b6:91:c9:e6:4c,0,2,478,0,0,2,478,0,0
74:a7:ea:d8:d8:60,0,1,324,0,0,1,324,0,0
07:b9:2b:73:66:27,0,2,146,0,0,2,146,0,0
07:b9:2b:73:df:b7,0,2,146,0,0,2,146,0,0
3f:5a:ea:68:ca:84,0,1,70,0,0,1,70,0,0
c5:17:cb:25:b5:55,0,1,70,0,0,0,0,1,70
f8:89:32:b0:90:78,0,1,162,0,0,1,162,0,0
00:00:0c:9f:43:21,0,3,308,0,0,0,0,3,308
07:75:1f:60:7e:7e,0,2,146,0,0,2,146,0,0
b5:54:04:00:60:0a,0,1,88,0,0,1,88,0,0
b5:54:04:00:d0:0a,0,1,88,0,0,1,88,0,0
04:00:f0:0b:ff:ff,0,2,158,0,0,2,158,0,0
4c:c7:bf:e4:57:a7,0,6,426,0,0,6,426,0,0
01:00:0c:cc:cc:cc,0,2,960,0,0,0,0,2,960
4c:c7:bf:e4:51:42,0,2,152,0,0,2,152,0,0
c9:8a:1c:1f:b6:1d,0,2,146,0,0,2,146,0,0
24:95:2f:75:38:b1,0,51,8130,0,0,51,8130,0,0
b4:00:20:01:f8:89,0,3,228,0,0,0,0,3,228
c4:00:f6:00:c4:0a,0,2,140,0,0,0,0,2,140
04:00:a0:0c:ff:ff,0,1,88,0,0,1,88,0,0
e8:5f:02:12:14:6d,0,9,2420,0,0,9,2420,0,0
ac:86:a3:4c:6d:0e,0,11,2951,0,0,11,2951,0,0
07:b9:2b:73:de:ba,0,3,222,0,0,3,222,0,0
2a:28:de:59:46:eb,0,2,146,0,0,2,146,0,0
ea:d1:51:e1:b5:53,0,1,70,0,0,1,70,0,0
ea:d1:51:e1:c7:71,0,1,70,0,0,1,70,0,0
04:00:20:6c:ff:ff,0,1,88,0,0,0,0,1,88
04:00:60:6c:ff:ff,0,1,88,0,0,1,88,0,0
04:00:60:6d:ff:ff,0,1,88,0,0,1,88,0,0
ff:00:70:0a:6f:cb,0,1,76,0,0,1,76,0,0
ff:00:70:0a:89:ad,0,3,216,0,0,3,216,0,0
e4:8f:dc:13:89:ad,0,4,286,0,0,4,286,0,0
82:06:33:c6:de:b3,0,17,3546,0,0,17,3546,0,0
b3:9d:d0:f0:c0:ba,0,3,216,0,0,3,216,0,0
3f:d5:02:a7:b5:54,0,1,70,0,0,1,70,0,0
04:00:d0:0e:ff:ff,0,3,246,0,0,3,246,0,0
04:00:00:6e:ff:ff,0,1,88,0,0,1,88,0,0
07:b9:2b:73:e4:72,0,2,152,0,0,2,152,0,0
04:00:40:6e:ff:ff,0,1,88,0,0,1,88,0,0
07:b9:2b:73:21:79,0,3,222,0,0,3,222,0,0
60:8f:ce:2d:b6:ea,0,2,146,0,0,2,146,0,0
ff:00:70:0a:73:51,0,3,216,0,0,3,216,0,0
c6:16:31:9d:ad:78,0,2,316,0,0,2,316,0,0
07:b9:2b:73:91:4e,0,4,292,0,0,4,292,0,0
07:b9:2b:73:48:8f,0,2,146,0,0,2,146,0,0
07:b9:2b:73:de:b3,0,6,456,0,0,6,456,0,0
b5:54:a8:b3:ee:cf,0,1,70,0,0,0,0,1,70
ff:ff:ff:ff:4e:ed,0,6,434,0,0,6,434,0,0
07:75:b9:1f:c5:f3,0,1,70,0,0,0,0,1,70
ea:af:4d:45:b5:53,0,1,70,0,0,1,70,0,0
07:b9:2b:73:6c:15,0,6,456,0,0,6,456,0,0
04:00:a0:6e:ff:ff,0,1,88,0,0,1,88,0,0
b8:99:74:f0:b5:54,0,1,70,0,0,1,70,0,0
83:be:56:c8:6d:25,0,1,70,0,0,1,70,0,0
24:11:53:e5:3b:0f,0,81,12474,0,0,81,12474,0,0
07:b9:2b:73:e0:25,0,1,76,0,0,1,76,0,0
40:50:b0:a1:b5:54,0,2,146,0,0,0,0,2,146
6d:e3:a0:ce:18:d5,0,2,140,0,0,2,140,0,0
64:87:4f:f7:c2:85,0,1,160,0,0,1,160,0,0
6e:b8:54:8a:4d:01,0,1,160,0,0,0,0,1,160
6d:25:04:00:d0:e0,0,1,88,0,0,1,88,0,0
07:b9:2b:73:8d:a7,0,2,146,0,0,2,146,0,0
51:e1:cb:25:b5:55,0,1,70,0,0,0,0,1,70
d2:c7:07:75:fd:37,0,1,70,0,0,1,70,0,0
72:2f:cb:25:b5:55,0,1,70,0,0,0,0,1,70
07:b9:2b:73:ea:30,0,1,76,0,0,1,76,0,0
04:00:d0:66:ff:ff,0,1,88,0,0,0,0,1,88
cb:25:b5:54:bc:43,0,3,228,0,0,2,152,1,76
86:d1:b5:54:bc:43,0,3,210,0,0,2,140,1,70
c4:00:96:00:c4:0a,0,2,140,0,0,0,0,2,140
8e:43:7b:d5:91:21,0,2,146,0,0,2,146,0,0
07:b9:2b:73:6d:2c,0,4,292,0,0,4,292,0,0
ee:b9:f5:af:ca:85,0,1,70,0,0,1,70,0,0
18:e7:b0:a1:1c:d7,0,17,6350,0,0,17,6350,0,0
b8:5d:22:e6:f9:9c,0,2,146,0,0,2,146,0,0
bc:43:0a:40:13:93,0,2,146,0,0,2,146,0,0
8e:43:7b:d5:f0:3b,0,2,146,0,0,2,146,0,0
18:d5:22:dc:fb:fa,0,3,210,0,0,0,0,3,210
8e:43:7b:d5:7a:61,0,2,146,0,0,2,146,0,0
07:b9:2b:73:d1:f8,0,2,146,0,0,2,146,0,0
54:24:96:5e:ca:83,0,1,70,0,0,1,70,0,0
3c:9b:a8:9d:ca:83,0,1,70,0,0,1,70,0,0
3b:ee:a0:19:ca:83,0,1,70,0,0,1,70,0,0
98:7d:e8:d5:b5:54,0,1,70,0,0,1,70,0,0
3e:ef:64:b1:07:75,0,2,140,0,0,2,140,0,0
d2:c7:07:75:8f:b1,0,1,70,0,0,1,70,0,0
3f:78:cb:25:b5:55,0,1,70,0,0,0,0,1,70
72:1a:bc:41:30:c7,0,2,352,0,0,2,352,0,0
07:b9:2b:73:9b:cc,0,2,146,0,0,2,146,0,0
10:df:1b:65:ca:84,0,1,70,0,0,1,70,0,0
10:df:1b:65:07:75,0,1,70,0,0,1,70,0,0
d2:91:85:20:9c:3f,0,3,216,0,0,3,216,0,0
2a:28:de:59:b9:07,0,2,146,0,0,2,146,0,0
98:09:cf:32:d2:54,0,103,15842,0,0,103,15842,0,0
04:00:00:6f:ff:ff,0,2,176,0,0,2,176,0,0
8c:7a:aa:f3:6b:ff,0,18,7045,0,0,18,7045,0,0
34:be:ab:6f:81:4d,0,5,374,0,0,5,374,0,0
1e:09:d7:75:e1:a0,0,1,70,0,0,0,0,1,70
34:be:ab:6f:c0:ba,0,2,146,0,0,2,146,0,0
b5:54:04:00:80:67,0,3,246,0,0,3,246,0,0
d2:91:85:20:21:4b,0,4,286,0,0,4,286,0,0
90:78:b2:d5:cb:fd,0,97,24418,0,0,97,24418,0,0
e4:8c:73:7a:8a:8b,0,11,1878,0,0,11,1878,0,0
54:8c:32:d9:8f:9c,0,1,70,0,0,1,70,0,0
25:2c:e6:35:04:00,0,1,70,0,0,0,0,1,70
36:11:f9:e7:70:19,0,59,19808,0,0,59,19808,0,0
a7:b0:32:9a:b5:52,0,1,70,0,0,1,70,0,0
d2:c7:07:75:93:c7,0,1,70,0,0,1,70,0,0
22:7e:cb:25:b5:55,0,1,70,0,0,0,0,1,70
db:f4:b5:54:04:00,0,9,630,0,0,0,0,9,630
6a:bd:d0:6b:14:9b,0,15,3183,0,0,15,3183,0,0
2a:28:de:59:19:97,0,2,152,0,0,2,152,0,0
e9:3d:53:a9:b5:53,0,1,70,0,0,1,70,0,0
02:bf:2e:23:b5:54,0,1,70,0,0,1,70,0,0
be:b1:ef:75:2a:79,0,20,3952,0,0,20,3952,0,0
07:b9:2b:73:ae:e8,0,3,222,0,0,3,222,0,0
cf:55:15:8a:b5:52,0,2,140,0,0,2,140,0,0
ec:42:cc:5b:f5:e6,0,15,1708,0,0,1,436,14,1272
cf:55:15:8a:b5:51,0,1,70,0,0,1,70,0,0
cf:55:15:8a:ca:85,0,2,140,0,0,2,140,0,0
cc:5b:f5:e6:cf:55,0,3,210,0,0,3,210,0,0
15:8a:cb:25:b5:55,0,3,210,0,0,0,0,3,210
04:00:50:1a:ff:ff,0,1,88,0,0,1,88,0,0
04:00:d0:1a:ff:ff,0,3,228,0,0,3,228,0,0
04:00:40:1b:ff:ff,0,2,158,0,0,2,158,0,0
04:00:70:1b:ff:ff,0,1,88,0,0,1,88,0,0
04:00:c0:1b:ff:ff,0,2,158,0,0,2,158,0,0
78:fd:7e:ff:1a:67,0,2,146,0,0,2,146,0,0
78:fd:7e:ff:cf:ab,0,1,76,0,0,1,76,0,0
02:bf:2e:23:b5:52,0,1,70,0,0,1,70,0,0
88:f0:31:04:19:17,0,5,446,0,0,5,446,0,0
f8:89:d2:c7:87:4c,0,1,160,0,0,0,0,1,160
07:75:02:bf:2e:23,0,1,70,0,0,0,0,1,70
07:75:02:46:e0:a7,0,1,70,0,0,0,0,1,70
ff:ff:ff:ff:ff:c3,0,2,158,0,0,2,158,0,0
07:75:15:8a:37:0a,0,3,210,0,0,0,0,3,210
d5:12:9c:65:28:12,0,4,286,0,0,4,286,0,0
33:33:ff:6b:14:9b,0,1,180,0,0,0,0,1,180
07:b9:2b:73:27:0b,0,4,298,0,0,4,298,0,0
3a:cf:e4:a6:60:82,0,202,47008,0,0,202,47008,0,0
c9:8a:1c:1f:b0:16,0,2,146,0,0,2,146,0,0
07:b9:2b:73:35:48,0,2,146,0,0,2,146,0,0
07:b9:2b:73:bf:64,0,1,76,0,0,1,76,0,0
07:b9:2b:73:dc:d3,0,2,146,0,0,2,146,0,0
ff:ff:ff:ff:45:f5,0,1,84,0,0,1,84,0,0
97:d6:74:a3:b5:53,0,4,280,0,0,4,280,0,0
f4:0e:01:5d:87:dc,0,2,482,0,0,2,482,0,0
4c:c7:bf:e4:87:dc,0,3,216,0,0,3,216,0,0
77:ab:39:57:2e:d2,0,1,182,0,0,1,182,0,0
96:c0:77:ab:39:57,0,1,182,0,0,0,0,1,182
07:b9:2b:73:b5:6b,0,2,146,0,0,2,146,0,0
76:06:a0:3b:f6:05,0,4,1234,0,0,4,1234,0,0
33:33:ff:3b:f6:05,0,1,180,0,0,0,0,1,180
a4:20:b5:54:04:00,0,1,70,0,0,0,0,1,70
d2:c7:07:75:7f:15,0,1,70,0,0,1,70,0,0
2d:22:07:75:b9:2e,0,1,70,0,0,0,0,1,70
1f:5c:b5:54:04:00,0,3,210,0,0,0,0,3,210
d2:c7:07:75:02:46,0,1,70,0,0,1,70,0,0
e0:a7:b5:54:04:00,0,1,70,0,0,0,0,1,70
d2:c7:07:75:a0:91,0,1,70,0,0,1,70,0,0
d2:d9:cb:25:b5:55,0,1,70,0,0,0,0,1,70
bc:e7:cf:df:6d:25,0,1,70,0,0,1,70,0,0
04:00:c0:23:ff:ff,0,1,88,0,0,0,0,1,88
76:22:9e:9b:02:31,0,20,4075,0,0,20,4075,0,0
33:33:ff:9b:02:31,0,1,180,0,0,0,0,1,180
fc:d4:36:0d:cb:41,0,61,9418,0,0,61,9418,0,0
07:b9:2b:73:bf:fd,0,3,222,0,0,3,222,0,0
4c:c7:bf:e4:a2:9b,0,3,216,0,0,3,216,0,0
dc:e9:94:42:9d:ad,0,1,189,0,0,1,189,0,0
22:d2:65:86:5c:47,0,2,152,0,0,2,152,0,0
c8:e2:65:47:89:de,0,199,21943,0,0,0,0,199,21943
0d:4c:84:ff:5c:47,0,1,76,0,0,1,76,0,0
60:22:27:7b:69:96,0,1,76,0,0,1,76,0,0
dc:6a:e7:20:82:69,0,126,31251,0,0,126,31251,0,0
ac:bc:b5:4a:51:dd,0,1,227,0,0,1,227,0,0
2c:be:eb:35:1b:ea,0,7,994,0,0,7,994,0,0
5c:ed:f4:ec:4e:8a,0,40,6508,0,0,40,6508,0,0
07:b9:2b:73:c7:36,0,4,298,0,0,4,298,0,0
07:b9:2b:73:96:ee,0,3,228,0,0,3,228,0,0
46:a4:f9:1d:48:8f,0,2,146,0,0,2,146,0,0
60:8f:ce:2d:21:9e,0,2,146,0,0,2,146,0,0
c4:35:d9:a5:a1:dc,0,14,10936,0,0,14,10936,0,0
04:00:40:ca:ff:ff,0,1,88,0,0,1,88,0,0
48:74:12:e0:96:77,0,13,2002,0,0,13,2002,0,0
04:57:bb:21:b9:07,0,1,70,0,0,1,70,0,0
c4:00:88:00:c0:47,0,1,70,0,0,0,0,1,70
15:8a:bb:21:b9:07,0,1,70,0,0,1,70,0,0
d4:00:00:00:ec:42,0,1,70,0,0,0,0,1,70
04:00:70:24:ff:ff,0,2,158,0,0,2,158,0,0
04:00:a0:24:ff:ff,0,1,88,0,0,1,88,0,0
17:b2:44:4a:9e:f8,0,1,166,0,0,1,166,0,0
c4:0a:cb:27:b5:a6,0,1,166,0,0,0,0,1,166
b5:54:04:00:40:25,0,2,158,0,0,2,158,0,0
f8:89:d2:c7:07:7d,0,1,166,0,0,1,166,0,0
03:03:c7:07:2c:1d,0,1,166,0,0,0,0,1,166
b5:54:04:00:60:25,0,2,158,0,0,2,158,0,0
b5:54:04:00:90:25,0,2,158,0,0,2,158,0,0
00:00:0c:07:8c:01,0,1,166,0,0,0,0,1,166
78:ee:8c:63:0e:28,0,1,166,0,0,1,166,0,0
ff:c7:60:57:5d:93,0,1,166,0,0,0,0,1,166
d2:c7:07:75:78:fd,0,1,76,0,0,0,0,1,76
33:33:ff:f0:52:69,0,7,1260,0,0,0,0,7,1260
78:fd:7e:ff:63:d7,0,4,286,0,0,4,286,0,0
88:ec:31:04:19:97,0,2,331,0,0,2,331,0,0
66:7b:0e:60:16:46,0,14,3135,0,0,14,3135,0,0
33:33:ff:60:16:46,0,1,180,0,0,0,0,1,180
07:b9:2b:73:02:31,0,2,146,0,0,2,146,0,0
74:ab:2e:6e:f4:a8,0,1,76,0,0,1,76,0,0
a4:4b:d5:6d:0b:fd,0,32,9226,0,0,32,9226,0,0
04:00:00:70:ff:ff,0,1,88,0,0,1,88,0,0
04:00:10:70:ff:ff,0,1,88,0,0,1,88,0,0
2a:28:de:59:a1:dc,0,2,146,0,0,2,146,0,0
cf:55:15:8a:b5:53,0,1,70,0,0,1,70,0,0
cf:55:15:8a:be:8e,0,1,70,0,0,1,70,0,0
d0:5a:fd:84:da:a9,0,134,20340,0,0,134,20340,0,0
07:b9:2b:73:5a:c7,0,2,146,0,0,2,146,0,0
4c:c7:bf:e4:ae:a5,0,3,216,0,0,3,216,0,0
07:b9:2b:73:98:cd,0,2,152,0,0,2,152,0,0
07:b9:2b:73:8d:f9,0,2,146,0,0,2,146,0,0
1f:20:6f:d4:ca:83,0,1,70,0,0,1,70,0,0
9d:aa:c7:60:35:ca,0,1,166,0,0,1,166,0,0
73:30:87:de:e4:ed,0,1,166,0,0,0,0,1,166
b5:54:04:00:d0:29,0,1,88,0,0,1,88,0,0
04:00:20:2a:ff:ff,0,2,158,0,0,2,158,0,0
04:00:80:2a:ff:ff,0,3,246,0,0,3,246,0,0
ab:f8:e2:c0:2a:13,0,1,166,0,0,1,166,0,0
23:41:b7:9f:b3:f1,0,1,166,0,0,0,0,1,166
b5:54:04:00:d0:2a,0,1,88,0,0,1,88,0,0
04:00:00:2b:ff:ff,0,1,88,0,0,1,88,0,0
f8:89:d2:47:0b:7b,0,1,166,0,0,1,166,0,0
00:80:dc:cf:a2:18,0,1,166,0,0,0,0,1,166
f8:89:d2:2f:70:fc,0,1,166,0,0,1,166,0,0
41:d3:29:61:8f:89,0,1,166,0,0,0,0,1,166
b5:54:04:00:20:2b,0,1,88,0,0,1,88,0,0
b0:4c:93:4c:1e:81,0,1,166,0,0,1,166,0,0
ee:0a:0c:fd:0e:64,0,1,166,0,0,0,0,1,166
b5:54:04:00:60:2b,0,1,88,0,0,1,88,0,0
cb:25:b5:55:42:67,0,1,76,0,0,1,76,0,0
b4:00:cc:00:e8:f7,0,1,76,0,0,0,0,1,76
23:e5:b5:55:42:67,0,1,70,0,0,1,70,0,0
c4:00:a0:00:c4:0a,0,1,70,0,0,0,0,1,70
b5:55:a8:77:23:e5,0,1,70,0,0,0,0,1,70
b5:55:5c:c2:67:62,0,2,140,0,0,0,0,2,140
1a:a7:d2:3b:19:97,0,2,146,0,0,2,146,0,0
07:75:ce:1f:9e:2c,0,1,70,0,0,0,0,1,70
29:6b:8d:b7:ca:82,0,2,140,0,0,2,140,0,0
b5:54:04:00:c0:67,0,2,176,0,0,2,176,0,0
b4:00:ad:00:c4:0a,0,4,304,0,0,0,0,4,304
c4:00:81:00:f8:89,0,2,140,0,0,0,0,2,140
07:b9:2b:73:29:8c,0,2,146,0,0,2,146,0,0
07:b9:2b:73:b5:55,0,2,146,0,0,0,0,2,146
07:b9:2b:73:72:4f,0,2,146,0,0,2,146,0,0
07:b9:2b:73:85:9e,0,5,368,0,0,5,368,0,0
9b:27:31:04:19:97,0,1,70,0,0,1,70,0,0
d4:87:07:75:d5:12,0,3,210,0,0,0,0,3,210
5c:41:5a:79:8c:70,0,2,567,0,0,2,567,0,0
d5:12:9c:65:8e:8a,0,3,216,0,0,3,216,0,0
d5:12:9c:65:b9:07,0,3,216,0,0,3,216,0,0
07:b9:2b:73:a1:dc,0,2,146,0,0,2,146,0,0
d5:12:9c:65:b5:54,0,3,216,0,0,0,0,3,216
04:00:80:ff:ff:3f,0,1,88,0,0,1,88,0,0
07:b9:2b:73:52:fa,0,2,146,0,0,2,146,0,0
d2:c7:07:75:1d:f9,0,1,70,0,0,1,70,0,0
85:bb:cb:25:b5:55,0,1,70,0,0,0,0,1,70
8d:b7:31:04:19:97,0,3,210,0,0,3,210,0,0
d4:00:00:00:e8:f7,0,3,210,0,0,0,0,3,210
97:d6:74:a3:ca:82,0,2,140,0,0,2,140,0,0
04:00:30:2d:ff:ff,0,1,88,0,0,1,88,0,0
b5:54:04:00:30:2d,0,2,158,0,0,2,158,0,0
b5:54:04:00:60:2d,0,2,176,0,0,2,176,0,0
b5:54:04:00:b0:2d,0,3,228,0,0,3,228,0,0
33:33:ff:67:17:c7,0,2,344,0,0,0,0,2,344
8d:b7:0c:07:ac:3c,0,2,140,0,0,0,0,2,140
df:ac:64:8b:19:97,0,2,146,0,0,2,146,0,0
9c:6c:be:08:07:75,0,1,70,0,0,1,70,0,0
70:67:1e:39:82:78,0,2,146,0,0,2,146,0,0
5a:56:04:00:10:01,0,1,80,0,0,1,80,0,0
a8:4d:81:c6:00:00,0,1,80,0,0,0,0,1,80
b5:55:04:00:10:01,0,29,2516,0,0,29,2516,0,0
01:1a:db:30:b5:55,0,4,280,0,0,4,280,0,0
df:ac:64:8b:c2:7a,0,2,146,0,0,2,146,0,0
18:59:30:28:7a:56,0,1,683,0,0,1,683,0,0
b5:05:18:59:30:28,0,1,683,0,0,0,0,1,683
04:00:10:01:1f:00,0,1,88,0,0,1,88,0,0
cb:25:b5:55:df:ac,0,2,152,0,0,1,76,1,76
b4:00:9c:00:e8:f7,0,1,76,0,0,0,0,1,76
1f:4c:47:78:36:75,0,1,166,0,0,1,166,0,0
54:36:be:56:bd:3c,0,1,166,0,0,0,0,1,166
07:75:05:00:50:d3,0,1,88,0,0,1,88,0,0
b5:55:81:90:a7:78,0,2,146,0,0,2,146,0,0
b5:55:8a:dc:76:d9,0,1,70,0,0,0,0,1,70
00:00:00:00:00:fc,0,4,322,0,0,4,322,0,0
b5:55:4a:1e:22:ba,0,1,70,0,0,0,0,1,70
ff:14:00:00:00:00,0,1,88,0,0,1,88,0,0
5a:56:e0:0a:cb:25,0,1,88,0,0,0,0,1,88
44:e8:91:4c:74:b0,0,1,166,0,0,1,166,0,0
ff:15:00:00:00:00,0,1,88,0,0,0,0,1,88
ff:7f:00:00:00:00,0,2,176,0,0,0,0,2,176
04:00:10:01:ff:ff,0,5,368,0,0,5,368,0,0
df:ac:64:8b:f4:a8,0,3,222,0,0,3,222,0,0
df:ac:64:8b:00:28,0,1,76,0,0,1,76,0,0
00:00:00:00:00:ff,0,3,234,0,0,3,234,0,0
b5:54:7a:52:73:d6,0,2,142,0,0,2,142,0,0
07:b9:2b:73:69:a5,0,1,76,0,0,1,76,0,0
5d:f6:eb:13:38:99,0,2,146,0,0,2,146,0,0
00:00:00:00:80:ff,0,1,88,0,0,1,88,0,0
e8:37:8d:b0:5a:56,0,1,174,0,0,1,174,0,0
b5:55:df:ac:64:8b,0,10,730,0,0,10,730,0,0
ff:ff:0f:00:00:00,0,2,176,0,0,2,176,0,0
d0:a0:7d:d4:5a:56,0,1,683,0,0,1,683,0,0
88:49:24:00:fc:ca,0,1,683,0,0,0,0,1,683
df:ac:64:8b:26:df,0,2,146,0,0,2,146,0,0
00:00:00:00:f0:ff,0,1,88,0,0,1,88,0,0
91:b0:5a:56:c4:0a,0,12,1008,0,0,12,1008,0,0
97:d6:74:a3:b5:50,0,1,70,0,0,1,70,0,0
df:ac:64:8b:b5:55,0,4,292,0,0,0,0,4,292
b0:0d:e7:0e:16:ce,0,2,146,0,0,2,146,0,0
00:00:00:80:ff:ff,0,1,88,0,0,1,88,0,0
ff:ff:ff:02:00:00,0,1,88,0,0,1,88,0,0
e8:f7:91:b0:32:db,0,1,166,0,0,1,166,0,0
6c:f0:a2:83:55:1b,0,1,166,0,0,0,0,1,166
81:90:a7:78:13:b0,0,2,146,0,0,2,146,0,0
00:00:00:c0:ff:ff,0,2,158,0,0,2,158,0,0
b5:55:17:c6:9e:e8,0,1,70,0,0,0,0,1,70
00:00:00:fc:ff:ff,0,2,176,0,0,2,176,0,0
e8:f7:21:dc:54:a5,0,1,166,0,0,1,166,0,0
bb:46:3a:d0:64:7a,0,1,166,0,0,0,0,1,166
ff:ff:ff:6f:00:00,0,1,88,0,0,0,0,1,88
df:ac:64:8b:57:3b,0,2,146,0,0,2,146,0,0
00:00:00:fe:ff:ff,0,1,88,0,0,1,88,0,0
00:00:00:ff:ff:ff,0,1,88,0,0,1,88,0,0
46:79:47:0a:d8:0d,0,2,146,0,0,2,146,0,0
00:00:80:ff:ff:ff,0,1,88,0,0,1,88,0,0
00:00:c0:ff:ff:ff,0,3,234,0,0,3,234,0,0
b5:55:fe:15:55:1c,0,2,140,0,0,0,0,2,140
e8:f7:d1:86:5a:56,0,1,166,0,0,1,166,0,0
00:00:e0:ff:ff:ff,0,3,234,0,0,3,234,0,0
b5:55:cc:53:37:ce,0,2,140,0,0,0,0,2,140
b5:55:cd:43:a5:bb,0,1,70,0,0,0,0,1,70
b5:55:0c:91:63:ad,0,1,70,0,0,0,0,1,70
b8:c6:ca:53:6f:56,0,1,166,0,0,1,166,0,0
07:23:1e:e4:96:80,0,1,166,0,0,1,166,0,0
c8:06:0c:97:ac:3c,0,1,166,0,0,0,0,1,166
ff:ff:ff:ff:1f:01,0,1,88,0,0,0,0,1,88
ff:ff:ff:ff:ff:03,0,1,88,0,0,0,0,1,88
b5:55:6b:e8:b2:20,0,2,146,0,0,2,146,0,0
00:c0:ff:ff:ff:ff,0,1,88,0,0,1,88,0,0
cb:25:b5:55:81:90,0,1,76,0,0,0,0,1,76
b5:55:2e:3a:36:91,0,1,70,0,0,0,0,1,70
00:fe:ff:ff:ff:ff,0,2,176,0,0,2,176,0,0
5e:6b:da:f0:c0:40,0,2,146,0,0,2,146,0,0
00:ff:ff:ff:ff:ff,0,1,88,0,0,1,88,0,0
04:1b:1f:98:b5:55,0,3,210,0,0,3,210,0,0
b5:55:60:3f:0b:b3,0,2,140,0,0,0,0,2,140
80:ff:ff:ff:ff:ff,0,1,88,0,0,1,88,0,0
6b:e8:b2:20:d9:f1,0,2,146,0,0,2,146,0,0
c0:ff:ff:ff:ff:ff,0,1,88,0,0,1,88,0,0
b8:99:74:f0:b5:53,0,2,140,0,0,2,140,0,0
6d:d8:3e:27:ca:81,0,2,140,0,0,2,140,0,0
e0:ff:ff:ff:ff:ff,0,1,88,0,0,1,88,0,0
e5:f7:91:b0:5a:56,0,1,683,0,0,1,683,0,0
00:00:0c:07:ee:ee,0,1,683,0,0,0,0,1,683
f0:ff:ff:ff:ff:ff,0,1,88,0,0,1,88,0,0
b5:55:bb:aa:a2:95,0,1,70,0,0,0,0,1,70
b5:55:83:46:98:99,0,1,70,0,0,0,0,1,70
40:a5:ef:67:52:ac,0,1,166,0,0,1,166,0,0
74:33:57:5e:ad:95,0,109,17354,0,0,109,17354,0,0
df:ac:64:8b:8a:e4,0,1,76,0,0,1,76,0,0
b8:99:74:f0:ca:81,0,1,70,0,0,1,70,0,0
a6:bf:aa:bc:d9:f1,0,2,146,0,0,2,146,0,0
ce:9d:30:7c:cb:41,0,2,146,0,0,2,146,0,0
b5:54:04:00:b0:2f,0,1,88,0,0,1,88,0,0
fc:9d:41:e9:57:3b,0,2,146,0,0,2,146,0,0
b5:54:04:00:f0:2f,0,1,88,0,0,1,88,0,0
8e:22:3b:24:55:cc,0,2,146,0,0,2,146,0,0
fa:89:d2:c7:07:75,0,1,166,0,0,1,166,0,0
b5:54:04:00:60:30,0,1,88,0,0,1,88,0,0
b5:54:04:00:80:30,0,1,88,0,0,1,88,0,0
ce:9d:30:7c:5c:63,0,3,216,0,0,3,216,0,0
b5:54:04:00:b0:30,0,1,88,0,0,1,88,0,0
07:75:48:d9:97:42,0,2,146,0,0,2,146,0,0
b5:54:04:00:10:31,0,1,88,0,0,1,88,0,0
07:75:ce:9d:30:7c,0,2,146,0,0,2,146,0,0
ce:9d:30:7c:65:0f,0,2,146,0,0,2,146,0,0
fc:9d:41:e9:7b:19,0,2,146,0,0,2,146,0,0
49:42:19:2d:07:75,0,1,70,0,0,1,70,0,0
b5:54:04:00:10:32,0,1,88,0,0,1,88,0,0
10:68:38:94:ee:95,0,19,4025,0,0,19,4025,0,0
c8:b2:9b:0d:93:55,0,1,179,0,0,1,179,0,0
54:8c:32:d9:69:e4,0,1,70,0,0,1,70,0,0
72:ae:cb:25:b5:55,0,1,70,0,0,0,0,1,70
df:ac:64:8b:74:47,0,2,146,0,0,2,146,0,0
9e:8b:40:71:ca:80,0,2,140,0,0,2,140,0,0
07:b9:2b:73:07:e3,0,2,146,0,0,2,146,0,0
cc:15:31:a5:c9:59,0,40,8029,0,0,40,8029,0,0
ce:9d:30:7c:38:99,0,3,216,0,0,3,216,0,0
2a:28:de:59:63:7b,0,2,146,0,0,2,146,0,0
08:aa:55:87:e7:2f,0,2,492,0,0,2,492,0,0
fa:6c:55:ca:9c:68,0,6,1233,0,0,6,1233,0,0
d5:12:9c:65:50:d2,0,3,216,0,0,3,216,0,0
94:00:00:00:e8:f7,0,32,2816,0,0,0,0,32,2816
f8:4d:89:7b:37:4f,0,13,8582,0,0,13,8582,0,0
b5:55:04:00:70:01,0,1,88,0,0,1,88,0,0
c0:68:59:5e:f4:a8,0,7,490,0,0,7,490,0,0
c0:68:bb:21:b9:07,0,15,1050,0,0,15,1050,0,0
07:b9:2b:73:6b:39,0,1,76,0,0,1,76,0,0
b5:55:04:00:90:01,0,1,88,0,0,1,88,0,0
b5:55:04:00:a0:01,0,1,88,0,0,1,88,0,0
cb:25:b5:55:43:35,0,2,152,0,0,2,152,0,0
b4:00:d9:00:e8:f7,0,2,152,0,0,0,0,2,152
26:7e:b5:55:43:35,0,2,140,0,0,2,140,0,0
c4:00:ad:00:c4:0a,0,2,140,0,0,0,0,2,140
cb:25:b5:55:39:9d,0,1,76,0,0,1,76,0,0
b4:00:07:01:e8:f7,0,1,76,0,0,0,0,1,76
19:14:b5:55:39:9d,0,1,70,0,0,1,70,0,0
c4:00:db:00:c4:0a,0,1,70,0,0,0,0,1,70
a8:8f:d9:c3:1f:fd,0,8,2046,0,0,8,2046,0,0
04:00:f0:cb:ff:ff,0,1,88,0,0,1,88,0,0
b9:2e:2e:03:e8:50,0,2,146,0,0,2,146,0,0
d2:c7:07:75:7e:c7,0,4,304,0,0,2,152,2,152
b4:00:fa:01:c4:0a,0,2,152,0,0,0,0,2,152
dc:da:07:75:7e:c7,0,3,210,0,0,1,70,2,140
c4:00:c0:00:f8:89,0,1,70,0,0,0,0,1,70
b5:54:04:00:e0:32,0,1,88,0,0,1,88,0,0
e6:35:60:30:fd:e9,0,1,76,0,0,1,76,0,0
07:75:a6:bf:aa:bc,0,4,292,0,0,4,292,0,0
b5:54:04:00:00:33,0,1,88,0,0,1,88,0,0
07:75:b9:2e:2e:03,0,3,216,0,0,3,216,0,0
b5:54:04:00:30:33,0,1,88,0,0,1,88,0,0
b5:54:04:00:50:33,0,1,88,0,0,1,88,0,0
b5:54:04:00:70:33,0,1,88,0,0,1,88,0,0
02:bf:2e:23:07:75,0,1,70,0,0,1,70,0,0
22:74:70:75:ac:28,0,2,146,0,0,0,0,2,146
d4:58:f1:1c:07:75,0,1,70,0,0,1,70,0,0
33:33:ff:a7:01:34,0,5,900,0,0,0,0,5,900
10:b5:88:6b:5c:50,0,9,2778,0,0,9,2778,0,0
04:00:50:02:ff:ff,0,2,176,0,0,0,0,2,176
df:ac:64:8b:ff:ff,0,4,292,0,0,0,0,4,292
b5:55:8d:fd:96:9a,0,1,70,0,0,0,0,1,70
b5:55:9a:31:41:37,0,3,210,0,0,0,0,3,210
b5:55:e3:73:da:6f,0,1,70,0,0,0,0,1,70
b5:55:6f:94:97:c5,0,1,70,0,0,0,0,1,70
04:00:e0:02:ff:ff,0,1,88,0,0,1,88,0,0
70:67:1e:39:ff:ff,0,2,146,0,0,2,146,0,0
b5:55:04:00:10:03,0,1,88,0,0,1,88,0,0
00:00:00:00:00:80,0,4,322,0,0,4,322,0,0
00:00:00:00:00:c0,0,2,176,0,0,2,176,0,0
18:d5:5f:a5:c2:1c,0,1,70,0,0,0,0,1,70
18:d5:b2:33:b7:f2,0,1,70,0,0,0,0,1,70
28:02:2e:25:61:f1,0,1,233,0,0,1,233,0,0
36:66:a5:e9:50:d2,0,1,76,0,0,1,76,0,0
88:f0:fd:6f:26:09,0,1,160,0,0,1,160,0,0
c0:47:54:8c:92:d6,0,1,160,0,0,0,0,1,160
f1:27:53:e2:9d:ee,0,1,160,0,0,1,160,0,0
87:25:5a:8c:b2:a0,0,1,160,0,0,0,0,1,160
e6:35:9f:6a:92:fd,0,1,76,0,0,1,76,0,0
04:00:b0:93:f2:e8,0,1,80,0,0,1,80,0,0
04:00:b0:93:77:f5,0,65,5130,0,0,63,4970,2,160
34:1c:f0:82:5c:0b,0,33,9888,0,0,33,9888,0,0
c0:68:84:66:ee:38,0,10,700,0,0,10,700,0,0
04:00:c0:03:ff:ff,0,22,1936,0,0,21,1848,1,88
c0:68:38:15:16:ce,0,1,70,0,0,1,70,0,0
33:33:ff:af:10:52,0,3,540,0,0,0,0,3,540
04:00:30:04:ff:ff,0,2,176,0,0,1,88,1,88
cb:f0:14:3f:ff:ff,0,4,292,0,0,0,0,4,292
b2:fa:0c:51:52:c1,0,2,146,0,0,2,146,0,0
04:00:60:04:ff:ff,0,1,88,0,0,0,0,1,88
84:08:2c:00:c8:e2,0,3,240,0,0,0,0,3,240
ff:3b:b5:55:04:00,0,1,70,0,0,1,70,0,0
b8:99:74:f0:b5:55,0,1,70,0,0,1,70,0,0
fc:9d:41:e9:bc:ac,0,3,216,0,0,3,216,0,0
30:bb:7d:ef:c8:c9,0,46,7176,0,0,46,7176,0,0
44:16:fa:19:6f:86,0,4,676,0,0,4,676,0,0
74:ab:2e:6e:43:28,0,1,76,0,0,1,76,0,0
cb:25:b5:55:07:d4,0,1,76,0,0,1,76,0,0
b4:00:bc:00:e8:f7,0,1,76,0,0,0,0,1,76
ee:60:b5:55:07:d4,0,1,70,0,0,1,70,0,0
c4:00:90:00:c4:0a,0,1,70,0,0,0,0,1,70
b5:55:04:00:30:05,0,1,88,0,0,1,88,0,0
b5:55:04:00:40:05,0,1,88,0,0,1,88,0,0
b5:55:70:67:1e:39,0,2,146,0,0,2,146,0,0
1c:5b:ac:5f:ca:85,0,2,146,0,0,0,0,2,146
b5:55:77:f3:dc:1e,0,1,70,0,0,0,0,1,70
d2:c7:07:75:12:fb,0,1,76,0,0,0,0,1,76
8c:76:07:75:12:fb,0,1,70,0,0,0,0,1,70
85:1b:67:a6:ca:80,0,1,70,0,0,1,70,0,0
29:77:5b:db:ca:80,0,1,70,0,0,1,70,0,0
e5:2e:25:50:ca:80,0,1,70,0,0,1,70,0,0
b5:54:04:00:f0:34,0,2,176,0,0,2,176,0,0
b5:54:04:00:10:35,0,2,158,0,0,2,158,0,0
cf:8f:7c:68:60:35,0,2,146,0,0,2,146,0,0
b5:54:04:00:70:35,0,1,88,0,0,1,88,0,0
04:00:a0:05:ff:ff,0,2,158,0,0,2,158,0,0
b5:54:04:00:a0:35,0,2,158,0,0,2,158,0,0
8c:76:0c:07:ac:28,0,1,70,0,0,0,0,1,70
b5:54:04:00:d0:35,0,2,158,0,0,2,158,0,0
b5:54:04:00:10:36,0,1,88,0,0,1,88,0,0
b5:54:04:00:60:36,0,1,88,0,0,1,88,0,0
46:79:47:0a:b5:55,0,2,152,0,0,0,0,2,152
d2:c7:07:75:ae:2a,0,3,210,0,0,3,210,0,0
cc:53:37:ce:b5:55,0,1,70,0,0,1,70,0,0
b5:55:e9:d9:82:b1,0,2,140,0,0,0,0,2,140
77:f5:b9:74:00:00,0,3,226,0,0,3,226,0,0
89:de:c4:0a:cb:25,0,3,240,0,0,0,0,3,240
d2:c7:07:75:bc:22,0,1,76,0,0,0,0,1,76
d2:c7:07:75:b3:4c,0,2,140,0,0,2,140,0,0
53:a9:07:75:bc:22,0,1,70,0,0,0,0,1,70
cb:25:b5:55:46:79,0,1,76,0,0,0,0,1,76
88:f0:31:04:11:97,0,1,204,0,0,1,204,0,0
5d:f6:eb:13:1c:77,0,1,76,0,0,1,76,0,0
5d:f6:eb:13:40:1c,0,2,146,0,0,2,146,0,0
bc:22:4a:b1:b4:75,0,2,146,0,0,2,146,0,0
07:b9:2b:73:dc:53,0,2,146,0,0,2,146,0,0
ff:ff:ff:ff:e2:31,0,1,84,0,0,1,84,0,0
3e:e3:b5:55:df:ac,0,1,70,0,0,0,0,1,70
70:67:1e:39:bf:5b,0,2,146,0,0,2,146,0,0
04:00:20:06:ff:ff,0,1,88,0,0,1,88,0,0
ff:ff:ff:ff:0a:b0,0,1,84,0,0,1,84,0,0
8e:43:7b:d5:eb:b1,0,4,298,0,0,4,298,0,0
fc:9d:41:e9:e6:c8,0,2,146,0,0,2,146,0,0
04:00:40:06:ff:ff,0,2,176,0,0,2,176,0,0
04:00:60:06:ff:ff,0,2,176,0,0,2,176,0,0
ff:ff:ff:ff:7a:b4,0,1,84,0,0,1,84,0,0
0e:f9:d7:f7:94:60,0,1,164,0,0,1,164,0,0
b5:54:04:00:b0:36,0,2,176,0,0,2,176,0,0
c1:9f:6d:25:b0:d0,0,1,76,0,0,1,76,0,0
b4:00:80:01:c4:0a,0,1,76,0,0,0,0,1,76
09:38:6d:25:b0:d0,0,1,70,0,0,1,70,0,0
c4:00:44:01:7e:8f,0,1,70,0,0,0,0,1,70
b5:55:04:00:70:06,0,1,88,0,0,1,88,0,0
b5:55:04:00:90:06,0,1,88,0,0,1,88,0,0
b5:55:04:00:a0:06,0,1,88,0,0,1,88,0,0
49:b0:86:83:b5:55,0,1,76,0,0,0,0,1,76
2f:94:2f:c9:ff:ff,0,3,216,0,0,0,0,3,216
26:48:84:f5:6d:25,0,1,70,0,0,1,70,0,0
2b:3a:f2:ec:6d:25,0,1,70,0,0,1,70,0,0
04:00:c0:06:ff:ff,0,2,176,0,0,1,88,1,88
b5:55:04:00:d0:06,0,1,88,0,0,1,88,0,0
04:00:20:e2:ff:ff,0,1,88,0,0,1,88,0,0
06:d8:39:bd:03:4a,0,1,164,0,0,1,164,0,0
04:00:90:e2:ff:ff,0,1,88,0,0,1,88,0,0
a3:c8:93:db:ff:ff,0,2,146,0,0,2,146,0,0
12:fb:7c:17:4c:b3,0,3,222,0,0,3,222,0,0
b5:54:04:00:d0:36,0,1,88,0,0,1,88,0,0
12:fb:7c:17:1e:a8,0,2,146,0,0,2,146,0,0
b5:54:04:00:f0:36,0,1,88,0,0,1,88,0,0
b5:54:04:00:10:37,0,1,88,0,0,1,88,0,0
bc:6a:d1:77:7e:b7,0,2,488,0,0,2,488,0,0
d2:c7:07:75:fc:9d,0,2,152,0,0,2,152,0,0
b4:00:c2:01:c4:0a,0,2,152,0,0,0,0,2,152
a4:20:07:75:fc:9d,0,2,140,0,0,2,140,0,0
b8:49:6d:9e:99:0a,0,9,3301,0,0,9,3301,0,0
6f:2b:24:91:e3:21,0,1,76,0,0,1,76,0,0
25:8c:34:e5:75:82,0,2,146,0,0,2,146,0,0
6f:2b:24:91:05:ec,0,2,146,0,0,2,146,0,0
a8:8f:ed:b4:b5:51,0,1,70,0,0,1,70,0,0
c4:00:aa:00:c4:0a,0,1,70,0,0,0,0,1,70
ff:ff:ff:ff:33:3b,0,1,84,0,0,1,84,0,0
85:84:83:40:5a:56,0,2,140,0,0,2,140,0,0
bc:6e:ff:3b:5a:56,0,2,140,0,0,2,140,0,0
f6:f3:a4:20:07:75,0,1,70,0,0,1,70,0,0
ff:ff:ff:ff:db:ba,0,1,84,0,0,1,84,0,0
04:00:90:07:ff:ff,0,1,88,0,0,0,0,1,88
b5:55:04:00:90:07,0,1,88,0,0,1,88,0,0
8c:d4:c4:86:1c:60,0,1,174,0,0,1,174,0,0
5a:9d:07:25:ac:54,0,1,174,0,0,0,0,1,174
b5:55:04:00:a0:07,0,1,88,0,0,1,88,0,0
1c:57:dc:5b:8f:dd,0,19,7774,0,0,19,7774,0,0
33:33:ff:f5:c5:dc,0,2,360,0,0,0,0,2,360
05:b6:c5:17:b5:53,0,1,70,0,0,1,70,0,0
04:00:b0:07:ff:ff,0,1,88,0,0,0,0,1,88
ff:ff:ff:ff:0b:b9,0,1,84,0,0,1,84,0,0
4d:ae:ae:25:a7:d7,0,2,146,0,0,2,146,0,0
45:39:c8:fe:a7:d7,0,1,76,0,0,1,76,0,0
c1:9f:6d:25:45:39,0,1,76,0,0,0,0,1,76
c1:9f:6d:25:78:a0,0,1,70,0,0,1,70,0,0
8e:39:6d:25:45:39,0,1,70,0,0,0,0,1,70
85:84:83:40:11:f5,0,1,70,0,0,1,70,0,0
04:00:40:e4:ff:ff,0,2,158,0,0,2,158,0,0
47:e2:56:3e:8a:b9,0,1,166,0,0,1,166,0,0
91:00:0c:07:ac:28,0,1,166,0,0,0,0,1,166
b5:54:04:00:40:3b,0,8,632,0,0,8,632,0,0
04:00:40:3b:ff:ff,0,9,738,0,0,8,650,1,88
04:00:d0:07:ff:ff,0,2,176,0,0,2,176,0,0
b1:50:f7:5b:8c:6b,0,1,76,0,0,1,76,0,0
8a:68:d1:9e:ca:85,0,1,70,0,0,1,70,0,0
53:2d:66:8e:77:f5,0,1,76,0,0,1,76,0,0
04:00:70:01:ff:ff,0,1,88,0,0,1,88,0,0
04:00:20:e5:ff:ff,0,1,88,0,0,1,88,0,0
04:00:30:e5:ff:ff,0,1,88,0,0,1,88,0,0
04:00:90:01:ff:ff,0,1,88,0,0,1,88,0,0
80:54:e3:a4:e3:28,0,19,6523,0,0,19,6523,0,0
04:00:20:02:ff:ff,0,1,88,0,0,1,88,0,0
04:00:b0:e5:ff:ff,0,1,88,0,0,1,88,0,0
9a:c2:b5:76:2a:79,0,2,146,0,0,2,146,0,0
c4:fe:76:85:2a:79,0,4,292,0,0,4,292,0,0
ca:85:04:00:30:02,0,1,88,0,0,1,88,0,0
04:00:60:02:ff:ff,0,1,88,0,0,0,0,1,88
ff:ff:ff:ff:99:a7,0,1,84,0,0,1,84,0,0
53:a9:cb:25:b5:55,0,1,70,0,0,0,0,1,70
2a:0c:6d:25:04:00,0,1,70,0,0,0,0,1,70
d4:87:6d:25:04:00,0,1,70,0,0,0,0,1,70
04:00:60:e6:ff:ff,0,1,88,0,0,0,0,1,88
d1:0c:b4:c3:ff:ff,0,2,146,0,0,0,0,2,146
1a:a7:d2:3b:a2:30,0,2,146,0,0,2,146,0,0
ff:ff:ff:ff:a1:25,0,4,294,0,0,4,294,0,0
ff:ff:ff:ff:49:a4,0,1,84,0,0,1,84,0,0
1a:a7:d2:3b:e5:e3,0,2,146,0,0,2,146,0,0
ff:ff:ff:ff:d1:21,0,3,230,0,0,3,230,0,0
b5:54:f9:f0:78:75,0,1,70,0,0,0,0,1,70
ff:ff:ff:ff:e9:a3,0,1,84,0,0,1,84,0,0
f6:4e:92:32:ff:ff,0,2,152,0,0,2,152,0,0
ff:ff:ff:ff:48:ad,0,1,84,0,0,1,84,0,0
ff:ff:ff:ff:d0:28,0,1,84,0,0,1,84,0,0
65:47:89:de:c4:0a,0,13,1016,0,0,13,1016,0,0
35:b9:5a:e6:ff:ff,0,4,298,0,0,2,146,2,152
ff:ff:ff:ff:38:a9,0,4,300,0,0,4,300,0,0
07:75:34:11:d4:a8,0,1,70,0,0,0,0,1,70
ff:ff:ff:ff:00:2b,0,2,160,0,0,2,160,0,0
ff:ff:ff:ff:e8:aa,0,3,224,0,0,3,224,0,0
ff:ff:ff:ff:5c:9b,0,1,84,0,0,1,84,0,0
cd:2f:28:b2:07:75,0,1,70,0,0,1,70,0,0
d2:c7:07:75:ca:0e,0,1,70,0,0,1,70,0,0
c8:f1:cb:25:b5:55,0,1,70,0,0,0,0,1,70
cb:25:b5:54:91:85,0,1,76,0,0,1,76,0,0
b4:00:e8:0a:f8:89,0,1,76,0,0,0,0,1,76
65:5f:b5:54:91:85,0,1,70,0,0,1,70,0,0
c4:00:be:0a:c4:0a,0,1,70,0,0,0,0,1,70
b5:54:69:3b:65:5f,0,1,70,0,0,0,0,1,70
bb:97:a1:3b:b5:54,0,1,70,0,0,1,70,0,0
d4:a8:31:04:19:97,0,1,70,0,0,1,70,0,0
c4:00:2c:01:f8:89,0,1,70,0,0,0,0,1,70
ff:ff:ff:ff:cf:8c,0,3,230,0,0,3,230,0,0
b5:54:0f:65:18:19,0,1,70,0,0,0,0,1,70
ff:ff:ff:ff:f6:07,0,1,84,0,0,1,84,0,0
b5:54:dc:7a:cd:0a,0,1,70,0,0,0,0,1,70
ff:ff:ff:ff:ce:85,0,1,84,0,0,1,84,0,0
64:91:e6:8b:a7:d7,0,2,146,0,0,2,146,0,0
ff:ff:ff:ff:56:00,0,3,230,0,0,3,230,0,0
ff:ff:ff:ff:86:03,0,5,364,0,0,5,364,0,0
dc:41:a9:1e:ca:3a,0,2,2688,0,0,2,2688,0,0
ff:ff:ff:ff:6e:82,0,4,306,0,0,4,306,0,0
ff:ff:ff:ff:26:c1,0,3,224,0,0,3,224,0,0
a9:6a:ed:1f:b5:52,0,2,140,0,0,2,140,0,0
05:00:10:d8:ff:ff,0,1,84,0,0,0,0,1,84
77:f5:b9:74:ff:ff,0,4,310,0,0,3,230,1,80
9e:2c:cb:25:b5:55,0,1,70,0,0,0,0,1,70
52:44:77:4f:00:28,0,2,146,0,0,2,146,0,0
04:00:00:3c:ff:ff,0,2,158,0,0,2,158,0,0
81:0a:31:7b:07:75,0,2,140,0,0,2,140,0,0
b5:54:03:fe:32:f1,0,1,70,0,0,0,0,1,70
b5:54:3a:02:9a:88,0,1,70,0,0,0,0,1,70
07:75:8a:b0:fb:d0,0,1,70,0,0,0,0,1,70
04:00:80:3c:ff:ff,0,1,88,0,0,0,0,1,88
ac:6c:79:67:ff:ff,0,2,152,0,0,0,0,2,152
e2:d5:41:b5:ff:ff,0,3,222,0,0,0,0,3,222
ae:82:9c:f9:b5:54,0,1,70,0,0,1,70,0,0
04:00:50:04:ff:ff,0,1,88,0,0,1,88,0,0
04:00:70:04:ff:ff,0,2,176,0,0,2,176,0,0
4d:ae:ae:25:ff:ff,0,2,146,0,0,2,146,0,0
04:00:60:e7:ff:ff,0,1,88,0,0,1,88,0,0
04:00:70:e7:ff:ff,0,1,88,0,0,1,88,0,0
04:00:80:e7:ff:ff,0,1,88,0,0,1,88,0,0
04:00:20:08:ff:ff,0,1,88,0,0,1,88,0,0
a8:51:ab:51:f7:7e,0,46,11208,0,0,46,11208,0,0
33:33:ff:d3:ea:36,0,2,360,0,0,0,0,2,360
c0:68:f9:51:91:4e,0,1,70,0,0,1,70,0,0
be:ba:32:70:08:45,0,12,1822,0,0,12,1822,0,0
00:3a:32:36:9c:57,0,2,146,0,0,2,146,0,0
97:d6:74:a3:08:45,0,1,70,0,0,1,70,0,0
71:ec:d4:87:08:45,0,2,140,0,0,2,140,0,0
d8:c3:db:f4:08:45,0,1,70,0,0,1,70,0,0
d4:00:d0:71:bf:64,0,1,76,0,0,1,76,0,0
04:00:e0:e7:ff:ff,0,1,88,0,0,1,88,0,0
07:b9:2b:73:50:29,0,2,152,0,0,2,152,0,0
97:d6:74:a3:ca:85,0,1,70,0,0,1,70,0,0
00:00:a4:cb:43:72,0,1,166,0,0,0,0,1,166
b5:54:04:00:60:3d,0,2,158,0,0,2,158,0,0
b5:54:04:00:f0:3d,0,1,88,0,0,1,88,0,0
07:b9:2b:73:84:e7,0,2,146,0,0,2,146,0,0
12:fd:64:aa:d1:36,0,1,164,0,0,1,164,0,0
04:00:60:08:ff:ff,0,1,88,0,0,1,88,0,0
99:5d:a0:3d:df:78,0,1,169,0,0,1,169,0,0
91:05:bc:88:55:10,0,1,169,0,0,0,0,1,169
e8:fe:c2:bf:a2:13,0,1,165,0,0,1,165,0,0
7e:2f:03:83:47:c3,0,1,165,0,0,0,0,1,165
6d:25:04:00:a0:e8,0,1,88,0,0,1,88,0,0
04:00:50:06:ff:ff,0,3,264,0,0,3,264,0,0
ec:73:79:92:d8:50,0,17,4511,0,0,17,4511,0,0
33:33:ff:c5:45:c9,0,1,180,0,0,0,0,1,180
6f:2b:24:91:aa:d0,0,2,146,0,0,2,146,0,0
b4:bb:07:14:ca:80,0,1,70,0,0,1,70,0,0
6f:2b:24:91:2b:09,0,2,146,0,0,2,146,0,0
d8:c3:db:f4:b5:53,0,2,140,0,0,2,140,0,0
b8:99:74:f0:ca:83,0,1,70,0,0,1,70,0,0
9e:56:a4:86:0a:d1,0,148,43671,0,0,148,43671,0,0
80:04:5f:e7:19:b7,0,7,2018,0,0,7,2018,0,0
04:00:20:72:ff:ff,0,1,88,0,0,1,88,0,0
18:3e:ef:ca:8a:17,0,33,15541,0,0,33,15541,0,0
04:00:30:72:ff:ff,0,1,88,0,0,1,88,0,0
04:00:40:72:ff:ff,0,1,88,0,0,1,88,0,0
94:8a:c6:7c:1c:19,0,6,1282,0,0,6,1282,0,0
33:33:ff:e6:ad:c0,0,1,180,0,0,0,0,1,180
04:00:60:72:ff:ff,0,2,158,0,0,2,158,0,0
04:00:b0:72:ff:ff,0,1,88,0,0,1,88,0,0
04:00:c0:72:ff:ff,0,1,88,0,0,1,88,0,0
04:00:d0:72:ff:ff,0,1,88,0,0,1,88,0,0
04:00:e0:72:ff:ff,0,3,228,0,0,3,228,0,0
04:00:40:73:ff:ff,0,1,88,0,0,1,88,0,0
04:00:60:73:ff:ff,0,2,158,0,0,2,158,0,0
b0:ca:68:84:48:78,0,4,776,0,0,4,776,0,0
04:00:90:73:ff:ff,0,1,88,0,0,1,88,0,0
04:00:e0:73:ff:ff,0,1,88,0,0,1,88,0,0
04:00:40:74:ff:ff,0,1,88,0,0,1,88,0,0
12:0f:67:c2:a5:31,0,12,3118,0,0,12,3118,0,0
04:00:50:74:ff:ff,0,1,88,0,0,1,88,0,0
07:b9:2b:73:fc:bb,0,3,228,0,0,3,228,0,0
04:00:70:74:ff:ff,0,1,88,0,0,1,88,0,0
04:00:30:75:ff:ff,0,2,158,0,0,2,158,0,0
33:33:ff:86:0a:d1,0,1,180,0,0,0,0,1,180
04:00:30:76:ff:ff,0,1,88,0,0,1,88,0,0
04:00:b0:08:ff:ff,0,1,88,0,0,1,88,0,0
04:00:60:76:ff:ff,0,1,88,0,0,1,88,0,0
04:00:80:76:ff:ff,0,2,176,0,0,2,176,0,0
04:00:a0:76:ff:ff,0,1,88,0,0,1,88,0,0
04:00:c0:76:ff:ff,0,1,88,0,0,1,88,0,0
04:00:f0:76:ff:ff,0,1,88,0,0,1,88,0,0
04:00:70:77:ff:ff,0,1,88,0,0,1,88,0,0
04:00:80:78:ff:ff,0,1,88,0,0,1,88,0,0
04:00:90:78:ff:ff,0,1,88,0,0,1,88,0,0
04:00:d0:78:ff:ff,0,1,88,0,0,1,88,0,0
04:00:70:7a:ff:ff,0,1,88,0,0,1,88,0,0
04:00:10:7b:ff:ff,0,1,88,0,0,1,88,0,0
04:00:50:7b:ff:ff,0,1,88,0,0,1,88,0,0
d2:c7:07:75:7b:04,0,1,70,0,0,1,70,0,0
7b:ff:ca:85:04:00,0,1,70,0,0,0,0,1,70
fa:8f:ca:85:04:00,0,1,70,0,0,0,0,1,70
60:88:b5:54:04:00,0,1,70,0,0,0,0,1,70
04:00:60:7c:ff:ff,0,1,88,0,0,1,88,0,0
04:00:70:7c:ff:ff,0,1,88,0,0,1,88,0,0
04:00:f0:7c:ff:ff,0,1,88,0,0,1,88,0,0
04:00:30:7d:ff:ff,0,1,88,0,0,1,88,0,0
04:00:40:7d:ff:ff,0,1,88,0,0,1,88,0,0
04:00:90:7d:ff:ff,0,1,88,0,0,1,88,0,0
7b:ad:8b:62:c1:ab,0,1,76,0,0,1,76,0,0
04:00:a0:7e:ff:ff,0,1,88,0,0,1,88,0,0
04:00:b0:7e:ff:ff,0,1,88,0,0,1,88,0,0
cb:25:b5:54:8d:19,0,1,76,0,0,1,76,0,0
b4:00:af:00:c8:e2,0,1,76,0,0,0,0,1,76
04:00:c0:7e:ff:ff,0,1,88,0,0,1,88,0,0
04:00:d0:7e:ff:ff,0,2,158,0,0,2,158,0,0
85:4e:4d:bd:58:0f,0,1,76,0,0,1,76,0,0
04:00:60:82:ff:ff,0,2,158,0,0,2,158,0,0
cb:25:b5:54:d6:69,0,3,228,0,0,0,0,3,228
10:68:38:40:63:3f,0,1,311,0,0,1,311,0,0
42:9f:90:a0:63:3f,0,2,146,0,0,2,146,0,0
b5:54:04:00:30:6c,0,9,756,0,0,9,756,0,0
d6:69:e5:83:f6:05,0,1,76,0,0,1,76,0,0
33:33:ff:d1:f3:0d,0,3,540,0,0,0,0,3,540
04:00:b0:85:ff:ff,0,1,88,0,0,1,88,0,0
04:00:d0:85:ff:ff,0,1,88,0,0,1,88,0,0
15:66:24:6a:ff:ff,0,3,216,0,0,3,216,0,0
49:aa:9b:a7:00:28,0,4,292,0,0,4,292,0,0
56:6e:09:15:f5:67,0,2,352,0,0,2,352,0,0
a5:c3:8b:5d:f5:67,0,1,70,0,0,1,70,0,0
33:33:ff:f7:54:20,0,3,532,0,0,0,0,3,532
33:33:ff:30:8d:2f,0,6,1080,0,0,0,0,6,1080
8c:7a:aa:f1:7f:e8,0,4,1724,0,0,4,1724,0,0
95:cc:d7:cc:7f:e8,0,2,146,0,0,2,146,0,0
cf:ee:3c:99:c7:36,0,2,146,0,0,2,146,0,0
ff:ff:03:00:00:00,0,5,410,0,0,1,88,4,322
04:00:10:8a:ff:07,0,1,88,0,0,1,88,0,0
0c:e4:41:f1:29:fb,0,7,2008,0,0,7,2008,0,0
04:00:10:8a:ff:0f,0,1,88,0,0,1,88,0,0
04:00:10:8a:ff:1f,0,1,88,0,0,0,0,1,88
04:00:30:09:ff:ff,0,1,88,0,0,1,88,0,0
e8:f7:91:b0:5a:ea,0,1,217,0,0,1,217,0,0
88:f5:cf:77:7b:e1,0,1,217,0,0,0,0,1,217
ca:85:04:00:10:8a,0,3,264,0,0,3,264,0,0
b5:55:04:00:50:09,0,1,88,0,0,1,88,0,0
33:33:ff:0f:a4:97,0,1,180,0,0,0,0,1,180
d6:69:e5:83:13:2a,0,1,76,0,0,1,76,0,0
b5:55:04:00:50:0d,0,5,440,0,0,5,440,0,0
cb:25:b5:55:2e:5b,0,1,76,0,0,1,76,0,0
b4:00:dc:00:e8:f7,0,1,76,0,0,0,0,1,76
98:99:b5:55:2e:5b,0,1,70,0,0,1,70,0,0
c4:00:b0:00:c4:0a,0,1,70,0,0,0,0,1,70
04:00:50:0d:1f:00,0,1,88,0,0,1,88,0,0
1c:5b:ac:5f:d7:94,0,2,146,0,0,2,146,0,0
2a:28:de:59:d7:94,0,2,146,0,0,2,146,0,0
0c:ec:8d:49:d7:55,0,12,2388,0,0,12,2388,0,0
e6:cb:69:13:d7:55,0,2,146,0,0,2,146,0,0
ff:ff:ff:ff:59:fe,0,1,84,0,0,1,84,0,0
d6:69:e5:83:22:d7,0,1,76,0,0,1,76,0,0
04:00:10:8a:ff:ff,0,7,616,0,0,7,616,0,0
d5:12:9c:65:bc:0a,0,3,216,0,0,3,216,0,0
33:33:ff:02:da:dd,0,2,360,0,0,0,0,2,360
04:00:50:42:ff:ff,0,5,368,0,0,5,368,0,0
4c:c7:bf:e4:ff:ff,0,2,146,0,0,2,146,0,0
04:00:e0:42:ff:ff,0,1,88,0,0,1,88,0,0
d6:69:e5:83:ff:ff,0,1,76,0,0,1,76,0,0
04:00:50:0d:3f:00,0,1,88,0,0,0,0,1,88
1c:5b:ac:5f:3f:00,0,2,146,0,0,0,0,2,146
d4:d3:a4:34:d9:df,0,1,88,0,0,0,0,1,88
3a:6f:8d:10:c2:76,0,1,164,0,0,1,164,0,0
d6:69:e5:83:c2:76,0,1,76,0,0,1,76,0,0
59:85:e8:80:c2:76,0,2,146,0,0,2,146,0,0
d6:69:e5:83:5c:0b,0,1,76,0,0,1,76,0,0
28:cd:c4:71:d6:ff,0,1,184,0,0,1,184,0,0
04:00:20:8a:ff:ff,0,1,88,0,0,1,88,0,0
3e:0b:5b:86:ef:ef,0,2,308,0,0,2,308,0,0
04:00:60:8b:ff:ff,0,1,88,0,0,1,88,0,0
04:00:b0:8b:ff:ff,0,1,88,0,0,1,88,0,0
d6:69:e5:83:b0:b8,0,2,146,0,0,2,146,0,0
04:00:c0:8c:ff:ff,0,1,88,0,0,1,88,0,0
04:00:50:8d:ff:ff,0,1,88,0,0,1,88,0,0
99:f7:a7:48:5a:56,0,2,140,0,0,2,140,0,0
04:00:90:8e:ff:ff,0,1,88,0,0,1,88,0,0
04:00:a0:8e:ff:ff,0,1,88,0,0,1,88,0,0
d6:69:e5:83:dc:d3,0,1,76,0,0,1,76,0,0
ca:85:04:00:30:8f,0,2,158,0,0,2,158,0,0
04:00:40:8f:ff:ff,0,1,88,0,0,1,88,0,0
04:00:50:8f:ff:ff,0,1,88,0,0,1,88,0,0
04:00:60:8f:ff:ff,0,1,88,0,0,1,88,0,0
04:00:70:8f:ff:ff,0,1,88,0,0,1,88,0,0
04:00:a0:8f:ff:ff,0,2,158,0,0,2,158,0,0
d6:69:e5:83:ce:c8,0,1,76,0,0,1,76,0,0
04:00:20:90:ff:ff,0,1,88,0,0,1,88,0,0
04:00:70:90:ff:ff,0,1,88,0,0,1,88,0,0
04:00:80:90:ff:ff,0,1,88,0,0,1,88,0,0
04:00:90:90:ff:ff,0,1,88,0,0,1,88,0,0
04:00:a0:90:ff:ff,0,1,88,0,0,1,88,0,0
ca:85:04:00:80:91,0,2,158,0,0,2,158,0,0
0c:8a:4d:7d:86:d7,0,1,190,0,0,1,190,0,0
88:49:30:00:c4:0a,0,3,549,0,0,0,0,3,549
b6:a1:e3:ac:a5:da,0,1,1392,0,0,1,1392,0,0
bc:91:7c:2d:9f:83,0,1,1392,0,0,0,0,1,1392
ca:85:04:00:00:93,0,1,88,0,0,1,88,0,0
ca:85:04:00:10:93,0,1,88,0,0,1,88,0,0
ed:a4:59:65:b5:51,0,1,70,0,0,1,70,0,0
b5:54:04:00:60:44,0,1,88,0,0,1,88,0,0
ca:85:04:00:20:93,0,2,158,0,0,2,158,0,0
b5:54:04:00:90:44,0,4,298,0,0,4,298,0,0
71:ec:d4:87:5a:56,0,1,70,0,0,1,70,0,0
d6:69:e5:83:79:7a,0,1,76,0,0,1,76,0,0
04:00:60:94:ff:ff,0,1,88,0,0,0,0,1,88
04:00:f0:94:ff:ff,0,2,158,0,0,2,158,0,0
04:00:00:95:ff:ff,0,2,158,0,0,2,158,0,0
04:00:10:95:ff:ff,0,1,88,0,0,1,88,0,0
ca:85:04:00:10:98,0,2,158,0,0,2,158,0,0
ca:85:04:00:20:98,0,4,298,0,0,4,298,0,0
ca:85:04:00:40:98,0,1,88,0,0,1,88,0,0
ca:85:04:00:50:98,0,3,228,0,0,3,228,0,0
ca:85:04:00:80:98,0,1,88,0,0,1,88,0,0
ca:85:04:00:90:98,0,1,88,0,0,1,88,0,0
33:33:ff:6a:e9:2f,0,2,344,0,0,0,0,2,344
04:00:40:99:ff:ff,0,1,88,0,0,1,88,0,0
04:00:a0:99:ff:ff,0,1,88,0,0,1,88,0,0
04:00:f0:99:ff:ff,0,1,88,0,0,1,88,0,0
a4:55:90:44:34:1d,0,1,166,0,0,1,166,0,0
40:15:2f:07:6c:3d,0,1,166,0,0,0,0,1,166
00:00:0c:07:6c:ad,0,1,395,0,0,0,0,1,395
ca:85:04:00:a0:9a,0,1,88,0,0,1,88,0,0
d2:71:18:d5:45:1c,0,1,76,0,0,0,0,1,76
d2:71:18:d5:6d:c9,0,1,70,0,0,1,70,0,0
54:ad:18:d5:45:1c,0,1,70,0,0,0,0,1,70
f2:a3:38:57:92:65,0,3,502,0,0,3,502,0,0
a4:d5:4e:ce:e9:aa,0,1,174,0,0,1,174,0,0
98:23:59:4b:a9:3c,0,1,174,0,0,0,0,1,174
b5:54:04:00:b0:93,0,2,160,0,0,2,160,0,0
77:f5:b9:74:a9:3c,0,1,80,0,0,0,0,1,80
04:00:20:9d:ff:ff,0,1,88,0,0,1,88,0,0
04:00:90:9d:ff:ff,0,2,176,0,0,2,176,0,0
04:00:f0:9d:ff:ff,0,1,88,0,0,0,0,1,88
04:00:00:9e:ff:ff,0,1,88,0,0,0,0,1,88
04:00:10:9e:ff:ff,0,1,88,0,0,0,0,1,88
04:00:50:0d:ff:0f,0,1,88,0,0,1,88,0,0
d6:69:e5:83:ff:0f,0,1,76,0,0,1,76,0,0
04:00:50:0d:ff:1f,0,1,88,0,0,1,88,0,0
04:00:50:0d:ff:3f,0,1,88,0,0,1,88,0,0
04:00:20:9e:ff:ff,0,2,158,0,0,2,158,0,0
33:33:ff:00:00:18,0,2,360,0,0,0,0,2,360
04:00:50:9e:ff:ff,0,1,88,0,0,1,88,0,0
33:33:ff:45:f2:43,0,1,180,0,0,0,0,1,180
04:00:f0:44:ff:ff,0,2,158,0,0,2,158,0,0
04:00:10:45:ff:ff,0,1,88,0,0,1,88,0,0
04:00:30:45:ff:ff,0,2,176,0,0,2,176,0,0
3c:a6:f6:17:9a:96,0,56,27318,0,0,56,27318,0,0
33:33:ff:03:f3:de,0,1,180,0,0,0,0,1,180
b8:5d:22:e6:40:b8,0,2,146,0,0,2,146,0,0
8e:43:7b:d5:21:79,0,2,146,0,0,2,146,0,0
95:cc:d7:cc:bd:6e,0,2,146,0,0,2,146,0,0
a8:27:b1:aa:bb:ab,0,2,146,0,0,2,146,0,0
04:00:40:9f:ff:ff,0,1,88,0,0,1,88,0,0
33:33:ff:d5:af:1b,0,21,3780,0,0,0,0,21,3780
cb:25:b5:54:79:a2,0,2,152,0,0,0,0,2,152
cb:25:b5:54:f9:f7,0,1,76,0,0,0,0,1,76
04:00:c0:9f:ff:ff,0,2,158,0,0,2,158,0,0
04:00:e0:9f:ff:ff,0,1,88,0,0,1,88,0,0
04:00:90:a1:ff:ff,0,2,158,0,0,2,158,0,0
a7:55:90:b0:37:1f,0,1,178,0,0,1,178,0,0
00:73:9c:18:09:a1,0,1,178,0,0,0,0,1,178
2a:d1:ee:44:34:1f,0,1,178,0,0,1,178,0,0
ca:85:04:00:70:a2,0,3,228,0,0,3,228,0,0
ca:85:04:00:c0:a2,0,1,88,0,0,1,88,0,0
b5:54:a2:87:fe:4d,0,1,76,0,0,1,76,0,0
ca:85:04:00:60:a3,0,1,88,0,0,1,88,0,0
ca:85:04:00:90:a3,0,1,88,0,0,1,88,0,0
b8:99:74:f0:ca:84,0,2,140,0,0,2,140,0,0
32:63:db:e7:7c:d2,0,2,308,0,0,2,308,0,0
ed:1f:ca:85:04:00,0,1,70,0,0,1,70,0,0
07:56:4e:85:18:d5,0,1,70,0,0,1,70,0,0
ca:85:04:00:30:a6,0,2,158,0,0,2,158,0,0
04:00:c0:a7:ff:ff,0,2,158,0,0,2,158,0,0
04:00:d0:a7:ff:ff,0,1,88,0,0,1,88,0,0
04:00:e0:a7:ff:ff,0,1,88,0,0,1,88,0,0
04:00:f0:a7:ff:ff,0,1,88,0,0,1,88,0,0
04:00:40:a8:ff:ff,0,1,88,0,0,1,88,0,0
04:00:e0:a8:ff:ff,0,1,88,0,0,1,88,0,0
04:00:90:a9:ff:ff,0,3,228,0,0,3,228,0,0
04:00:b0:aa:ff:ff,0,1,88,0,0,1,88,0,0
04:00:40:ab:ff:ff,0,2,176,0,0,2,176,0,0
04:00:50:ab:ff:ff,0,1,88,0,0,1,88,0,0
04:00:00:ad:ff:ff,0,1,88,0,0,1,88,0,0
ca:85:04:00:50:ad,0,1,88,0,0,1,88,0,0
04:00:b0:ad:ff:ff,0,2,158,0,0,2,158,0,0
04:00:60:ae:ff:ff,0,1,88,0,0,1,88,0,0
04:00:70:af:ff:ff,0,2,158,0,0,2,158,0,0
04:00:f0:af:ff:ff,0,1,88,0,0,1,88,0,0
98:a5:f9:64:4e:23,0,20,5022,0,0,20,5022,0,0
19:97:60:28:80:00,0,1,2722,0,0,1,2722,0,0
04:00:30:b0:ff:ff,0,2,158,0,0,2,158,0,0
04:00:90:b0:ff:ff,0,1,88,0,0,1,88,0,0
b6:fc:ec:c0:9b:33,0,114,17288,0,0,114,17288,0,0
04:00:10:b3:ff:ff,0,1,88,0,0,1,88,0,0
04:00:20:b3:ff:ff,0,1,88,0,0,1,88,0,0
04:00:60:b3:ff:ff,0,1,88,0,0,1,88,0,0
b9:2e:2e:03:7a:f1,0,3,216,0,0,3,216,0,0
04:00:b0:45:ff:ff,0,1,88,0,0,1,88,0,0
04:00:e0:45:ff:ff,0,1,88,0,0,1,88,0,0
94:bf:db:29:46:ae,0,2,146,0,0,2,146,0,0
a8:8f:d9:36:64:ad,0,97,33137,0,0,97,33137,0,0
33:33:ff:ac:96:e5,0,1,180,0,0,0,0,1,180
4c:c7:bf:e4:be:9f,0,3,216,0,0,3,216,0,0
6f:9b:b1:b3:fa:87,0,2,146,0,0,2,146,0,0
a4:b3:5f:48:e4:82,0,1,166,0,0,1,166,0,0
55:62:f7:16:22:dd,0,1,166,0,0,0,0,1,166
04:00:e0:b4:ff:ff,0,1,88,0,0,1,88,0,0
04:00:f0:b4:ff:ff,0,1,88,0,0,1,88,0,0
04:00:00:b5:ff:ff,0,1,88,0,0,1,88,0,0
a9:1e:ba:09:06:c6,0,1,76,0,0,1,76,0,0
04:00:10:b5:ff:ff,0,1,88,0,0,1,88,0,0
99:f7:a7:48:33:62,0,1,70,0,0,1,70,0,0
04:00:c0:d3:03:00,0,1,88,0,0,1,88,0,0
04:00:70:b5:ff:ff,0,1,88,0,0,1,88,0,0
04:00:80:b5:ff:ff,0,1,88,0,0,1,88,0,0
ea:1c:b4:10:df:6a,0,1,142,0,0,1,142,0,0
b4:10:df:6a:47:02,0,1,142,0,0,0,0,1,142
04:00:40:00:1f:00,0,1,88,0,0,0,0,1,88
54:32:c7:e2:69:89,0,3,638,0,0,3,638,0,0
33:33:ff:85:6d:42,0,1,180,0,0,0,0,1,180
99:f7:a7:48:d8:7f,0,1,70,0,0,1,70,0,0
11:51:9b:27:b5:54,0,2,140,0,0,2,140,0,0
6a:b4:0c:07:ac:82,0,1,70,0,0,1,70,0,0
d4:10:00:00:c4:0a,0,1,70,0,0,0,0,1,70
04:00:c0:b5:ff:ff,0,1,88,0,0,1,88,0,0
04:00:d0:b5:ff:ff,0,1,88,0,0,1,88,0,0
29:6b:8d:b7:ca:84,0,1,70,0,0,1,70,0,0
c5:88:4e:d3:e6:32,0,1,70,0,0,1,70,0,0
85:84:83:40:e6:32,0,1,70,0,0,1,70,0,0
e6:35:04:00:c0:d3,0,1,88,0,0,1,88,0,0
74:82:fd:dd:ca:84,0,1,70,0,0,1,70,0,0
04:00:c0:d3:1f:00,0,1,88,0,0,1,88,0,0
ee:b9:f5:af:ca:80,0,1,70,0,0,1,70,0,0
f5:af:31:04:19:97,0,1,70,0,0,1,70,0,0
c4:00:9c:00:c0:47,0,2,140,0,0,0,0,2,140
f5:af:e6:35:04:00,0,1,70,0,0,1,70,0,0
40:d0:e6:35:04:00,0,1,70,0,0,1,70,0,0
c4:00:e4:00:c0:47,0,1,70,0,0,0,0,1,70
20:2b:20:4d:3a:8f,0,29,6668,0,0,29,6668,0,0
04:00:f0:b5:ff:ff,0,2,158,0,0,2,158,0,0
33:33:ff:34:79:f4,0,3,540,0,0,0,0,3,540
6e:39:05:bb:fa:36,0,5,1008,0,0,5,1008,0,0
21:9d:ba:a5:64:ad,0,3,228,0,0,3,228,0,0
94:cb:d8:69:b5:52,0,1,70,0,0,1,70,0,0
74:ab:2e:6e:b5:54,0,2,152,0,0,0,0,2,152
74:ab:2e:6e:5e:47,0,1,76,0,0,1,76,0,0
cc:6b:1e:a0:34:09,0,6,1174,0,0,6,1174,0,0
d6:69:e5:83:34:09,0,1,76,0,0,1,76,0,0
cb:25:e6:35:4d:a1,0,1,76,0,0,0,0,1,76
f0:d5:bf:dd:94:3d,0,44,8968,0,0,44,8968,0,0
7e:6a:15:d6:29:bf,0,4,972,0,0,4,972,0,0
60:e3:2b:a9:22:ca,0,2,465,0,0,2,465,0,0
95:4e:e3:c3:1c:d9,0,1,70,0,0,1,70,0,0
8c:8a:8e:c4:1c:d9,0,1,70,0,0,1,70,0,0
ea:68:bb:21:b9:07,0,1,70,0,0,1,70,0,0
78:95:8b:fa:9a:96,0,2,152,0,0,2,152,0,0
42:02:9c:b4:77:f5,0,1,76,0,0,1,76,0,0
8e:43:7b:d5:13:a9,0,2,146,0,0,2,146,0,0
d6:69:e5:83:b5:54,0,1,76,0,0,1,76,0,0
80:54:9c:44:fd:9d,0,80,12551,0,0,80,12551,0,0
04:00:40:b6:ff:ff,0,1,88,0,0,1,88,0,0
16:c4:1d:88:db:c2,0,1,166,0,0,1,166,0,0
45:2a:ea:a9:ad:3c,0,1,166,0,0,0,0,1,166
ca:85:04:00:60:b6,0,1,88,0,0,1,88,0,0
04:00:e0:46:ff:ff,0,4,298,0,0,4,298,0,0
04:00:80:b6:ff:ff,0,1,88,0,0,1,88,0,0
33:33:ff:2b:b8:b3,0,2,360,0,0,0,0,2,360
04:00:90:b6:ff:ff,0,1,88,0,0,1,88,0,0
04:00:c0:b6:ff:ff,0,1,88,0,0,1,88,0,0
04:00:d0:b6:ff:ff,0,1,88,0,0,1,88,0,0
04:00:e0:b6:ff:ff,0,1,88,0,0,1,88,0,0
04:00:c0:b8:ff:ff,0,1,88,0,0,1,88,0,0
57:48:13:fd:18:17,0,3,228,0,0,3,228,0,0
57:48:13:fd:bf:fd,0,3,216,0,0,3,216,0,0
46:14:6c:3f:83:d3,0,2,146,0,0,2,146,0,0
57:48:13:fd:e1:20,0,1,76,0,0,1,76,0,0
57:48:13:fd:77:f5,0,2,146,0,0,2,146,0,0
46:14:6c:3f:cd:a9,0,2,146,0,0,2,146,0,0
04:00:d0:b8:ff:ff,0,1,88,0,0,1,88,0,0
b5:54:23:75:43:26,0,1,70,0,0,0,0,1,70
ff:ff:ff:ff:a1:e0,0,1,84,0,0,1,84,0,0
04:00:e0:b9:ff:ff,0,1,88,0,0,1,88,0,0
04:00:70:d4:1f:00,0,1,88,0,0,1,88,0,0
04:00:c0:bb:ff:ff,0,1,88,0,0,1,88,0,0
04:00:10:be:ff:ff,0,1,88,0,0,1,88,0,0
04:00:20:be:ff:ff,0,1,88,0,0,1,88,0,0
04:00:80:be:ff:ff,0,1,88,0,0,1,88,0,0
04:00:60:bf:ff:ff,0,1,88,0,0,1,88,0,0
04:00:70:bf:ff:ff,0,1,88,0,0,1,88,0,0
04:00:e0:bf:ff:ff,0,1,88,0,0,1,88,0,0
33:33:ff:02:bb:ba,0,2,344,0,0,0,0,2,344
04:00:40:c0:ff:ff,0,1,88,0,0,1,88,0,0
04:00:70:c0:ff:ff,0,1,88,0,0,1,88,0,0
d9:df:e3:3c:78:95,0,1,76,0,0,0,0,1,76
45:81:85:f1:69:09,0,1,76,0,0,1,76,0,0
04:00:50:06:ff:07,0,2,158,0,0,2,158,0,0
04:00:50:06:ff:0f,0,3,246,0,0,3,246,0,0
a9:6a:ed:1f:3e:a7,0,1,70,0,0,1,70,0,0
13:3b:e4:86:3e:a7,0,1,70,0,0,1,70,0,0
33:33:ff:ef:0b:db,0,6,1080,0,0,0,0,6,1080
04:00:70:d4:ff:07,0,2,158,0,0,2,158,0,0
a4:ba:6a:45:34:9f,0,1,166,0,0,1,166,0,0
04:00:d0:c2:ff:ff,0,1,88,0,0,1,88,0,0
04:00:20:c3:ff:ff,0,1,88,0,0,1,88,0,0
04:00:30:c3:ff:ff,0,1,88,0,0,1,88,0,0
04:00:40:c3:ff:ff,0,1,88,0,0,1,88,0,0
04:00:70:c3:ff:ff,0,1,88,0,0,1,88,0,0
e0:0a:f6:4b:9a:45,0,12,2508,0,0,12,2508,0,0
04:00:00:c4:ff:ff,0,1,88,0,0,1,88,0,0
d0:49:7c:f9:4d:b6,0,10,2268,0,0,10,2268,0,0
04:00:90:c4:ff:ff,0,1,88,0,0,1,88,0,0
04:00:a0:c4:ff:ff,0,1,88,0,0,1,88,0,0
04:00:c0:c4:ff:ff,0,1,88,0,0,1,88,0,0
88:27:5b:53:00:28,0,2,146,0,0,2,146,0,0
04:00:60:c6:ff:ff,0,1,88,0,0,1,88,0,0
c8:94:02:7c:f8:95,0,3,689,0,0,3,689,0,0
04:00:50:0d:ff:ff,0,3,264,0,0,3,264,0,0
33:33:ff:6b:ac:f4,0,1,172,0,0,0,0,1,172
cb:2d:d4:d3:17:ef,0,1,70,0,0,1,70,0,0
49:14:01:43:21:95,0,1,70,0,0,0,0,1,70
cb:2d:d4:d3:52:a9,0,1,70,0,0,1,70,0,0
70:19:01:43:21:95,0,1,70,0,0,0,0,1,70
83:40:01:43:21:95,0,1,70,0,0,0,0,1,70
88:a3:03:ef:36:d7,0,139,21256,0,0,139,21256,0,0
04:00:f0:c6:ff:ff,0,1,88,0,0,1,88,0,0
04:00:00:c7:ff:ff,0,1,88,0,0,1,88,0,0
d6:cf:f0:70:83:d3,0,2,146,0,0,2,146,0,0
04:00:20:c7:ff:ff,0,1,88,0,0,1,88,0,0
04:00:40:c7:ff:ff,0,1,88,0,0,1,88,0,0
04:00:60:c7:ff:ff,0,1,88,0,0,1,88,0,0
04:00:10:c8:ff:ff,0,1,88,0,0,1,88,0,0
c7:1f:f6:b3:d2:92,0,1,70,0,0,1,70,0,0
18:d5:ab:44:6e:5c,0,1,70,0,0,0,0,1,70
f4:6a:dd:66:9b:4d,0,4,1100,0,0,4,1100,0,0
a3:2d:e6:92:b5:54,0,3,216,0,0,0,0,3,216
ab:44:6e:5c:18:d5,0,1,70,0,0,1,70,0,0
70:b7:aa:4c:ed:b3,0,2,328,0,0,2,328,0,0
8e:43:7b:d5:69:f2,0,2,146,0,0,2,146,0,0
8b:5d:f6:b3:d2:92,0,1,70,0,0,0,0,1,70
97:67:dc:57:64:0c,0,4,280,0,0,4,280,0,0
db:d5:cb:25:b5:55,0,2,140,0,0,0,0,2,140
fc:43:34:83:00:28,0,1,76,0,0,1,76,0,0
8e:43:7b:d5:ff:ff,0,2,146,0,0,2,146,0,0
90:b2:16:ad:18:d5,0,1,70,0,0,1,70,0,0
72:84:0a:6d:b4:92,0,1,164,0,0,1,164,0,0
a6:e3:e8:21:87:d4,0,2,146,0,0,2,146,0,0
04:00:00:3b:03:00,0,1,88,0,0,1,88,0,0
33:33:ff:9e:ad:04,0,1,180,0,0,0,0,1,180
b4:00:9e:01:c4:0a,0,1,76,0,0,0,0,1,76
b0:68:e6:0c:06:ff,0,8,2488,0,0,8,2488,0,0
11:a0:ff:3e:18:d5,0,2,140,0,0,2,140,0,0
d2:71:18:d5:9f:ab,0,1,76,0,0,0,0,1,76
d2:71:18:d5:11:a0,0,1,70,0,0,1,70,0,0
ff:3e:18:d5:9f:ab,0,1,70,0,0,0,0,1,70
b5:54:e2:7f:c9:b3,0,2,146,0,0,2,146,0,0
18:d5:e4:2f:dd:af,0,1,70,0,0,0,0,1,70
f8:b9:d3:71:18:d5,0,1,499,0,0,1,499,0,0
18:d5:05:00:00:63,0,1,88,0,0,1,88,0,0
18:d5:fd:72:f0:62,0,1,70,0,0,0,0,1,70
5a:21:c7:1f:b5:52,0,1,70,0,0,1,70,0,0
e4:ec:e8:b2:46:a4,0,36,6262,0,0,36,6262,0,0
24:d0:df:b3:69:62,0,33,16727,0,0,33,16727,0,0
04:00:80:cc:07:00,0,1,88,0,0,0,0,1,88
04:00:80:cc:0f:00,0,1,88,0,0,0,0,1,88
04:00:80:cc:1f:00,0,1,88,0,0,1,88,0,0
33:33:ff:2b:37:37,0,12,2160,0,0,0,0,12,2160
04:00:80:cc:ff:01,0,2,158,0,0,2,158,0,0
3b:ab:22:54:18:d5,0,1,70,0,0,1,70,0,0
4c:c7:bf:e4:bd:e7,0,4,292,0,0,4,292,0,0
db:d5:ca:85:04:00,0,1,70,0,0,0,0,1,70
04:00:80:cc:ff:ff,0,10,880,0,0,9,792,1,88
97:67:dc:57:c4:0a,0,6,496,0,0,6,496,0,0
cb:2d:ca:85:a0:5e,0,1,76,0,0,0,0,1,76
cb:2d:ca:85:e5:ed,0,1,76,0,0,0,0,1,76
cb:2d:ca:85:04:30,0,1,80,0,0,0,0,1,80
db:d5:ca:85:04:30,0,1,70,0,0,0,0,1,70
d2:71:18:d5:9b:75,0,1,76,0,0,1,76,0,0
b4:00:ca:00:c4:0a,0,1,76,0,0,0,0,1,76
2f:40:18:d5:9b:75,0,1,70,0,0,1,70,0,0
c4:00:9e:00:f8:89,0,1,70,0,0,0,0,1,70
e4:ee:9c:e2:57:d6,0,2,146,0,0,2,146,0,0
dc:57:c4:0a:cb:2d,0,2,152,0,0,0,0,2,152
64:0c:db:d5:18:d5,0,1,70,0,0,1,70,0,0
64:0c:db:d5:ca:85,0,2,140,0,0,2,140,0,0
44:ae:ab:66:50:3d,0,7,1172,0,0,7,1172,0,0
04:00:d0:47:ff:ff,0,1,88,0,0,1,88,0,0
55:b7:e2:96:ff:ff,0,4,286,0,0,4,286,0,0
04:00:20:01:1f:00,0,1,88,0,0,1,88,0,0
04:00:20:01:3f:00,0,1,88,0,0,1,88,0,0
04:00:20:01:7f:00,0,1,88,0,0,1,88,0,0
04:00:20:01:ff:00,0,1,88,0,0,1,88,0,0
04:00:20:01:ff:03,0,1,88,0,0,1,88,0,0
e5:ed:1c:9b:ff:03,0,1,76,0,0,1,76,0,0
92:5e:02:e4:ff:03,0,1,76,0,0,1,76,0,0
8d:cf:86:5b:5e:4f,0,1,76,0,0,1,76,0,0
3d:95:78:56:5e:4f,0,1,76,0,0,1,76,0,0
04:00:20:01:ff:07,0,1,88,0,0,1,88,0,0
04:00:20:01:ff:1f,0,1,88,0,0,1,88,0,0
e1:f3:34:3d:b0:b8,0,1,76,0,0,1,76,0,0
fe:62:b0:82:c2:32,0,1,76,0,0,1,76,0,0
04:00:20:01:ff:3f,0,1,88,0,0,1,88,0,0
cb:25:b5:54:72:85,0,1,76,0,0,1,76,0,0
b4:00:78:02:f8:89,0,1,76,0,0,0,0,1,76
e1:93:b5:54:72:85,0,1,70,0,0,1,70,0,0
c4:00:4e:02:c4:0a,0,1,70,0,0,0,0,1,70
46:14:6c:3f:d1:93,0,2,146,0,0,2,146,0,0
2a:28:de:59:fe:0e,0,2,146,0,0,2,146,0,0
b5:54:cd:87:68:91,0,1,70,0,0,0,0,1,70
ff:ff:ff:ff:e2:f4,0,1,84,0,0,1,84,0,0
a2:a1:82:1a:59:b9,0,2,146,0,0,2,146,0,0
46:e9:85:5b:ca:80,0,1,70,0,0,1,70,0,0
55:b7:e2:96:dc:d3,0,1,76,0,0,1,76,0,0
b2:fa:0c:51:00:3c,0,3,216,0,0,3,216,0,0
b3:a8:1d:b3:a2:9b,0,3,216,0,0,3,216,0,0
ec:73:79:8e:50:00,0,100,34570,0,0,100,34570,0,0
fa:7c:98:24:b9:07,0,1,76,0,0,1,76,0,0
96:40:2a:42:b9:07,0,1,76,0,0,1,76,0,0
fe:62:b0:82:b9:07,0,1,76,0,0,1,76,0,0
46:14:6c:3f:a7:d7,0,1,76,0,0,1,76,0,0
46:14:6c:3f:4c:60,0,1,76,0,0,1,76,0,0
6f:9b:b1:b3:9b:cc,0,2,146,0,0,2,146,0,0
18:28:af:cc:44:d7,0,2,146,0,0,2,146,0,0
ae:2a:dc:da:b5:52,0,1,70,0,0,1,70,0,0
46:14:6c:3f:8d:f9,0,4,298,0,0,4,298,0,0
40:e9:9b:23:18:e9,0,1,154,0,0,1,154,0,0
55:b7:e2:96:48:8f,0,1,76,0,0,1,76,0,0
04:20:60:06:a4:89,0,1,80,0,0,1,80,0,0
d0:33:11:d7:e9:2e,0,2,944,0,0,2,944,0,0
04:00:c0:03:7f:00,0,1,88,0,0,1,88,0,0
46:14:6c:3f:81:fa,0,2,146,0,0,2,146,0,0
04:00:c0:03:ff:03,0,1,88,0,0,1,88,0,0
04:00:c0:03:ff:07,0,1,88,0,0,1,88,0,0
33:33:ff:4a:ea:d3,0,1,180,0,0,0,0,1,180
8d:cf:86:5b:73:51,0,1,76,0,0,1,76,0,0
bf:cf:f7:ce:6f:13,0,1,76,0,0,1,76,0,0
cc:62:c1:17:c1:ab,0,2,152,0,0,2,152,0,0
04:00:c0:03:ff:0f,0,1,88,0,0,1,88,0,0
04:00:c0:03:ff:1f,0,1,88,0,0,1,88,0,0
5a:18:d9:63:69:62,0,2,146,0,0,2,146,0,0
5a:18:d9:63:aa:99,0,1,76,0,0,1,76,0,0
04:00:c0:03:ff:3f,0,1,88,0,0,1,88,0,0
3a:7c:86:2c:b5:54,0,1,70,0,0,1,70,0,0
18:f0:e4:91:67:75,0,127,20338,0,0,127,20338,0,0
46:14:6c:3f:5b:56,0,3,228,0,0,3,228,0,0
fa:7c:98:24:9d:05,0,1,76,0,0,1,76,0,0
04:00:60:cf:01:00,0,1,88,0,0,1,88,0,0
aa:a4:8a:85:dc:b4,0,5,1005,0,0,5,1005,0,0
ff:ff:ff:ff:2a:90,0,1,84,0,0,1,84,0,0
b3:a8:1d:b3:b5:54,0,5,362,0,0,0,0,5,362
5f:f1:2a:db:18:d5,0,2,140,0,0,2,140,0,0
a7:cc:a6:59:b5:54,0,4,292,0,0,0,0,4,292
78:37:db:d1:b5:54,0,1,76,0,0,0,0,1,76
42:50:93:a5:b5:54,0,1,70,0,0,1,70,0,0
04:00:60:cf:03:00,0,1,88,0,0,1,88,0,0
04:00:60:cf:07:00,0,1,88,0,0,1,88,0,0
a5:c3:8b:5d:dc:b4,0,1,70,0,0,1,70,0,0
04:00:60:cf:0f:00,0,1,88,0,0,1,88,0,0
04:00:60:cf:1f:00,0,1,88,0,0,0,0,1,88
04:00:60:cf:7f:00,0,1,88,0,0,1,88,0,0
f3:57:4b:1d:cf:ab,0,2,146,0,0,2,146,0,0
04:00:80:6d:ff:ff,0,1,88,0,0,1,88,0,0
33:33:ff:e8:3e:0f,0,2,360,0,0,0,0,2,360
4c:c7:bf:e4:8a:cc,0,3,216,0,0,3,216,0,0
04:00:60:cf:ff:1f,0,1,88,0,0,1,88,0,0
04:00:60:cf:ff:3f,0,1,88,0,0,0,0,1,88
04:00:60:cf:ff:ff,0,26,2288,0,0,26,2288,0,0
33:33:ff:c0:c4:ad,0,1,180,0,0,0,0,1,180
94:00:00:00:e4:40,0,1,88,0,0,0,0,1,88
d8:cf:bf:9e:76:94,0,1,164,0,0,1,164,0,0
a8:27:b1:aa:d2:54,0,3,216,0,0,3,216,0,0
17:96:58:54:62:3f,0,2,146,0,0,2,146,0,0
18:d5:c1:f1:80:17,0,1,70,0,0,0,0,1,70
ab:e7:b8:0f:00:3c,0,1,76,0,0,1,76,0,0
4c:c7:bf:e4:05:ec,0,3,216,0,0,3,216,0,0
72:f1:31:04:19:97,0,1,208,0,0,1,208,0,0
d1:d2:c1:a9:30:66,0,2,146,0,0,2,146,0,0
4c:c7:bf:e4:91:4e,0,3,216,0,0,3,216,0,0
dc:54:a6:70:8d:55,0,1,76,0,0,1,76,0,0
f3:df:7a:dc:ca:81,0,1,70,0,0,1,70,0,0
04:00:70:d4:ff:0f,0,1,88,0,0,1,88,0,0
18:ab:1d:c0:c9:69,0,1,164,0,0,1,164,0,0
04:00:70:d4:ff:1f,0,1,88,0,0,1,88,0,0
2c:a9:f0:83:ce:21,0,29,5014,0,0,29,5014,0,0
33:33:ff:83:ce:21,0,1,180,0,0,0,0,1,180
4c:c7:bf:e4:b3:fc,0,3,216,0,0,3,216,0,0
88:f0:98:68:7d:12,0,1,160,0,0,1,160,0,0
18:d5:05:00:90:65,0,1,88,0,0,1,88,0,0
b5:54:f9:f0:65:aa,0,2,146,0,0,2,146,0,0
18:d5:05:00:a0:65,0,1,88,0,0,1,88,0,0
3c:6d:89:97:18:e3,0,6,1458,0,0,6,1458,0,0
f2:78:be:2f:00:3c,0,6,2502,0,0,6,2502,0,0
04:b1:ce:a9:5e:4f,0,3,216,0,0,3,216,0,0
d0:49:7c:26:d7:8d,0,4,1005,0,0,4,1005,0,0
10:ec:81:66:aa:d6,0,2,476,0,0,2,476,0,0
33:33:ff:95:be:ba,0,2,360,0,0,0,0,2,360
ac:12:03:8f:1a:5b,0,46,11175,0,0,46,11175,0,0
05:00:c0:65:01:00,0,1,88,0,0,0,0,1,88
04:00:60:49:ff:ff,0,1,88,0,0,1,88,0,0
04:00:80:49:ff:ff,0,1,88,0,0,1,88,0,0
00:93:37:af:fa:4b,0,17,3353,0,0,17,3353,0,0
04:bd:bf:7c:e5:62,0,57,8886,0,0,57,8886,0,0
33:33:ff:f5:63:b5,0,1,180,0,0,0,0,1,180
05:00:d0:65:01:00,0,1,88,0,0,1,88,0,0
74:a3:31:04:19:97,0,1,70,0,0,1,70,0,0
db:f4:b5:54:17:96,0,1,70,0,0,1,70,0,0
d4:87:b5:54:17:96,0,1,70,0,0,1,70,0,0
b4:00:d0:00:f8:89,0,1,76,0,0,0,0,1,76
b5:54:27:30:fd:3c,0,1,70,0,0,0,0,1,70
cb:25:b5:54:01:68,0,1,76,0,0,1,76,0,0
b4:00:99:01:f8:89,0,1,76,0,0,0,0,1,76
d5:97:b5:54:01:68,0,1,70,0,0,1,70,0,0
c4:00:6f:01:c4:0a,0,1,70,0,0,0,0,1,70
17:96:58:54:fc:7e,0,2,152,0,0,2,152,0,0
17:96:58:54:71:e3,0,2,152,0,0,2,152,0,0
17:96:58:54:54:7c,0,2,152,0,0,2,152,0,0
bc:61:93:c3:c4:dc,0,1,164,0,0,1,164,0,0
17:96:58:54:96:ee,0,1,76,0,0,1,76,0,0
17:96:58:54:ad:c9,0,2,152,0,0,2,152,0,0
17:96:58:54:bf:5b,0,3,222,0,0,3,222,0,0
a1:dd:9a:ac:ad:04,0,2,152,0,0,2,152,0,0
cc:b3:39:28:ad:04,0,1,76,0,0,1,76,0,0
8e:43:7b:d5:67:75,0,1,76,0,0,1,76,0,0
78:f7:ef:83:67:75,0,1,76,0,0,1,76,0,0
70:a0:bd:0a:b6:3b,0,1,76,0,0,1,76,0,0
23:87:15:34:b6:3b,0,4,304,0,0,4,304,0,0
23:87:15:34:18:17,0,2,152,0,0,2,152,0,0
23:87:15:34:ee:3d,0,1,76,0,0,1,76,0,0
23:87:15:34:bc:0a,0,2,152,0,0,2,152,0,0
33:33:ff:d2:f8:e5,0,1,180,0,0,0,0,1,180
23:87:15:34:b5:54,0,2,146,0,0,0,0,2,146
d8:3f:73:10:b5:54,0,1,70,0,0,1,70,0,0
20:a6:0c:69:52:fd,0,1,164,0,0,1,164,0,0
43:58:55:7b:be:84,0,1,76,0,0,1,76,0,0
43:58:55:7b:7d:e9,0,3,216,0,0,3,216,0,0
b4:3e:b9:6b:7d:e9,0,2,146,0,0,2,146,0,0
46:14:6c:3f:d9:f1,0,2,146,0,0,2,146,0,0
46:14:6c:3f:40:b8,0,2,146,0,0,2,146,0,0
33:33:ff:73:73:87,0,1,180,0,0,0,0,1,180
5d:9b:c0:26:fa:4b,0,2,146,0,0,2,146,0,0
73:02:d0:d6:b5:54,0,2,146,0,0,0,0,2,146
22:ef:ba:96:ca:83,0,1,70,0,0,1,70,0,0
e0:3e:44:04:f6:6d,0,3,210,0,0,0,0,3,210
5c:17:cf:56:81:70,0,82,21615,0,0,82,21615,0,0
33:33:ff:e3:06:1e,0,2,360,0,0,0,0,2,360
1e:6c:73:52:67:75,0,2,146,0,0,2,146,0,0
b5:54:04:00:c0:6e,0,1,88,0,0,1,88,0,0
17:96:58:54:83:d3,0,6,438,0,0,6,438,0,0
46:14:6c:3f:80:a3,0,6,456,0,0,6,456,0,0
46:14:6c:3f:b6:f0,0,2,152,0,0,2,152,0,0
46:14:6c:3f:68:59,0,1,76,0,0,1,76,0,0
46:14:6c:3f:7e:01,0,1,76,0,0,1,76,0,0
46:14:6c:3f:75:82,0,2,152,0,0,2,152,0,0
4c:c7:bf:e4:f4:93,0,3,216,0,0,3,216,0,0
46:14:6c:3f:f4:93,0,2,146,0,0,2,146,0,0
74:a6:cd:a0:b1:ac,0,30,17017,0,0,30,17017,0,0
73:02:d0:d6:19:97,0,2,146,0,0,2,146,0,0
5d:9b:c0:26:f0:3b,0,2,146,0,0,2,146,0,0
5d:9b:c0:26:fd:38,0,2,146,0,0,2,146,0,0
46:14:6c:3f:dc:e2,0,2,146,0,0,2,146,0,0
22:cd:91:70:b5:53,0,1,70,0,0,1,70,0,0
33:33:ff:e6:e4:c6,0,1,172,0,0,0,0,1,172
45:1c:89:e5:18:17,0,2,146,0,0,2,146,0,0
b5:54:04:00:00:6f,0,1,88,0,0,1,88,0,0
cb:25:b5:54:a1:dd,0,3,228,0,0,2,152,1,76
b4:00:9a:00:f8:89,0,2,152,0,0,0,0,2,152
2d:bf:b5:54:a1:dd,0,3,210,0,0,2,140,1,70
c4:00:6c:00:c4:0a,0,2,140,0,0,0,0,2,140
cb:25:b5:54:5d:9b,0,7,532,0,0,3,228,4,304
77:29:b5:54:5d:9b,0,2,140,0,0,2,140,0,0
5e:93:25:fc:63:69,0,2,146,0,0,2,146,0,0
32:3a:43:a3:d9:f1,0,1,76,0,0,1,76,0,0
05:00:30:de:ff:ff,0,1,88,0,0,1,88,0,0
5d:9b:c0:26:9b:46,0,5,380,0,0,5,380,0,0
5d:9b:c0:26:50:00,0,4,304,0,0,4,304,0,0
5d:9b:c0:26:83:d3,0,1,76,0,0,1,76,0,0
5d:9b:c0:26:06:ff,0,1,76,0,0,1,76,0,0
5d:9b:c0:26:dd:10,0,1,76,0,0,1,76,0,0
5d:9b:c0:26:bf:64,0,2,146,0,0,2,146,0,0
bd:6c:44:38:c1:6d,0,2,146,0,0,2,146,0,0
a8:22:39:56:2e:c5,0,1,166,0,0,1,166,0,0
f3:bb:48:2f:a7:29,0,1,166,0,0,0,0,1,166
b5:55:04:00:00:3b,0,15,1320,0,0,15,1320,0,0
b5:54:46:14:6c:3f,0,4,292,0,0,4,292,0,0
2e:d2:ae:f7:cf:9a,0,1,70,0,0,0,0,1,70
cb:25:b5:55:e1:c8,0,1,76,0,0,0,0,1,76
cb:25:b5:55:a8:23,0,1,70,0,0,1,70,0,0
cb:22:b5:55:e1:c8,0,1,70,0,0,0,0,1,70
28:64:2b:8d:38:a1,0,1,166,0,0,1,166,0,0
02:00:0c:07:ac:3c,0,1,166,0,0,0,0,1,166
8b:72:1d:0b:a5:6e,0,2,146,0,0,2,146,0,0
07:b9:2b:73:5b:56,0,1,76,0,0,1,76,0,0
cc:59:57:e1:36:d7,0,2,146,0,0,2,146,0,0
04:00:60:1f:00:00,0,1,88,0,0,1,88,0,0
6e:1e:77:cd:23:2c,0,2,146,0,0,2,146,0,0
fa:2b:5b:d9:42:b6,0,1,1189,0,0,1,1189,0,0
f1:3b:0d:07:ac:3c,0,1,1189,0,0,0,0,1,1189
bb:ea:49:9e:b9:07,0,2,146,0,0,2,146,0,0
cb:25:b5:54:b0:a0,0,1,76,0,0,1,76,0,0
b4:00:a7:00:f8:89,0,1,76,0,0,0,0,1,76
46:14:6c:3f:63:69,0,2,146,0,0,2,146,0,0
7c:b0:73:5f:ae:13,0,12,2076,0,0,12,2076,0,0
0b:b0:b7:93:91:4e,0,2,146,0,0,2,146,0,0
bd:6c:44:38:16:ce,0,2,146,0,0,2,146,0,0
bb:ea:49:9e:35:76,0,2,146,0,0,2,146,0,0
46:14:6c:3f:50:00,0,3,228,0,0,3,228,0,0
46:14:6c:3f:36:8b,0,2,146,0,0,2,146,0,0
2a:28:de:59:9c:da,0,3,228,0,0,3,228,0,0
ff:ff:ff:ff:35:34,0,1,84,0,0,1,84,0,0
40:fa:fe:c5:fd:57,0,1,164,0,0,1,164,0,0
46:14:6c:3f:0b:8c,0,1,76,0,0,1,76,0,0
33:33:ff:2a:00:85,0,1,180,0,0,0,0,1,180
f8:e7:a0:19:4c:4f,0,2,234,0,0,2,234,0,0
46:14:6c:3f:5e:47,0,4,298,0,0,4,298,0,0
3e:b3:0d:de:9f:c5,0,1,76,0,0,1,76,0,0
3e:b3:0d:de:b9:07,0,2,146,0,0,2,146,0,0
5d:9b:c0:26:88:7e,0,1,76,0,0,1,76,0,0
25:3c:a1:c7:0b:8c,0,1,76,0,0,1,76,0,0
1c:57:dc:56:1e:83,0,13,6379,0,0,13,6379,0,0
da:22:91:94:8c:d2,0,2,336,0,0,2,336,0,0
33:33:ff:0b:40:70,0,1,180,0,0,0,0,1,180
18:d7:17:30:71:ed,0,51,7990,0,0,51,7990,0,0
01:00:5e:28:a0:0b,0,2,504,0,0,0,0,2,504
74:42:8b:2d:24:d2,0,7,3801,0,0,7,3801,0,0
33:33:ff:58:70:05,0,2,360,0,0,0,0,2,360
b5:54:04:00:60:6f,0,1,88,0,0,1,88,0,0
95:cc:d7:cc:19:97,0,4,292,0,0,4,292,0,0
d2:71:18:d5:19:2f,0,3,228,0,0,0,0,3,228
d2:71:18:d5:fd:0c,0,2,140,0,0,2,140,0,0
ec:c6:18:d5:19:2f,0,2,140,0,0,0,0,2,140
d2:71:18:d5:71:c1,0,1,70,0,0,1,70,0,0
dc:21:5c:6d:66:c7,0,94,20222,0,0,94,20222,0,0
5d:9b:c0:26:ec:1e,0,4,298,0,0,4,298,0,0
4c:2e:b4:2e:97:9b,0,51,19314,0,0,51,19314,0,0
06:1e:65:3d:34:d9,0,15,3240,0,0,15,3240,0,0
33:33:ff:3d:34:d9,0,1,180,0,0,0,0,1,180
4c:c7:bf:e4:06:ff,0,3,216,0,0,3,216,0,0
46:a4:f9:1d:bf:64,0,1,76,0,0,1,76,0,0
46:a4:f9:1d:c7:36,0,2,146,0,0,2,146,0,0
d2:71:18:d5:c1:57,0,1,76,0,0,0,0,1,76
d2:71:18:d5:46:ac,0,1,70,0,0,1,70,0,0
07:16:18:d5:c1:57,0,1,70,0,0,0,0,1,70
b5:54:04:00:50:70,0,1,88,0,0,1,88,0,0
17:96:58:54:9b:f7,0,2,146,0,0,2,146,0,0
17:96:58:54:f7:7e,0,2,146,0,0,2,146,0,0
05:00:d0:67:01:00,0,1,88,0,0,1,88,0,0
17:96:58:54:01:00,0,10,730,0,0,10,730,0,0
17:96:58:54:d2:41,0,2,146,0,0,2,146,0,0
18:d5:f3:e3:0a:02,0,1,70,0,0,0,0,1,70
b5:54:04:00:b0:70,0,1,88,0,0,1,88,0,0
17:96:58:54:26:df,0,2,146,0,0,2,146,0,0
b3:fb:70:1d:39:90,0,1,160,0,0,1,160,0,0
b4:f0:31:04:19:97,0,1,160,0,0,0,0,1,160
18:d5:05:00:20:68,0,1,88,0,0,1,88,0,0
b5:54:d4:61:90:80,0,2,146,0,0,2,146,0,0
7f:b4:c2:94:2f:68,0,2,146,0,0,2,146,0,0
04:00:a0:cf:ff:ff,0,1,88,0,0,1,88,0,0
e2:c6:f7:25:4c:8a,0,2,316,0,0,2,316,0,0
04:00:d0:cf:ff:ff,0,1,88,0,0,1,88,0,0
f4:02:28:63:4b:0a,0,11,1878,0,0,11,1878,0,0
46:a4:f9:1d:c8:c9,0,2,146,0,0,2,146,0,0
cc:62:c1:17:91:4e,0,1,76,0,0,1,76,0,0
d7:ed:6d:0e:a9:8e,0,1,76,0,0,1,76,0,0
33:33:ff:54:5c:d6,0,3,540,0,0,0,0,3,540
04:00:d0:03:ff:ff,0,1,88,0,0,1,88,0,0
04:00:10:04:ff:ff,0,1,88,0,0,1,88,0,0
51:a9:ca:30:00:3c,0,1,76,0,0,1,76,0,0
ea:f9:63:05:60:82,0,1,76,0,0,1,76,0,0
1f:10:f2:e2:a2:30,0,1,76,0,0,1,76,0,0
51:a9:ca:30:a2:30,0,1,76,0,0,1,76,0,0
04:00:80:04:ff:ff,0,1,88,0,0,1,88,0,0
04:00:90:04:ff:ff,0,1,88,0,0,1,88,0,0
73:2c:40:84:0a:18,0,1,76,0,0,1,76,0,0
ac:dc:ec:45:74:33,0,2,146,0,0,2,146,0,0
33:33:ff:7a:a4:d1,0,2,360,0,0,0,0,2,360
dc:a2:66:01:1e:63,0,70,14096,0,0,70,14096,0,0
ce:9d:30:7c:b9:07,0,5,362,0,0,5,362,0,0
bc:f7:30:48:a8:6e,0,14,2524,0,0,14,2524,0,0
f8:89:d2:c7:77:38,0,1,166,0,0,1,166,0,0
88:41:49:00:c4:0a,0,2,332,0,0,0,0,2,332
b5:54:04:00:a0:4c,0,1,88,0,0,1,88,0,0
33:33:ff:88:b4:80,0,5,900,0,0,0,0,5,900
95:cc:d7:cc:3e:2e,0,2,146,0,0,2,146,0,0
05:00:80:68:01:00,0,1,88,0,0,1,88,0,0
b5:54:04:00:30:71,0,1,88,0,0,1,88,0,0
17:96:58:54:0a:39,0,4,292,0,0,4,292,0,0
05:00:b0:68:01:00,0,1,88,0,0,1,88,0,0
05:00:c0:68:01:00,0,1,88,0,0,1,88,0,0
05:00:d0:68:01:00,0,1,88,0,0,1,88,0,0
05:00:e0:68:01:00,0,1,88,0,0,1,88,0,0
33:33:ff:b1:30:da,0,18,3240,0,0,0,0,18,3240
46:14:6c:3f:66:c7,0,2,146,0,0,2,146,0,0
46:14:6c:3f:06:d8,0,4,298,0,0,4,298,0,0
5d:9b:c0:26:fe:0e,0,2,146,0,0,2,146,0,0
33:33:ff:a7:1a:b2,0,10,1800,0,0,0,0,10,1800
e2:54:aa:60:4d:29,0,16,3294,0,0,16,3294,0,0
33:33:ff:60:4d:29,0,1,180,0,0,0,0,1,180
33:33:ff:72:6f:03,0,2,360,0,0,0,0,2,360
60:30:fd:e9:14:a1,0,2,146,0,0,2,146,0,0
59:3a:db:44:14:a1,0,2,152,0,0,2,152,0,0
04:00:70:d4:ff:3f,0,1,88,0,0,1,88,0,0
ac:d3:4a:a3:3e:41,0,1,76,0,0,1,76,0,0
be:d9:cc:75:05:ec,0,1,76,0,0,1,76,0,0
33:33:ff:55:1b:5e,0,4,720,0,0,0,0,4,720
a1:48:48:ca:9b:c6,0,1,76,0,0,1,76,0,0
cc:11:c0:68:5a:56,0,1,70,0,0,1,70,0,0
e0:b3:17:71:d3:c2,0,1,76,0,0,1,76,0,0
e0:b3:17:71:23:7a,0,1,76,0,0,1,76,0,0
ee:c5:5b:e7:87:5d,0,5,828,0,0,5,828,0,0
33:33:ff:e7:87:5d,0,1,172,0,0,0,0,1,172
04:00:a0:d5:3f:00,0,1,88,0,0,1,88,0,0
5a:8d:0d:5a:b5:54,0,2,146,0,0,0,0,2,146
8e:b0:c7:87:18:d5,0,1,70,0,0,1,70,0,0
04:00:a0:d5:7f:00,0,1,88,0,0,1,88,0,0
04:00:40:05:ff:ff,0,1,88,0,0,1,88,0,0
04:00:40:0a:ff:ff,0,1,88,0,0,1,88,0,0
04:00:60:0a:ff:ff,0,1,88,0,0,1,88,0,0
c0:05:2b:6a:ee:85,0,2,146,0,0,2,146,0,0
b5:54:04:00:70:71,0,1,88,0,0,1,88,0,0
05:00:10:69:01:00,0,1,88,0,0,0,0,1,88
95:cc:d7:cc:01:00,0,2,146,0,0,0,0,2,146
a5:c3:8b:5d:ca:83,0,1,70,0,0,1,70,0,0
04:00:f0:e9:ff:ff,0,1,88,0,0,1,88,0,0
04:00:80:0a:ff:ff,0,1,88,0,0,1,88,0,0
40:e9:9b:0b:78:51,0,4,616,0,0,4,616,0,0
04:00:e0:05:ff:ff,0,1,88,0,0,1,88,0,0
04:00:10:ea:ff:ff,0,1,88,0,0,1,88,0,0
3c:e9:f7:cc:ca:81,0,19,4788,0,0,19,4788,0,0
33:33:ff:5c:25:a0,0,1,172,0,0,0,0,1,172
70:f0:87:bd:fe:7b,0,19,5616,0,0,19,5616,0,0
04:00:20:ea:ff:ff,0,1,88,0,0,1,88,0,0
04:00:d0:0a:ff:ff,0,1,88,0,0,1,88,0,0
62:62:62:fc:ec:a1,0,1,164,0,0,1,164,0,0
f8:59:71:08:07:41,0,8,2488,0,0,8,2488,0,0
f4:02:28:50:bf:47,0,123,18892,0,0,123,18892,0,0
d2:c7:07:75:57:48,0,1,76,0,0,0,0,1,76
d2:c7:07:75:22:cd,0,1,70,0,0,1,70,0,0
91:70:07:75:57:48,0,1,70,0,0,0,0,1,70
10:ec:81:8f:f5:7e,0,3,462,0,0,3,462,0,0
d4:61:90:80:b5:54,0,2,146,0,0,0,0,2,146
05:00:30:69:01:00,0,1,88,0,0,0,0,1,88
31:0d:fa:46:01:00,0,2,146,0,0,0,0,2,146
c4:48:49:c8:3d:9a,0,1,2631,0,0,1,2631,0,0
cd:36:26:31:fd:bb,0,1,2631,0,0,0,0,1,2631
18:d5:05:00:40:69,0,1,88,0,0,1,88,0,0
ba:ad:5e:d8:88:47,0,2,146,0,0,2,146,0,0
b5:54:04:00:e0:71,0,1,88,0,0,1,88,0,0
04:e5:98:c9:bc:29,0,1,164,0,0,1,164,0,0
b8:5d:22:e6:bc:29,0,2,146,0,0,2,146,0,0
05:00:b0:69:01:00,0,1,88,0,0,1,88,0,0
3c:61:12:91:14:71,0,1,160,0,0,1,160,0,0
f8:09:d2:e9:3b:ec,0,1,160,0,0,0,0,1,160
ba:1f:31:7f:f0:06,0,1,276,0,0,1,276,0,0
bc:6b:e9:86:91:ca,0,1,276,0,0,0,0,1,276
18:d5:05:00:c0:69,0,1,88,0,0,1,88,0,0
18:d5:05:00:d0:69,0,1,88,0,0,1,88,0,0
18:d5:05:00:e0:69,0,2,158,0,0,2,158,0,0
a6:e3:e8:21:7f:dc,0,2,146,0,0,2,146,0,0
46:14:6c:3f:91:4e,0,2,146,0,0,2,146,0,0
4b:cd:a0:ba:09:7c,0,1,76,0,0,1,76,0,0
f0:2f:4b:ef:92:6d,0,47,13725,0,0,47,13725,0,0
54:8c:32:d9:48:7f,0,1,70,0,0,1,70,0,0
91:0c:cb:25:b5:55,0,1,70,0,0,0,0,1,70
88:d2:2e:84:b5:54,0,2,146,0,0,0,0,2,146
e0:87:a1:db:b5:54,0,1,70,0,0,1,70,0,0
05:00:f0:69:3b:00,0,1,88,0,0,0,0,1,88
7f:b4:c2:94:3b:00,0,2,146,0,0,0,0,2,146
05:00:10:6a:01:00,0,1,88,0,0,0,0,1,88
b5:54:04:00:20:72,0,1,88,0,0,1,88,0,0
cb:e5:af:fd:ee:85,0,1,76,0,0,1,76,0,0
cb:e5:af:fd:a8:8d,0,1,76,0,0,1,76,0,0
cb:e5:af:fd:36:d7,0,1,76,0,0,1,76,0,0
04:00:a0:d5:ff:1d,0,1,88,0,0,1,88,0,0
04:00:a0:d5:ff:3d,0,1,88,0,0,1,88,0,0
04:00:a0:d5:ff:7d,0,1,88,0,0,1,88,0,0
04:00:a0:d5:ff:fd,0,4,334,0,0,4,334,0,0
38:38:4b:2d:9a:1d,0,23,4182,0,0,23,4182,0,0
4c:c7:bf:e4:c9:a5,0,4,286,0,0,4,286,0,0
5d:9b:c0:26:6d:25,0,2,146,0,0,2,146,0,0
88:27:5b:53:b5:55,0,2,146,0,0,0,0,2,146
04:00:50:68:01:00,0,1,88,0,0,0,0,1,88
13:b5:72:9e:fc:bb,0,2,146,0,0,2,146,0,0
80:70:98:35:a0:86,0,1,1404,0,0,1,1404,0,0
c4:0a:cb:25:d5:db,0,1,1404,0,0,0,0,1,1404
2e:d2:70:9d:bf:66,0,2,146,0,0,2,146,0,0
ff:e6:31:04:19:97,0,1,70,0,0,1,70,0,0
e1:f7:43:92:59:b9,0,1,76,0,0,1,76,0,0
33:33:ff:33:c7:2e,0,3,540,0,0,0,0,3,540
cb:25:e6:35:e1:f7,0,2,152,0,0,0,0,2,152
b6:1d:28:2e:ec:8e,0,7,1571,0,0,7,1571,0,0
9e:39:e8:99:b5:54,0,7,508,0,0,0,0,7,508
8e:ce:db:23:18:d5,0,3,210,0,0,3,210,0,0
18:d5:05:00:50:6a,0,1,88,0,0,1,88,0,0
18:d5:45:1c:89:e5,0,6,438,0,0,6,438,0,0
b5:54:04:00:50:72,0,1,88,0,0,1,88,0,0
18:d5:c2:8a:56:9d,0,2,146,0,0,2,146,0,0
b5:54:04:00:80:72,0,1,88,0,0,1,88,0,0
8b:72:1d:0b:fd:9d,0,2,146,0,0,2,146,0,0
8b:72:1d:0b:21:79,0,2,146,0,0,2,146,0,0
17:96:58:54:63:d7,0,2,146,0,0,2,146,0,0
bc:43:0a:40:63:d7,0,2,146,0,0,2,146,0,0
05:00:70:6a:07:00,0,1,88,0,0,1,88,0,0
20:34:fb:54:12:2d,0,46,15192,0,0,46,15192,0,0
cb:25:b5:55:88:27,0,3,228,0,0,0,0,3,228
cb:25:b5:55:01:1a,0,3,210,0,0,3,210,0,0
db:30:b5:55:88:27,0,3,210,0,0,0,0,3,210
f4:75:c7:71:04:00,0,2,176,0,0,0,0,2,176
cb:25:b5:55:4e:0f,0,1,70,0,0,1,70,0,0
33:33:ff:9a:bc:3d,0,1,172,0,0,0,0,1,172
04:00:70:ec:01:00,0,1,88,0,0,1,88,0,0
e4:34:93:41:96:c0,0,1,164,0,0,1,164,0,0
33:33:ff:72:88:ed,0,1,180,0,0,0,0,1,180
17:96:58:54:ee:85,0,4,292,0,0,4,292,0,0
1a:de:a4:fc:18:a9,0,1,160,0,0,0,0,1,160
04:00:f0:cf:ff:ff,0,1,88,0,0,1,88,0,0
d0:49:7c:04:07:29,0,7,1078,0,0,7,1078,0,0
a4:c6:9a:fb:f7:c5,0,11,1786,0,0,11,1786,0,0
33:33:ff:fe:25:ab,0,3,540,0,0,0,0,3,540
d1:50:f6:5e:b6:f0,0,2,146,0,0,2,146,0,0
33:33:ff:da:6d:bb,0,2,360,0,0,0,0,2,360
7c:fd:6b:de:d4:ad,0,24,6957,0,0,24,6957,0,0
33:33:ff:63:aa:06,0,1,180,0,0,0,0,1,180
33:33:ff:fa:a6:82,0,2,360,0,0,0,0,2,360
ab:2f:54:70:19:97,0,2,152,0,0,2,152,0,0
cb:25:b5:54:23:2d,0,1,76,0,0,1,76,0,0
b4:00:1e:01:f8:89,0,1,76,0,0,0,0,1,76
dc:54:a6:70:bf:5b,0,1,76,0,0,1,76,0,0
5e:22:4d:8b:bc:6a,0,33,5190,0,0,33,5190,0,0
fe:4c:20:d0:4c:60,0,2,146,0,0,2,146,0,0
b5:54:04:00:f0:72,0,1,88,0,0,1,88,0,0
17:96:58:54:e2:ee,0,4,292,0,0,4,292,0,0
b8:5d:22:e6:a4:8d,0,2,152,0,0,2,152,0,0
b8:5d:22:e6:ed:88,0,4,298,0,0,4,298,0,0
40:44:fd:6b:8b:41,0,44,6792,0,0,44,6792,0,0
6b:85:99:15:7d:69,0,1,76,0,0,1,76,0,0
44:d5:cc:fd:f6:6d,0,5,815,0,0,5,815,0,0
24:5e:48:a3:27:5a,0,4,1446,0,0,4,1446,0,0
30:24:32:aa:dc:46,0,75,24075,0,0,75,24075,0,0
04:bd:bf:2e:d4:c2,0,1,164,0,0,1,164,0,0
3a:7f:d3:13:e2:33,0,26,9900,0,0,26,9900,0,0
18:ab:1d:dc:e2:31,0,42,6584,0,0,42,6584,0,0
e0:cc:f8:4d:ae:e6,0,40,13504,0,0,40,13504,0,0
40:5b:d8:aa:2f:b1,0,8,2331,0,0,8,2331,0,0
d0:88:0c:7d:da:ef,0,4,1219,0,0,4,1219,0,0
33:33:ff:7e:86:7a,0,1,180,0,0,0,0,1,180
42:e0:b9:99:cf:e6,0,2,352,0,0,2,352,0,0
d8:f3:bc:d8:f3:d3,0,28,5887,0,0,28,5887,0,0
c8:94:02:82:ba:b6,0,31,6373,0,0,31,6373,0,0
33:33:ff:cc:6e:a3,0,1,180,0,0,0,0,1,180
33:33:ff:4b:c8:f9,0,1,172,0,0,0,0,1,172
2e:19:19:af:19:c7,0,15,3358,0,0,15,3358,0,0
33:33:ff:c0:5f:de,0,1,180,0,0,0,0,1,180
5b:9e:60:a2:b5:52,0,1,70,0,0,1,70,0,0
18:d5:e5:c3:8c:c9,0,4,292,0,0,4,292,0,0
b5:54:04:00:b0:73,0,1,88,0,0,1,88,0,0
8e:43:7b:d5:19:65,0,2,146,0,0,2,146,0,0
17:96:58:54:77:33,0,2,146,0,0,2,146,0,0
d2:71:18:d5:03:f2,0,1,76,0,0,0,0,1,76
d2:71:18:d5:f3:9d,0,1,70,0,0,1,70,0,0
16:a6:18:d5:03:f2,0,1,70,0,0,0,0,1,70
4c:c7:bf:e4:80:8c,0,3,216,0,0,3,216,0,0
39:9a:9c:9d:b5:54,0,2,146,0,0,0,0,2,146
70:16:f1:77:b5:54,0,1,70,0,0,1,70,0,0
d2:71:18:d5:f3:e3,0,1,70,0,0,1,70,0,0
0a:02:18:d5:36:b1,0,1,70,0,0,0,0,1,70
b5:54:04:00:10:74,0,1,88,0,0,1,88,0,0
13:77:18:9f:b5:54,0,2,146,0,0,0,0,2,146
42:97:a5:a8:18:d5,0,1,70,0,0,1,70,0,0
b5:54:04:00:30:74,0,1,88,0,0,1,88,0,0
b5:54:04:00:50:74,0,4,298,0,0,4,298,0,0
6b:85:99:15:54:1d,0,1,76,0,0,1,76,0,0
db:f4:b5:54:b8:5d,0,1,70,0,0,0,0,1,70
d4:87:b5:54:b8:5d,0,1,70,0,0,0,0,1,70
6b:85:99:15:c7:36,0,2,146,0,0,2,146,0,0
6b:85:99:15:b4:33,0,1,76,0,0,1,76,0,0
25:3c:a1:c7:e2:8d,0,1,76,0,0,1,76,0,0
74:2d:53:c9:b5:54,0,1,70,0,0,1,70,0,0
b8:5d:22:e6:c9:df,0,2,152,0,0,2,152,0,0
b8:5d:22:e6:6d:2c,0,2,152,0,0,2,152,0,0
b8:5d:22:e6:54:2d,0,1,76,0,0,1,76,0,0
b8:5d:22:e6:e2:8d,0,2,152,0,0,2,152,0,0
e6:61:e1:15:cf:ab,0,1,76,0,0,1,76,0,0
d7:3c:95:31:01:e1,0,1,76,0,0,1,76,0,0
ce:bc:2d:7b:57:a7,0,1,76,0,0,1,76,0,0
ce:bc:2d:7b:ba:20,0,2,152,0,0,2,152,0,0
ce:bc:2d:7b:5b:56,0,1,76,0,0,1,76,0,0
ce:bc:2d:7b:71:e3,0,1,76,0,0,1,76,0,0
cb:25:b5:54:ce:bc,0,2,152,0,0,0,0,2,152
d4:87:b5:54:ce:bc,0,2,140,0,0,0,0,2,140
a9:6a:ed:1f:ca:80,0,1,70,0,0,1,70,0,0
3f:5a:ea:68:ca:80,0,1,70,0,0,1,70,0,0
6b:85:99:15:66:27,0,1,76,0,0,1,76,0,0
ce:bc:2d:7b:78:ca,0,1,76,0,0,1,76,0,0
4c:c7:bf:e4:9a:41,0,2,152,0,0,2,152,0,0
6b:85:99:15:c4:d9,0,2,146,0,0,2,146,0,0
6b:85:99:15:22:07,0,2,146,0,0,2,146,0,0
ce:bc:2d:7b:e2:33,0,1,76,0,0,1,76,0,0
4c:c7:bf:e4:3c:da,0,3,216,0,0,3,216,0,0
6b:85:99:15:e0:9f,0,2,146,0,0,2,146,0,0
ce:bc:2d:7b:9f:5a,0,1,76,0,0,1,76,0,0
6a:0a:7d:88:e3:81,0,63,10272,0,0,63,10272,0,0
ce:bc:2d:7b:ec:1e,0,1,76,0,0,1,76,0,0
5d:9b:c0:26:ce:54,0,3,222,0,0,3,222,0,0
6b:85:99:15:f7:bd,0,2,146,0,0,2,146,0,0
33:33:ff:27:11:b4,0,1,180,0,0,0,0,1,180
20:25:78:e8:39:da,0,2,146,0,0,2,146,0,0
b5:54:04:00:90:74,0,1,88,0,0,1,88,0,0
ce:bc:2d:7b:b9:07,0,2,146,0,0,2,146,0,0
c0:fa:43:07:19:97,0,2,146,0,0,2,146,0,0
b5:54:e1:97:33:ae,0,1,70,0,0,0,0,1,70
18:d5:c1:a5:68:d0,0,1,70,0,0,0,0,1,70
b5:54:04:00:d0:74,0,1,88,0,0,1,88,0,0
b5:54:04:00:10:75,0,1,88,0,0,1,88,0,0
70:a0:bd:0a:00:28,0,2,146,0,0,2,146,0,0
bf:e1:67:9c:a9:c8,0,2,146,0,0,2,146,0,0
b5:54:04:00:50:75,0,1,88,0,0,1,88,0,0
18:d5:19:2f:5e:45,0,2,146,0,0,2,146,0,0
b5:54:04:00:70:75,0,1,88,0,0,1,88,0,0
17:96:58:54:b8:8a,0,2,146,0,0,2,146,0,0
95:cc:d7:cc:ea:59,0,4,292,0,0,4,292,0,0
7f:b4:c2:94:6d:2c,0,2,146,0,0,2,146,0,0
7f:b4:c2:94:bf:64,0,2,146,0,0,2,146,0,0
f9:f0:65:aa:16:ce,0,2,146,0,0,2,146,0,0
28:72:2a:61:00:28,0,2,146,0,0,2,146,0,0
b5:54:04:00:a0:75,0,1,88,0,0,1,88,0,0
95:cc:d7:cc:ee:85,0,2,146,0,0,2,146,0,0
8e:43:7b:d5:19:97,0,2,146,0,0,2,146,0,0
33:33:ff:8f:e4:41,0,4,720,0,0,0,0,4,720
d2:71:18:d5:5e:93,0,1,76,0,0,1,76,0,0
fb:fa:18:d5:5e:93,0,1,70,0,0,1,70,0,0
b5:54:04:00:30:76,0,1,88,0,0,1,88,0,0
b5:54:04:00:50:76,0,1,88,0,0,1,88,0,0
17:96:58:54:ad:95,0,2,146,0,0,2,146,0,0
18:d5:69:a6:1e:d4,0,1,70,0,0,0,0,1,70
b5:54:04:00:80:76,0,1,88,0,0,1,88,0,0
17:96:58:54:dc:46,0,2,146,0,0,2,146,0,0
ea:05:17:96:c1:4e,0,24,3807,0,0,24,3807,0,0
4a:6d:35:bf:13:52,0,75,14123,0,0,75,14123,0,0
33:33:ff:dd:9a:11,0,3,540,0,0,0,0,3,540
cb:5c:11:f4:db:31,0,1,76,0,0,0,0,1,76
5c:66:6c:a5:a3:af,0,7,1230,0,0,7,1230,0,0
33:33:ff:e4:ca:ba,0,1,180,0,0,0,0,1,180
94:53:30:7a:48:28,0,9,2558,0,0,9,2558,0,0
f4:02:28:1f:97:17,0,1,164,0,0,1,164,0,0
1c:36:87:6a:e2:ee,0,2,152,0,0,2,152,0,0
2e:36:f6:ff:b8:7a,0,2,146,0,0,2,146,0,0
cb:25:b5:54:77:89,0,2,152,0,0,0,0,2,152
03:05:b5:54:77:89,0,1,70,0,0,0,0,1,70
77:89:2c:49:64:f2,0,1,76,0,0,1,76,0,0
ff:ff:ff:ff:82:0a,0,1,84,0,0,1,84,0,0
04:00:70:4f:ff:ff,0,1,88,0,0,1,88,0,0
d7:9a:61:77:99:73,0,1,166,0,0,1,166,0,0
52:8d:a2:eb:b6:9d,0,1,166,0,0,0,0,1,166
20:87:02:8a:99:73,0,1,88,0,0,1,88,0,0
46:14:6c:3f:13:52,0,3,222,0,0,3,222,0,0
b5:54:c0:0c:d0:0c,0,2,140,0,0,0,0,2,140
04:00:50:0f:03:00,0,1,88,0,0,1,88,0,0
81:0a:31:7b:b5:53,0,1,70,0,0,1,70,0,0
72:85:48:fb:50:00,0,1,76,0,0,1,76,0,0
72:85:48:fb:ea:73,0,2,152,0,0,2,152,0,0
ff:ff:ff:ff:6b:82,0,1,84,0,0,1,84,0,0
2a:28:de:59:a8:8d,0,1,76,0,0,1,76,0,0
5c:61:99:82:9c:cd,0,4,768,0,0,4,768,0,0
10:ec:81:cb:43:32,0,19,4203,0,0,19,4203,0,0
33:33:ff:d7:d5:c7,0,1,180,0,0,0,0,1,180
28:8f:f6:78:b0:3f,0,39,13163,0,0,39,13163,0,0
ff:ff:ff:ff:23:04,0,1,84,0,0,1,84,0,0
33:33:ff:b9:26:a6,0,1,180,0,0,0,0,1,180
b9:2e:2e:03:85:11,0,1,76,0,0,1,76,0,0
3e:97:b2:c1:85:23,0,101,15478,0,0,101,15478,0,0
d8:dc:40:5d:d0:d0,0,7,1270,0,0,7,1270,0,0
33:33:ff:15:d8:7b,0,1,172,0,0,0,0,1,172
5d:9b:c0:26:4c:a5,0,1,76,0,0,1,76,0,0
5d:9b:c0:26:b9:07,0,9,666,0,0,9,666,0,0
ba:87:29:6d:b5:50,0,2,146,0,0,0,0,2,146
04:00:40:00:3f:00,0,1,88,0,0,0,0,1,88
42:0a:44:99:b9:9b,0,2,146,0,0,2,146,0,0
d5:12:9c:65:88:7e,0,5,356,0,0,5,356,0,0
46:14:6c:3f:13:93,0,2,146,0,0,2,146,0,0
46:14:6c:3f:82:c0,0,4,304,0,0,4,304,0,0
17:96:58:54:00:28,0,2,146,0,0,2,146,0,0
5c:fb:3a:cc:e7:c5,0,42,9249,0,0,42,9249,0,0
46:14:6c:3f:c4:d9,0,2,146,0,0,2,146,0,0
4c:56:9d:7f:54:c1,0,1,307,0,0,1,307,0,0
33:33:ff:7d:6c:d0,0,3,540,0,0,0,0,3,540
46:14:6c:3f:ee:38,0,4,292,0,0,4,292,0,0
46:14:6c:3f:fa:33,0,2,146,0,0,2,146,0,0
33:33:ff:ee:f8:03,0,1,180,0,0,0,0,1,180
e0:d4:e8:c5:be:c6,0,14,3029,0,0,14,3029,0,0
74:a4:88:88:ec:6d,0,3,222,0,0,3,222,0,0
8e:8c:44:3d:4c:ee,0,1,70,0,0,0,0,1,70
74:a4:88:88:7d:38,0,2,146,0,0,2,146,0,0
33:33:ff:12:28:25,0,3,540,0,0,0,0,3,540
42:ba:d1:bb:fa:8d,0,2,146,0,0,2,146,0,0
04:00:d0:0c:ff:ff,0,1,88,0,0,1,88,0,0
ce:9d:30:7c:72:4f,0,3,216,0,0,3,216,0,0
46:14:6c:3f:57:a7,0,2,146,0,0,2,146,0,0
88:96:b7:c1:0a:e6,0,1,76,0,0,1,76,0,0
33:33:ff:a0:7d:21,0,1,180,0,0,0,0,1,180
0c:ec:8d:46:6d:3d,0,1,164,0,0,1,164,0,0
33:33:ff:2e:1b:b5,0,1,172,0,0,0,0,1,172
d8:c3:db:f4:d8:7f,0,1,70,0,0,1,70,0,0
aa:18:0c:07:ac:82,0,2,140,0,0,2,140,0,0
92:fa:0c:07:ac:82,0,1,70,0,0,1,70,0,0
99:ef:11:b7:69:f2,0,2,146,0,0,2,146,0,0
46:14:6c:3f:00:28,0,1,76,0,0,1,76,0,0
62:ee:63:31:ae:fe,0,1,154,0,0,1,154,0,0
4c:c7:bf:e4:81:70,0,3,216,0,0,3,216,0,0
46:14:6c:3f:67:00,0,1,76,0,0,1,76,0,0
90:78:b2:d7:c1:ec,0,89,26390,0,0,89,26390,0,0
46:a4:f9:1d:c2:32,0,2,146,0,0,2,146,0,0
e8:fb:e9:b8:b4:c8,0,4,1114,0,0,4,1114,0,0
4c:c7:bf:e4:bc:6a,0,1,76,0,0,1,76,0,0
46:14:6c:3f:4a:87,0,1,76,0,0,1,76,0,0
56:b7:37:a4:8b:46,0,1,176,0,0,1,176,0,0
4c:c7:bf:e4:f4:a8,0,1,76,0,0,1,76,0,0
4c:c7:bf:e4:57:89,0,3,216,0,0,3,216,0,0
46:14:6c:3f:35:1e,0,2,146,0,0,2,146,0,0
5d:9b:c0:26:d9:f1,0,1,76,0,0,1,76,0,0
5d:9b:c0:26:b5:54,0,1,76,0,0,0,0,1,76
5d:9b:c0:26:63:7b,0,2,152,0,0,2,152,0,0
5d:9b:c0:26:fe:6e,0,2,152,0,0,2,152,0,0
5d:9b:c0:26:3c:57,0,2,152,0,0,2,152,0,0
5d:9b:c0:26:06:d8,0,1,76,0,0,1,76,0,0
5d:9b:c0:26:91:44,0,1,76,0,0,1,76,0,0
5d:9b:c0:26:00:3c,0,3,222,0,0,3,222,0,0
4c:c7:bf:e4:d3:c2,0,3,216,0,0,3,216,0,0
5d:9b:c0:26:d3:c2,0,4,298,0,0,4,298,0,0
46:14:6c:3f:ac:b3,0,1,76,0,0,1,76,0,0
42:ba:d1:bb:ee:85,0,2,146,0,0,2,146,0,0
04:00:30:0d:ff:ff,0,1,88,0,0,1,88,0,0
4c:c7:bf:e4:38:99,0,3,216,0,0,3,216,0,0
46:14:6c:3f:1c:a1,0,2,146,0,0,2,146,0,0
4c:c7:bf:e4:f7:7e,0,3,222,0,0,3,222,0,0
4c:c7:bf:e4:bf:47,0,3,216,0,0,3,216,0,0
1c:36:87:6a:60:35,0,2,146,0,0,2,146,0,0
94:bf:db:29:61:ed,0,2,146,0,0,2,146,0,0
6f:9b:b1:b3:a8:8d,0,1,76,0,0,1,76,0,0
e8:78:65:86:37:1f,0,14,2913,0,0,14,2913,0,0
5c:ed:f4:3b:21:0d,0,1,164,0,0,1,164,0,0
5d:9b:c0:26:ad:4d,0,2,146,0,0,2,146,0,0
45:81:85:f1:d2:41,0,2,152,0,0,2,152,0,0
45:81:85:f1:9b:46,0,1,76,0,0,1,76,0,0
17:96:58:54:d7:62,0,4,292,0,0,4,292,0,0
46:14:6c:3f:b5:54,0,11,818,0,0,0,0,11,818
04:c8:07:19:bb:06,0,39,6106,0,0,39,6106,0,0
4c:c7:bf:e4:b6:3b,0,2,146,0,0,2,146,0,0
e1:c6:bd:09:b5:53,0,1,70,0,0,1,70,0,0
5d:9b:c0:26:94:e3,0,2,146,0,0,2,146,0,0
20:34:fb:77:aa:cf,0,42,11590,0,0,42,11590,0,0
33:33:ff:ac:e5:3a,0,1,180,0,0,0,0,1,180
60:83:73:0b:37:93,0,4,820,0,0,4,820,0,0
f8:1a:2b:e7:64:54,0,38,6220,0,0,38,6220,0,0
4c:c7:bf:e4:65:0f,0,3,216,0,0,3,216,0,0
33:33:ff:fd:ee:82,0,1,180,0,0,0,0,1,180
4c:c7:bf:e4:b6:f0,0,3,216,0,0,3,216,0,0
4c:c7:bf:e4:98:cd,0,2,146,0,0,2,146,0,0
04:00:b0:52:ff:ff,0,1,88,0,0,1,88,0,0
b9:2e:2e:03:ee:38,0,2,146,0,0,2,146,0,0
d0:49:7c:02:21:5d,0,7,2740,0,0,7,2740,0,0
4c:c7:bf:e4:c1:ab,0,1,76,0,0,1,76,0,0
5d:9b:c0:26:57:89,0,2,146,0,0,2,146,0,0
ff:ff:ff:ff:4a:6e,0,1,84,0,0,1,84,0,0
d5:12:9c:65:60:35,0,3,216,0,0,3,216,0,0
46:14:6c:3f:8f:2f,0,2,152,0,0,2,152,0,0
46:14:6c:3f:3e:10,0,2,152,0,0,2,152,0,0
46:14:6c:3f:bf:67,0,2,146,0,0,2,146,0,0
22:48:de:e2:af:1f,0,3,474,0,0,3,474,0,0
d5:12:9c:65:00:3c,0,3,216,0,0,3,216,0,0
22:ef:ba:96:ca:81,0,1,70,0,0,1,70,0,0
a6:e3:e8:21:b9:07,0,2,146,0,0,2,146,0,0
04:00:00:3b:ff:ff,0,7,616,0,0,7,616,0,0
d5:12:9c:65:7b:9e,0,3,216,0,0,3,216,0,0
8d:f4:10:ad:d2:54,0,2,146,0,0,2,146,0,0
07:9a:37:4f:07:75,0,1,70,0,0,1,70,0,0
b2:40:a5:74:b7:cd,0,1,166,0,0,1,166,0,0
cf:5a:bb:dc:49:f6,0,1,166,0,0,0,0,1,166
10:ec:81:1f:6b:d4,0,42,6540,0,0,42,6540,0,0
46:14:6c:3f:28:37,0,1,76,0,0,1,76,0,0
46:14:6c:3f:4a:fa,0,1,76,0,0,1,76,0,0
46:14:6c:3f:ec:1e,0,3,222,0,0,3,222,0,0
46:14:6c:3f:68:93,0,2,146,0,0,2,146,0,0
26:d5:71:1f:cc:fb,0,2,318,0,0,2,318,0,0
33:33:ff:0b:2b:b4,0,6,1080,0,0,0,0,6,1080
d5:12:9c:65:e6:fa,0,3,216,0,0,3,216,0,0
46:14:6c:3f:f4:a8,0,8,602,0,0,8,602,0,0
b5:54:ce:b7:de:0f,0,2,140,0,0,0,0,2,140
ff:ff:ff:ff:02:e8,0,1,84,0,0,1,84,0,0
93:a8:f7:4a:fc:bb,0,2,146,0,0,2,146,0,0
04:00:40:53:ff:ff,0,1,88,0,0,1,88,0,0
e8:d8:e7:04:23:7a,0,3,216,0,0,3,216,0,0
95:cc:d7:cc:d7:94,0,2,146,0,0,2,146,0,0
b3:a8:1d:b3:10:9d,0,7,502,0,0,7,502,0,0
a3:d2:8e:ff:b5:54,0,4,304,0,0,0,0,4,304
f8:83:69:4f:b0:b8,0,3,222,0,0,3,222,0,0
a3:d2:8e:ff:b0:b8,0,3,222,0,0,3,222,0,0
a3:d2:8e:ff:79:7a,0,2,152,0,0,2,152,0,0
a3:d2:8e:ff:cb:0b,0,1,76,0,0,1,76,0,0
a3:d2:8e:ff:d6:30,0,1,76,0,0,1,76,0,0
a3:d2:8e:ff:e4:d6,0,1,76,0,0,1,76,0,0
a3:d2:8e:ff:0a:d1,0,2,152,0,0,2,152,0,0
a3:d2:8e:ff:cf:ab,0,2,152,0,0,2,152,0,0
a3:d2:8e:ff:09:72,0,3,222,0,0,3,222,0,0
04:00:70:53:ff:ff,0,1,88,0,0,1,88,0,0
ce:9d:30:7c:fc:bb,0,4,292,0,0,4,292,0,0
5d:9b:c0:26:4f:8d,0,2,146,0,0,2,146,0,0
6d:d8:3e:27:ca:82,0,1,70,0,0,1,70,0,0
a4:83:e7:a0:8d:6b,0,3,2542,0,0,3,2542,0,0
a1:dd:9a:ac:8c:f7,0,2,146,0,0,2,146,0,0
8e:43:7b:d5:7b:19,0,2,146,0,0,2,146,0,0
b5:54:04:00:60:77,0,1,88,0,0,1,88,0,0
d2:71:18:d5:2e:63,0,1,76,0,0,0,0,1,76
d2:71:18:d5:99:02,0,1,70,0,0,1,70,0,0
0c:8e:18:d5:2e:63,0,1,70,0,0,0,0,1,70
07:b9:2b:73:cb:0b,0,2,152,0,0,2,152,0,0
07:b9:2b:73:ac:b3,0,2,152,0,0,2,152,0,0
07:b9:2b:73:45:86,0,1,76,0,0,1,76,0,0
07:b9:2b:73:cb:41,0,2,152,0,0,2,152,0,0
07:b9:2b:73:14:a1,0,1,76,0,0,1,76,0,0
33:33:ff:21:a5:a4,0,2,360,0,0,0,0,2,360
46:14:6c:3f:53:20,0,6,444,0,0,6,444,0,0
ae:e3:04:90:53:20,0,2,146,0,0,2,146,0,0
ff:ff:ff:ff:8e:5b,0,1,84,0,0,1,84,0,0
ce:9d:30:7c:e7:99,0,3,216,0,0,3,216,0,0
fc:02:96:55:22:22,0,16,5000,0,0,16,5000,0,0
33:33:ff:c1:eb:85,0,3,540,0,0,0,0,3,540
ce:9d:30:7c:fc:7e,0,2,146,0,0,2,146,0,0
46:14:6c:3f:66:27,0,4,292,0,0,4,292,0,0
33:33:ff:14:a8:7d,0,1,180,0,0,0,0,1,180
fa:a0:db:c7:d0:91,0,10,1874,0,0,10,1874,0,0
58:ce:2a:67:b1:f5,0,13,3920,0,0,13,3920,0,0
28:c2:1f:43:a1:3a,0,1,164,0,0,1,164,0,0
31:a1:35:90:c8:1b,0,1,70,0,0,1,70,0,0
33:33:ff:c7:d0:91,0,1,172,0,0,0,0,1,172
b5:54:04:00:b0:77,0,1,88,0,0,1,88,0,0
cf:ee:3c:99:79:7a,0,2,146,0,0,2,146,0,0
17:96:58:54:e4:d6,0,1,76,0,0,1,76,0,0
b5:54:04:00:e0:77,0,1,88,0,0,1,88,0,0
3c:e9:f9:e6:cf:b7,0,2,146,0,0,2,146,0,0
b5:54:04:00:00:78,0,1,88,0,0,1,88,0,0
17:96:58:54:39:98,0,2,146,0,0,2,146,0,0
b5:54:4a:50:c8:51,0,1,70,0,0,0,0,1,70
46:14:6c:3f:7d:6e,0,4,298,0,0,4,298,0,0
2c:a7:ef:8a:3c:73,0,22,3636,0,0,22,3636,0,0
b8:5d:22:e6:a8:8d,0,2,146,0,0,2,146,0,0
4c:19:ca:8e:82:69,0,2,146,0,0,2,146,0,0
b5:54:04:00:40:78,0,1,88,0,0,1,88,0,0
17:96:58:54:6b:d4,0,3,228,0,0,3,228,0,0
e2:7f:c9:b3:fd:9d,0,2,152,0,0,2,152,0,0
e2:7f:c9:b3:91:4e,0,2,152,0,0,2,152,0,0
e2:7f:c9:b3:df:4b,0,2,152,0,0,2,152,0,0
e2:7f:c9:b3:3e:41,0,1,76,0,0,1,76,0,0
4c:79:75:42:8d:af,0,48,17367,0,0,48,17367,0,0
e2:7f:c9:b3:d2:41,0,2,152,0,0,2,152,0,0
e2:7f:c9:b3:14:5e,0,2,152,0,0,2,152,0,0
e2:7f:c9:b3:c9:df,0,2,152,0,0,2,152,0,0
e2:7f:c9:b3:7f:d8,0,2,152,0,0,2,152,0,0
ce:9d:30:7c:d6:34,0,3,216,0,0,3,216,0,0
cb:25:b5:54:46:15,0,1,70,0,0,1,70,0,0
ce:43:45:16:19:97,0,2,146,0,0,2,146,0,0
b5:54:04:00:70:78,0,1,88,0,0,1,88,0,0
04:00:70:4b:ff:ff,0,1,88,0,0,1,88,0,0
46:14:6c:3f:21:79,0,7,520,0,0,7,520,0,0
68:f6:b9:b5:bf:5b,0,1,76,0,0,1,76,0,0
1a:4e:dd:52:18:d5,0,1,70,0,0,1,70,0,0
cb:25:b5:54:46:be,0,1,76,0,0,0,0,1,76
cb:25:b5:54:54:8c,0,1,70,0,0,1,70,0,0
d6:7d:b5:54:46:be,0,1,70,0,0,0,0,1,70
17:96:58:54:6d:25,0,2,146,0,0,2,146,0,0
cb:25:b5:54:e6:61,0,1,76,0,0,0,0,1,76
d0:7f:b8:26:d6:34,0,2,146,0,0,2,146,0,0
c4:a0:52:74:22:7a,0,15,2494,0,0,15,2494,0,0
b5:54:04:00:f0:78,0,1,88,0,0,1,88,0,0
17:96:58:54:82:78,0,2,146,0,0,2,146,0,0
33:33:ff:1c:a3:32,0,5,900,0,0,0,0,5,900
a6:bf:aa:bc:8d:af,0,2,146,0,0,2,146,0,0
46:14:6c:3f:82:69,0,3,222,0,0,3,222,0,0
ce:9d:30:7c:5d:5d,0,4,286,0,0,4,286,0,0
46:14:6c:3f:93:ed,0,6,456,0,0,6,456,0,0
46:14:6c:3f:de:ba,0,2,146,0,0,2,146,0,0
14:94:6c:0d:35:f6,0,6,1244,0,0,6,1244,0,0
ce:9d:30:7c:7f:dc,0,3,216,0,0,3,216,0,0
a2:a1:82:1a:1a:67,0,2,146,0,0,2,146,0,0
04:00:90:54:ff:ff,0,2,176,0,0,2,176,0,0
fc:d9:08:a8:87:0b,0,45,13953,0,0,45,13953,0,0
5c:17:cf:5a:af:77,0,28,4496,0,0,28,4496,0,0
8e:43:7b:d5:30:66,0,2,146,0,0,2,146,0,0
e7:12:ed:f0:57:89,0,2,146,0,0,2,146,0,0
d2:c7:07:75:1b:7e,0,1,76,0,0,1,76,0,0
b4:00:a2:02:c4:0a,0,1,76,0,0,0,0,1,76
03:05:07:75:1b:7e,0,1,70,0,0,1,70,0,0
c4:00:68:01:f8:89,0,1,70,0,0,0,0,1,70
78:34:cd:61:07:75,0,1,70,0,0,1,70,0,0
5a:18:d9:63:00:3c,0,2,146,0,0,2,146,0,0
e4:ec:e8:c9:80:3e,0,13,2794,0,0,13,2794,0,0
33:33:ff:72:fe:7a,0,1,180,0,0,0,0,1,180
1b:7e:56:d8:cb:fa,0,3,216,0,0,3,216,0,0
d1:0c:b4:c3:cb:fa,0,2,146,0,0,2,146,0,0
ee:5c:0f:c8:ee:38,0,1,76,0,0,1,76,0,0
31:a7:72:40:ee:38,0,1,76,0,0,1,76,0,0
86:70:ff:ab:e0:90,0,5,1344,0,0,5,1344,0,0
5d:9b:c0:26:82:78,0,1,76,0,0,1,76,0,0
05:00:40:e7:ff:ff,0,1,88,0,0,1,88,0,0
ce:9d:30:7c:d8:7a,0,3,216,0,0,3,216,0,0
5d:9b:c0:26:80:3e,0,1,76,0,0,1,76,0,0
8c:7a:aa:e7:dd:b8,0,51,29006,0,0,51,29006,0,0
33:33:ff:64:e7:fa,0,2,360,0,0,0,0,2,360
fc:9d:41:e9:da:a9,0,2,146,0,0,2,146,0,0
b5:54:04:00:a0:55,0,1,88,0,0,1,88,0,0
2d:ab:c7:1c:35:38,0,2,146,0,0,2,146,0,0
b5:54:fc:f1:bc:dd,0,2,140,0,0,0,0,2,140
a2:a1:82:1a:00:3c,0,3,216,0,0,3,216,0,0
33:33:ff:43:f8:c1,0,3,540,0,0,0,0,3,540
58:b9:65:e2:ca:e8,0,2,368,0,0,2,368,0,0
33:33:ff:70:ae:af,0,6,1080,0,0,0,0,6,1080
46:14:6c:3f:e4:d6,0,2,146,0,0,2,146,0,0
46:14:6c:3f:e2:8d,0,2,152,0,0,2,152,0,0
46:14:6c:3f:43:32,0,2,152,0,0,2,152,0,0
60:8f:ce:2d:3a:8f,0,2,146,0,0,2,146,0,0
33:33:ff:ff:71:0e,0,4,720,0,0,0,0,4,720
ce:9d:30:7c:26:df,0,1,76,0,0,1,76,0,0
7c:a1:ae:65:d5:28,0,16,3586,0,0,16,3586,0,0
10:ec:81:83:ae:52,0,5,686,0,0,5,686,0,0
33:33:ff:98:3a:4a,0,2,360,0,0,0,0,2,360
2c:be:eb:34:48:81,0,1,164,0,0,1,164,0,0
f8:83:69:4f:96:ee,0,3,216,0,0,3,216,0,0
d4:87:07:75:ce:9d,0,1,70,0,0,0,0,1,70
33:33:ff:ca:a0:c5,0,2,360,0,0,0,0,2,360
ce:9d:30:7c:ee:38,0,2,146,0,0,2,146,0,0
b5:54:04:00:30:56,0,1,88,0,0,1,88,0,0
fd:0c:ec:c6:18:d5,0,1,70,0,0,1,70,0,0
b5:54:04:00:80:79,0,1,88,0,0,1,88,0,0
17:96:58:54:9f:c5,0,2,146,0,0,2,146,0,0
33:33:ff:d2:1a:03,0,1,180,0,0,0,0,1,180
5c:80:b6:92:2b:83,0,163,55116,0,0,83,29336,80,25780
74:f2:fa:32:95:df,0,9,1302,0,0,9,1302,0,0
23:78:7d:59:c9:df,0,2,146,0,0,2,146,0,0
17:96:58:54:06:c6,0,2,152,0,0,2,152,0,0
95:cc:d7:cc:9d:62,0,2,152,0,0,2,152,0,0
95:cc:d7:cc:e4:ab,0,2,152,0,0,2,152,0,0
95:cc:d7:cc:ef:58,0,1,76,0,0,1,76,0,0
95:cc:d7:cc:9b:33,0,1,76,0,0,1,76,0,0
95:cc:d7:cc:87:0b,0,2,152,0,0,2,152,0,0
95:cc:d7:cc:2c:3e,0,2,152,0,0,2,152,0,0
95:cc:d7:cc:96:ee,0,2,152,0,0,2,152,0,0
a1:dd:9a:ac:fc:4e,0,2,152,0,0,2,152,0,0
cc:b3:39:28:eb:b1,0,1,76,0,0,1,76,0,0
78:f7:ef:83:eb:b1,0,1,76,0,0,1,76,0,0
70:a0:bd:0a:eb:b1,0,1,76,0,0,1,76,0,0
23:87:15:34:eb:b1,0,4,304,0,0,4,304,0,0
23:87:15:34:44:d9,0,7,526,0,0,7,526,0,0
23:87:15:34:d8:32,0,2,146,0,0,2,146,0,0
a1:dd:9a:ac:19:97,0,2,146,0,0,2,146,0,0
42:ba:d1:bb:7d:42,0,2,146,0,0,2,146,0,0
ca:ae:71:90:8e:c3,0,7,2070,0,0,7,2070,0,0
33:33:ff:90:8e:c3,0,1,180,0,0,0,0,1,180
fc:9d:41:e9:9c:cd,0,2,146,0,0,2,146,0,0
04:00:90:56:ff:ff,0,1,88,0,0,1,88,0,0
33:33:ff:98:88:f8,0,1,180,0,0,0,0,1,180
28:cd:c4:1d:c8:2f,0,7,1522,0,0,7,1522,0,0
46:14:6c:3f:be:06,0,1,76,0,0,1,76,0,0
b3:81:b5:54:46:14,0,5,350,0,0,1,70,4,280
6d:d8:3e:27:ca:85,0,1,70,0,0,1,70,0,0
33:33:ff:ae:04:22,0,8,1440,0,0,0,0,8,1440
bd:6c:44:38:f9:e7,0,2,146,0,0,2,146,0,0
d6:38:de:2a:cd:61,0,2,340,0,0,2,340,0,0
f6:f3:a4:20:18:d5,0,1,70,0,0,1,70,0,0
b5:54:04:00:c0:56,0,1,88,0,0,1,88,0,0
30:af:ce:75:2f:cd,0,9,1386,0,0,9,1386,0,0
33:33:ff:8a:dd:06,0,1,180,0,0,0,0,1,180
33:33:ff:93:be:18,0,1,172,0,0,0,0,1,172
46:14:6c:3f:39:da,0,2,152,0,0,2,152,0,0
46:14:6c:3f:4f:8d,0,5,374,0,0,5,374,0,0
04:00:80:ea:00:00,0,1,88,0,0,1,88,0,0
70:bb:e9:78:66:cc,0,3,462,0,0,3,462,0,0
3c:13:5a:98:83:1d,0,12,2798,0,0,12,2798,0,0
33:33:ff:01:c8:88,0,1,180,0,0,0,0,1,180
78:49:db:21:20:ed,0,1,166,0,0,1,166,0,0
df:c8:f6:5a:57:75,0,1,166,0,0,0,0,1,166
b5:54:04:00:00:57,0,2,158,0,0,2,158,0,0
ac:1f:6b:de:42:18,0,1,154,0,0,1,154,0,0
33:33:ff:a2:53:c7,0,1,180,0,0,0,0,1,180
04:00:00:54:ff:ff,0,1,88,0,0,1,88,0,0
f1:23:9a:34:00:3c,0,1,76,0,0,1,76,0,0
05:00:60:e8:ff:ff,0,1,88,0,0,0,0,1,88
d1:c8:e6:fd:b5:53,0,3,210,0,0,3,210,0,0
46:14:6c:3f:dc:46,0,2,146,0,0,2,146,0,0
33:33:ff:c0:d1:32,0,2,360,0,0,0,0,2,360
b6:92:2b:83:52:c2,0,2,140,0,0,2,140,0,0
30:24:cb:25:b5:55,0,2,140,0,0,0,0,2,140
33:33:ff:38:e9:ef,0,1,180,0,0,0,0,1,180
33:33:ff:85:eb:34,0,8,1440,0,0,0,0,8,1440
b5:54:04:00:40:57,0,1,88,0,0,1,88,0,0
ca:bf:bc:03:64:ad,0,20,4128,0,0,20,4128,0,0
33:33:ff:03:64:ad,0,1,180,0,0,0,0,1,180
b6:92:2b:83:d1:c8,0,1,70,0,0,1,70,0,0
e6:fd:cb:25:b5:55,0,1,70,0,0,0,0,1,70
1e:57:eb:de:00:3c,0,1,76,0,0,1,76,0,0
a0:78:17:84:20:2b,0,3,716,0,0,3,716,0,0
b0:60:cc:3b:19:ef,0,2,146,0,0,2,146,0,0
b5:54:0d:45:3c:f2,0,1,70,0,0,0,0,1,70
33:33:ff:54:ca:3b,0,1,180,0,0,0,0,1,180
1e:57:eb:de:68:93,0,1,76,0,0,1,76,0,0
5c:5f:67:09:d7:bf,0,13,2589,0,0,13,2589,0,0
33:33:ff:93:de:f5,0,1,172,0,0,0,0,1,172
04:00:c0:0f:ff:ff,0,1,88,0,0,1,88,0,0
04:00:a0:ea:00:00,0,1,88,0,0,1,88,0,0
04:00:d0:0f:ff:ff,0,1,88,0,0,1,88,0,0
33:33:ff:ac:d8:4c,0,2,360,0,0,0,0,2,360
b5:54:04:00:c0:57,0,1,88,0,0,1,88,0,0
b5:54:04:00:e0:57,0,3,228,0,0,3,228,0,0
f7:a3:9c:c7:07:75,0,1,166,0,0,1,166,0,0
f8:89:d2:c7:a7:3f,0,1,166,0,0,1,166,0,0
68:8d:68:04:ac:28,0,1,166,0,0,0,0,1,166
b5:54:04:00:30:58,0,2,158,0,0,2,158,0,0
fc:9d:41:e9:df:4b,0,2,146,0,0,2,146,0,0
a8:b8:25:c2:fe:28,0,1,166,0,0,1,166,0,0
23:ad:91:26:af:08,0,1,166,0,0,0,0,1,166
b5:54:04:00:60:58,0,3,246,0,0,3,246,0,0
ce:9d:30:7c:9b:cc,0,2,146,0,0,2,146,0,0
ce:9d:30:7c:7b:9e,0,2,146,0,0,2,146,0,0
cb:25:b5:54:10:23,0,5,350,0,0,5,350,0,0
07:b9:2b:73:ba:c8,0,1,76,0,0,1,76,0,0
46:14:6c:3f:ee:3d,0,8,602,0,0,8,602,0,0
6d:25:04:00:e0:ea,0,1,88,0,0,1,88,0,0
46:14:6c:3f:96:ee,0,3,228,0,0,3,228,0,0
ce:9d:30:7c:25:71,0,2,146,0,0,2,146,0,0
70:a8:d3:bd:6b:8c,0,52,12896,0,0,52,12896,0,0
33:33:ff:9a:be:a9,0,4,720,0,0,0,0,4,720
a6:bf:aa:bc:3b:ed,0,3,216,0,0,3,216,0,0
b5:54:04:00:c0:58,0,1,88,0,0,1,88,0,0
d8:89:9e:0c:39:b8,0,2,146,0,0,2,146,0,0
b5:54:04:00:d0:59,0,2,158,0,0,2,158,0,0
b5:54:04:00:00:5a,0,1,88,0,0,1,88,0,0
b5:54:04:00:20:5a,0,3,228,0,0,3,228,0,0
b5:54:04:00:60:5a,0,1,88,0,0,1,88,0,0
b5:54:04:00:a0:5a,0,1,88,0,0,1,88,0,0
b5:54:04:00:d0:5a,0,1,88,0,0,1,88,0,0
b5:54:04:00:10:5b,0,3,246,0,0,3,246,0,0
69:89:d2:c7:07:f5,0,1,166,0,0,1,166,0,0
8a:39:0c:07:ac:28,0,1,166,0,0,0,0,1,166
b5:54:04:00:40:5b,0,1,88,0,0,1,88,0,0
d1:c8:e6:fd:b5:52,0,1,70,0,0,1,70,0,0
1c:36:87:6a:54:2b,0,2,146,0,0,2,146,0,0
2b:7a:cf:bb:b6:3b,0,7,526,0,0,7,526,0,0
46:14:6c:3f:19:bf,0,1,76,0,0,1,76,0,0
b5:54:04:00:70:5b,0,1,88,0,0,1,88,0,0
46:14:6c:3f:fc:4e,0,2,146,0,0,2,146,0,0
c4:2a:d0:7c:7b:1b,0,22,6756,0,0,22,6756,0,0
46:14:6c:3f:d3:ee,0,2,146,0,0,2,146,0,0
33:33:ff:30:ca:14,0,1,172,0,0,0,0,1,172
04:00:00:eb:00:00,0,1,88,0,0,1,88,0,0
b9:2e:2e:03:8d:55,0,2,146,0,0,2,146,0,0
33:33:ff:46:21:bd,0,3,540,0,0,0,0,3,540
04:00:50:5c:ff:ff,0,3,246,0,0,3,246,0,0
04:00:e0:5c:ff:ff,0,1,88,0,0,1,88,0,0
a1:45:f1:8b:68:91,0,1,166,0,0,1,166,0,0
77:8d:0c:07:ac:28,0,1,166,0,0,0,0,1,166
f8:89:d2:cf:ba:bc,0,1,166,0,0,1,166,0,0
14:42:53:fa:b5:54,0,1,166,0,0,0,0,1,166
b5:54:04:00:30:5d,0,2,158,0,0,2,158,0,0
15:8a:37:0a:6b:8c,0,1,70,0,0,1,70,0,0
8b:a0:69:a5:b5:54,0,1,70,0,0,1,70,0,0
02:46:e0:a7:b5:54,0,1,70,0,0,1,70,0,0
17:96:58:54:d8:7a,0,1,76,0,0,1,76,0,0
d6:aa:74:32:96:ee,0,1,76,0,0,1,76,0,0
76:4e:e9:92:c1:ab,0,2,146,0,0,2,146,0,0
17:96:58:54:c1:ab,0,2,146,0,0,2,146,0,0
18:d5:d8:f8:45:1d,0,1,70,0,0,0,0,1,70
18:d5:09:ed:40:86,0,2,140,0,0,0,0,2,140
08:fd:0c:07:ac:28,0,1,70,0,0,0,0,1,70
1c:36:87:6a:ee:38,0,2,146,0,0,2,146,0,0
46:14:6c:3f:89:56,0,2,146,0,0,2,146,0,0
d0:37:45:7f:c6:3c,0,1,346,0,0,1,346,0,0
46:14:6c:3f:2d:e0,0,5,380,0,0,5,380,0,0
88:80:35:04:19:97,0,1,160,0,0,1,160,0,0
cb:25:b5:54:1c:36,0,1,76,0,0,0,0,1,76
cb:25:b5:54:ef:2c,0,1,70,0,0,1,70,0,0
3d:ad:b5:54:1c:36,0,1,70,0,0,0,0,1,70
00:11:74:46:8b:af,0,2,308,0,0,2,308,0,0
85:84:83:40:6b:8c,0,1,70,0,0,1,70,0,0
84:7b:57:ca:8a:7d,0,1,154,0,0,1,154,0,0
95:cc:d7:cc:94:3d,0,2,146,0,0,2,146,0,0
b5:54:30:a8:c2:56,0,1,70,0,0,0,0,1,70
51:60:d0:bb:18:d5,0,1,70,0,0,1,70,0,0
17:96:58:54:fc:51,0,2,146,0,0,2,146,0,0
2c:3b:70:9d:ee:25,0,1,178,0,0,1,178,0,0
c8:89:f3:aa:bb:04,0,3,893,0,0,3,893,0,0
33:33:ff:72:61:be,0,1,172,0,0,0,0,1,172
46:79:47:0a:96:ee,0,2,146,0,0,2,146,0,0
04:00:30:5f:ff:ff,0,1,88,0,0,1,88,0,0
04:00:80:5f:ff:ff,0,1,88,0,0,1,88,0,0
04:00:10:60:ff:ff,0,2,158,0,0,2,158,0,0
5e:8e:ce:80:18:d5,0,1,70,0,0,1,70,0,0
c8:36:19:7c:41:8f,0,1,166,0,0,1,166,0,0
19:7c:41:8f:01:00,0,1,166,0,0,0,0,1,166
b5:54:04:00:f0:60,0,1,88,0,0,1,88,0,0
04:00:f0:60:ff:ff,0,1,88,0,0,0,0,1,88
9d:39:ae:30:18:d5,0,1,70,0,0,1,70,0,0
33:33:ff:97:6e:f7,0,1,180,0,0,0,0,1,180
e8:78:65:b1:ef:8f,0,8,2144,0,0,8,2144,0,0
f4:f5:24:b0:b0:be,0,6,1374,0,0,6,1374,0,0
49:ee:02:e2:81:70,0,1,76,0,0,1,76,0,0
33:33:ff:70:06:b6,0,1,180,0,0,0,0,1,180
04:00:20:7b:ff:ff,0,1,88,0,0,1,88,0,0
d1:9d:2d:b5:dc:15,0,1,70,0,0,1,70,0,0
57:bb:cb:25:b5:55,0,1,70,0,0,0,0,1,70
6b:e8:b2:20:b5:55,0,2,146,0,0,0,0,2,146
b5:55:1d:6c:c6:36,0,1,70,0,0,0,0,1,70
b5:55:bf:bb:f4:48,0,1,70,0,0,0,0,1,70
04:00:50:0f:07:00,0,1,88,0,0,1,88,0,0
04:00:50:0f:1f:00,0,1,88,0,0,1,88,0,0
7c:78:7e:f0:4a:1a,0,15,3940,0,0,15,3940,0,0
04:00:a0:10:ff:ff,0,1,88,0,0,1,88,0,0
04:00:50:0f:3f:00,0,1,88,0,0,1,88,0,0
46:79:47:0a:b9:07,0,1,76,0,0,1,76,0,0
fb:f7:91:b0:5a:56,0,1,311,0,0,1,311,0,0
00:00:0c:07:0c:5e,0,1,311,0,0,0,0,1,311
b5:55:04:00:50:0f,0,2,176,0,0,2,176,0,0
46:79:47:0a:66:7f,0,2,146,0,0,2,146,0,0
5d:f6:eb:13:6b:39,0,2,146,0,0,2,146,0,0
04:00:e0:19:00:00,0,1,88,0,0,1,88,0,0
33:33:ff:e4:12:b2,0,5,900,0,0,0,0,5,900
5e:93:25:fc:a5:6e,0,3,216,0,0,3,216,0,0
8e:43:7b:d5:a5:6e,0,2,146,0,0,2,146,0,0
17:96:58:54:9b:33,0,1,76,0,0,1,76,0,0
5d:f6:eb:13:81:70,0,2,146,0,0,2,146,0,0
cb:25:b5:55:2a:45,0,1,76,0,0,0,0,1,76
cb:25:b5:55:04:1b,0,1,70,0,0,1,70,0,0
1f:98:b5:55:2a:45,0,1,70,0,0,0,0,1,70
6b:e8:b2:20:26:df,0,2,146,0,0,2,146,0,0
b5:55:2f:2a:a4:e4,0,1,70,0,0,0,0,1,70
a8:c2:c4:e3:4c:60,0,2,146,0,0,2,146,0,0
1c:86:12:48:4c:60,0,2,146,0,0,2,146,0,0
69:db:0d:3a:7f:3f,0,1,395,0,0,1,395,0,0
e6:77:4d:c2:a8:cf,0,1,395,0,0,0,0,1,395
ca:85:04:00:d0:10,0,1,88,0,0,1,88,0,0
1a:49:c3:78:39:b8,0,1,76,0,0,1,76,0,0
04:00:50:61:ff:ff,0,2,158,0,0,2,158,0,0
04:00:c0:61:ff:ff,0,1,88,0,0,1,88,0,0
04:00:f0:62:ff:ff,0,1,88,0,0,1,88,0,0
18:d5:07:7c:ba:e6,0,1,70,0,0,0,0,1,70
b5:54:04:00:40:7b,0,1,88,0,0,1,88,0,0
17:96:58:54:15:c2,0,2,146,0,0,2,146,0,0
ca:6c:71:32:35:8b,0,1,177,0,0,1,177,0,0
88:41:30:00:c4:0a,0,1,177,0,0,0,0,1,177
5e:93:25:fc:ee:38,0,2,146,0,0,2,146,0,0
04:00:50:0f:ff:01,0,2,158,0,0,2,158,0,0
33:33:ff:b9:e9:73,0,2,360,0,0,0,0,2,360
f4:b3:01:d0:d6:26,0,11,2399,0,0,11,2399,0,0
04:00:50:0f:ff:03,0,1,88,0,0,1,88,0,0
df:ac:64:8b:81:70,0,2,146,0,0,2,146,0,0
4c:cf:56:11:ff:28,0,1,166,0,0,1,166,0,0
23:cc:ad:2d:4a:5c,0,1,166,0,0,0,0,1,166
19:7c:d1:c7:07:75,0,1,166,0,0,1,166,0,0
b5:54:04:00:60:63,0,2,158,0,0,2,158,0,0
21:93:b3:b9:04:b5,0,1,166,0,0,1,166,0,0
ef:30:b3:6c:c8:a6,0,1,166,0,0,0,0,1,166
b5:54:04:00:a0:63,0,3,228,0,0,3,228,0,0
b5:54:04:00:e0:63,0,2,158,0,0,2,158,0,0
b5:54:04:00:00:64,0,1,88,0,0,1,88,0,0
30:ab:6a:63:62:c4,0,3,512,0,0,3,512,0,0
5e:93:25:fc:69:f2,0,2,146,0,0,2,146,0,0
2a:45:f5:6c:b5:55,0,2,146,0,0,0,0,2,146
95:0b:74:ff:17:16,0,2,146,0,0,2,146,0,0
04:00:50:0f:ff:07,0,1,88,0,0,1,88,0,0
04:00:50:0f:ff:0f,0,1,88,0,0,1,88,0,0
df:ac:64:8b:2f:68,0,2,146,0,0,2,146,0,0
df:ac:64:8b:14:a1,0,2,146,0,0,2,146,0,0
33:33:ff:6a:1d:51,0,1,172,0,0,0,0,1,172
92:2d:d2:84:e2:77,0,1,164,0,0,1,164,0,0
c8:58:c0:b1:9a:8b,0,3,933,0,0,3,933,0,0
6d:d8:3e:27:b5:51,0,2,140,0,0,2,140,0,0
04:00:60:eb:00:00,0,1,88,0,0,1,88,0,0
ce:9d:30:7c:78:05,0,1,76,0,0,1,76,0,0
46:14:6c:3f:a2:9b,0,1,76,0,0,1,76,0,0
5d:9b:c0:26:5c:63,0,2,146,0,0,2,146,0,0
c4:91:0c:b8:2c:fa,0,5,745,0,0,5,745,0,0
46:14:6c:3f:16:ce,0,1,76,0,0,1,76,0,0
98:c8:b8:4a:a6:8f,0,26,4494,0,0,26,4494,0,0
3e:b3:0d:de:3d:27,0,2,152,0,0,2,152,0,0
46:14:6c:3f:3d:27,0,2,146,0,0,2,146,0,0
46:14:6c:3f:3a:8c,0,3,222,0,0,3,222,0,0
3e:b3:0d:de:bf:5b,0,1,76,0,0,1,76,0,0
f4:30:8b:a7:1b:e4,0,38,5944,0,0,38,5944,0,0
33:33:ff:cc:0c:05,0,4,720,0,0,0,0,4,720
46:14:6c:3f:82:78,0,1,76,0,0,1,76,0,0
04:00:70:65:ff:ff,0,1,88,0,0,1,88,0,0
b5:54:04:00:a0:65,0,4,298,0,0,4,298,0,0
bc:e7:cf:df:ca:83,0,1,70,0,0,1,70,0,0
33:33:ff:0c:9a:c6,0,1,180,0,0,0,0,1,180
33:33:ff:bc:d7:80,0,14,2520,0,0,0,0,14,2520
46:a4:f9:1d:8c:f7,0,2,146,0,0,2,146,0,0
33:33:ff:cd:2b:f6,0,1,180,0,0,0,0,1,180
f7:49:63:bb:f2:f7,0,2,146,0,0,2,146,0,0
01:fd:f7:ed:fe:6e,0,2,146,0,0,2,146,0,0
04:00:30:66:ff:ff,0,1,88,0,0,1,88,0,0
38:15:0d:d5:fd:74,0,1,709,0,0,1,709,0,0
00:00:0f:04:ac:28,0,1,709,0,0,0,0,1,709
b5:54:04:00:50:66,0,2,158,0,0,2,158,0,0
d2:c7:07:75:8b:a0,0,1,70,0,0,1,70,0,0
69:a5:cb:25:b5:55,0,1,70,0,0,0,0,1,70
dc:da:b5:54:04:00,0,1,70,0,0,0,0,1,70
b5:54:04:00:10:67,0,1,88,0,0,1,88,0,0
37:0a:0c:07:ac:28,0,1,70,0,0,0,0,1,70
f8:89:d2:c7:07:b5,0,1,166,0,0,1,166,0,0
bc:bb:0a:07:ac:28,0,1,166,0,0,0,0,1,166
cf:df:0c:07:ac:28,0,1,70,0,0,0,0,1,70
b6:aa:c9:89:9f:66,0,1,166,0,0,1,166,0,0
b5:54:04:00:00:68,0,1,88,0,0,1,88,0,0
b5:54:04:00:a0:68,0,1,88,0,0,1,88,0,0
cb:25:b5:54:ee:5c,0,1,76,0,0,0,0,1,76
cb:25:b5:54:5e:26,0,1,70,0,0,1,70,0,0
8e:a3:b5:54:ee:5c,0,1,70,0,0,0,0,1,70
b5:54:5e:26:8e:a3,0,1,70,0,0,0,0,1,70
40:ec:99:69:ab:cc,0,16,4676,0,0,16,4676,0,0
ee:5c:0f:c8:2c:09,0,2,146,0,0,2,146,0,0
b5:54:c3:3c:66:92,0,1,70,0,0,0,0,1,70
b5:54:04:00:c0:68,0,1,88,0,0,1,88,0,0
46:14:6c:3f:df:19,0,2,146,0,0,2,146,0,0
ff:ff:ff:ff:91:3a,0,5,370,0,0,5,370,0,0
b2:aa:45:50:22:9e,0,1,76,0,0,1,76,0,0
a3:78:06:f9:a6:18,0,1,76,0,0,1,76,0,0
b5:54:ca:a6:88:d2,0,1,70,0,0,0,0,1,70
b5:54:26:8d:49:0a,0,1,70,0,0,0,0,1,70
68:b3:4d:29:b5:54,0,1,76,0,0,0,0,1,76
56:91:97:1e:1e:63,0,2,152,0,0,2,152,0,0
b4:00:a3:00:f8:89,0,1,76,0,0,0,0,1,76
ab:2f:54:70:ab:cc,0,1,76,0,0,1,76,0,0
17:96:58:54:ab:cc,0,2,146,0,0,2,146,0,0
18:d5:d8:d2:b1:7e,0,1,70,0,0,0,0,1,70
17:96:58:54:b8:7a,0,2,146,0,0,2,146,0,0
17:96:58:54:d6:26,0,2,146,0,0,2,146,0,0
ef:2c:3d:ad:b5:54,0,1,70,0,0,1,70,0,0
b5:54:09:2a:76:8b,0,2,140,0,0,0,0,2,140
1c:36:87:6a:19:97,0,2,146,0,0,2,146,0,0
c6:41:f7:f4:64:ad,0,2,146,0,0,2,146,0,0
cc:08:fa:60:6b:20,0,13,5670,0,0,13,5670,0,0
33:33:ff:76:9c:db,0,3,540,0,0,0,0,3,540
46:14:6c:3f:69:96,0,2,146,0,0,2,146,0,0
a0:78:17:c0:68:3b,0,6,1248,0,0,6,1248,0,0
b6:5c:fd:8b:18:d5,0,1,70,0,0,1,70,0,0
b5:54:04:00:60:7c,0,1,88,0,0,1,88,0,0
04:00:40:69:ff:ff,0,1,88,0,0,1,88,0,0
5a:9f:98:5d:ca:83,0,1,70,0,0,1,70,0,0
0b:8d:c7:e0:9c:54,0,1,166,0,0,1,166,0,0
88:41:55:00:44:f3,0,1,166,0,0,0,0,1,166
b5:54:04:00:00:6a,0,1,88,0,0,1,88,0,0
f8:81:e7:0d:db:a8,0,1,166,0,0,1,166,0,0
bf:84:35:d6:f1:0c,0,1,166,0,0,0,0,1,166
b5:54:04:00:40:6a,0,2,158,0,0,2,158,0,0
b5:54:04:00:70:6a,0,2,158,0,0,2,158,0,0
04:00:90:6a:ff:ff,0,1,88,0,0,1,88,0,0
75:13:ec:23:bc:0a,0,2,146,0,0,2,146,0,0
a8:18:5f:fb:e1:81,0,1,193,0,0,1,193,0,0
b5:54:04:00:90:7c,0,1,88,0,0,1,88,0,0
17:96:58:54:a3:51,0,2,152,0,0,2,152,0,0
95:cc:d7:cc:a3:51,0,3,222,0,0,3,222,0,0
9a:c1:2a:85:1e:93,0,1,164,0,0,1,164,0,0
5d:9b:c0:26:9c:cb,0,2,146,0,0,2,146,0,0
d0:3f:aa:25:94:10,0,28,10601,0,0,28,10601,0,0
8e:43:7b:d5:b4:75,0,2,146,0,0,2,146,0,0
e2:80:a1:de:fa:d4,0,2,146,0,0,2,146,0,0
b5:54:04:00:c0:7c,0,1,88,0,0,1,88,0,0
17:96:58:54:4d:c6,0,2,146,0,0,2,146,0,0
33:33:ff:fe:ce:0d,0,1,180,0,0,0,0,1,180
30:bb:7d:ba:d3:89,0,32,4960,0,0,32,4960,0,0
04:00:00:d7:02:00,0,1,88,0,0,1,88,0,0
04:00:50:0f:ff:7f,0,1,88,0,0,1,88,0,0
33:33:ff:64:0f:28,0,1,180,0,0,0,0,1,180
04:00:30:d7:01:00,0,1,88,0,0,1,88,0,0
04:00:50:d0:ff:ff,0,1,88,0,0,1,88,0,0
04:00:50:d7:01:00,0,1,88,0,0,1,88,0,0
0c:ec:8d:43:e8:5a,0,50,7648,0,0,50,7648,0,0
b6:ce:68:54:36:6a,0,1,164,0,0,1,164,0,0
04:00:80:d7:01:00,0,1,88,0,0,1,88,0,0
04:00:00:6b:ff:ff,0,1,88,0,0,1,88,0,0
66:3d:ce:59:5f:37,0,1,154,0,0,1,154,0,0
78:4f:43:98:b1:36,0,26,7267,0,0,26,7267,0,0
1c:36:87:6a:b5:54,0,1,76,0,0,0,0,1,76
6f:9b:b1:b3:0a:39,0,1,76,0,0,1,76,0,0
06:ae:23:56:39:d4,0,1,173,0,0,1,173,0,0
71:ec:d4:87:39:d4,0,1,70,0,0,1,70,0,0
04:00:80:d7:03:00,0,1,88,0,0,1,88,0,0
2c:06:b8:cc:91:4e,0,2,152,0,0,2,152,0,0
37:23:9a:8c:b5:54,0,1,76,0,0,0,0,1,76
04:00:10:7d:ff:ff,0,1,88,0,0,0,0,1,88
2c:06:b8:cc:6f:13,0,2,152,0,0,2,152,0,0
fe:fd:3c:e9:f9:a2,0,2,152,0,0,2,152,0,0
fe:fd:3c:e9:c2:7a,0,1,76,0,0,1,76,0,0
ba:1c:42:e1:36:8b,0,2,152,0,0,2,152,0,0
ba:1c:42:e1:ec:1e,0,1,76,0,0,1,76,0,0
ba:1c:42:e1:9c:92,0,1,76,0,0,1,76,0,0
a3:9c:fa:ab:9c:92,0,1,76,0,0,1,76,0,0
0a:f7:a0:d5:e4:d6,0,3,216,0,0,3,216,0,0
9e:c6:80:f4:e4:d6,0,2,146,0,0,2,146,0,0
73:00:0c:07:ac:28,0,1,173,0,0,0,0,1,173
b5:54:04:00:50:7d,0,1,88,0,0,1,88,0,0
a3:9c:fa:ab:fc:9b,0,1,76,0,0,1,76,0,0
49:aa:9b:a7:fc:9b,0,2,146,0,0,2,146,0,0
04:b1:ce:a9:25:ff,0,2,146,0,0,2,146,0,0
95:cc:d7:cc:bf:64,0,2,146,0,0,2,146,0,0
17:96:58:54:78:7a,0,1,76,0,0,1,76,0,0
a3:9c:fa:ab:8f:2f,0,1,76,0,0,1,76,0,0
82:44:75:ae:7d:38,0,1,76,0,0,1,76,0,0
82:44:75:ae:1f:66,0,1,76,0,0,1,76,0,0
82:44:75:ae:82:69,0,2,152,0,0,2,152,0,0
82:44:75:ae:6d:25,0,2,152,0,0,2,152,0,0
33:33:ff:1a:69:51,0,5,900,0,0,0,0,5,900
82:44:75:ae:8c:f7,0,2,152,0,0,2,152,0,0
82:44:75:ae:c4:aa,0,1,76,0,0,1,76,0,0
82:44:75:ae:0b:8c,0,4,304,0,0,4,304,0,0
82:44:75:ae:ec:37,0,1,76,0,0,1,76,0,0
04:00:b0:d7:01:00,0,1,88,0,0,1,88,0,0
82:44:75:ae:60:35,0,3,228,0,0,3,228,0,0
88:e9:fe:6c:5f:77,0,2,600,0,0,2,600,0,0
fc:9d:41:e9:00:3c,0,1,76,0,0,1,76,0,0
fe:fd:3c:e9:a6:18,0,1,76,0,0,1,76,0,0
2d:d0:a3:f0:1c:57,0,4,304,0,0,4,304,0,0
dc:4f:ea:00:a3:9c,0,1,76,0,0,0,0,1,76
dc:4f:ea:00:82:44,0,4,304,0,0,1,76,3,228
82:44:75:ae:35:1e,0,1,76,0,0,1,76,0,0
79:bd:a8:ba:b5:53,0,1,70,0,0,1,70,0,0
18:cc:90:fe:ca:80,0,2,140,0,0,2,140,0,0
04:00:00:29:07:00,0,4,316,0,0,4,316,0,0
82:44:75:ae:1e:a8,0,2,152,0,0,2,152,0,0
82:44:75:ae:c0:60,0,4,304,0,0,4,304,0,0
ba:1c:42:e1:67:88,0,1,76,0,0,1,76,0,0
a3:9c:fa:ab:23:7a,0,2,152,0,0,2,152,0,0
a3:9c:fa:ab:ed:77,0,1,76,0,0,1,76,0,0
82:44:75:ae:7e:01,0,2,152,0,0,2,152,0,0
b4:00:37:01:30:86,0,1,76,0,0,0,0,1,76
82:44:75:ae:13:47,0,1,76,0,0,1,76,0,0
82:44:75:ae:b4:0f,0,1,76,0,0,1,76,0,0
82:44:75:ae:19:ef,0,3,228,0,0,3,228,0,0
82:44:75:ae:5b:42,0,1,76,0,0,1,76,0,0
82:44:75:ae:b5:6b,0,1,76,0,0,1,76,0,0
f8:4d:89:76:5d:84,0,14,13292,0,0,14,13292,0,0
82:44:75:ae:74:33,0,3,228,0,0,3,228,0,0
82:44:75:ae:bc:0a,0,2,152,0,0,2,152,0,0
82:44:75:ae:19:2a,0,1,76,0,0,1,76,0,0
82:44:75:ae:e3:21,0,1,76,0,0,1,76,0,0
17:96:58:54:e3:21,0,2,146,0,0,2,146,0,0
1e:6c:73:52:35:76,0,2,146,0,0,2,146,0,0
04:00:60:1c:5f:61,0,5,390,0,0,5,390,0,0
04:00:e0:d7:03:00,0,1,88,0,0,1,88,0,0
04:00:e0:d7:07:00,0,1,88,0,0,1,88,0,0
5d:9b:c0:26:7b:19,0,2,146,0,0,2,146,0,0
fe:fd:3c:e9:8c:55,0,1,76,0,0,1,76,0,0
fe:fd:3c:e9:fe:6e,0,2,152,0,0,2,152,0,0
5d:9b:c0:26:13:5b,0,1,76,0,0,1,76,0,0
ba:1c:42:e1:13:5b,0,1,76,0,0,1,76,0,0
ba:1c:42:e1:b9:07,0,1,76,0,0,1,76,0,0
ba:1c:42:e1:d7:11,0,1,76,0,0,1,76,0,0
a3:9c:fa:ab:d7:11,0,2,152,0,0,2,152,0,0
a3:9c:fa:ab:7d:38,0,1,76,0,0,1,76,0,0
a3:9c:fa:ab:00:3c,0,2,152,0,0,2,152,0,0
a3:9c:fa:ab:d9:61,0,1,76,0,0,1,76,0,0
82:44:75:ae:c1:ab,0,1,76,0,0,1,76,0,0
82:44:75:ae:39:b8,0,1,76,0,0,1,76,0,0
82:44:75:ae:aa:6f,0,1,76,0,0,1,76,0,0
82:44:75:ae:d3:c2,0,1,76,0,0,1,76,0,0
82:44:75:ae:e9:89,0,1,76,0,0,1,76,0,0
82:44:75:ae:de:ba,0,4,304,0,0,4,304,0,0
82:44:75:ae:7b:19,0,1,76,0,0,1,76,0,0
8e:43:7b:d5:00:c9,0,2,146,0,0,2,146,0,0
f9:f0:65:aa:1b:21,0,2,146,0,0,2,146,0,0
bb:ff:4f:3a:fe:0e,0,3,222,0,0,3,222,0,0
bb:ff:4f:3a:28:ea,0,2,146,0,0,2,146,0,0
18:d5:bb:ff:4f:3a,0,2,146,0,0,2,146,0,0
b5:54:04:00:f0:7d,0,1,88,0,0,1,88,0,0
17:96:58:54:d6:34,0,2,146,0,0,2,146,0,0
17:96:58:54:de:ba,0,2,146,0,0,2,146,0,0
82:44:75:ae:b5:54,0,1,76,0,0,0,0,1,76
82:44:75:ae:71:e3,0,1,76,0,0,1,76,0,0
27:78:14:c7:b9:07,0,4,286,0,0,4,286,0,0
46:14:6c:3f:1f:66,0,1,76,0,0,1,76,0,0
46:14:6c:3f:5c:d2,0,3,216,0,0,3,216,0,0
46:14:6c:3f:7b:9e,0,2,146,0,0,2,146,0,0
c4:0a:cb:25:ce:60,0,1,164,0,0,1,164,0,0
fe:fd:3c:e9:4e:b8,0,1,76,0,0,1,76,0,0
fe:fd:3c:e9:5e:47,0,1,76,0,0,1,76,0,0
ba:1c:42:e1:7a:06,0,1,76,0,0,1,76,0,0
ba:1c:42:e1:a3:51,0,2,152,0,0,2,152,0,0
ba:1c:42:e1:26:df,0,1,76,0,0,1,76,0,0
3c:a6:f6:54:42:32,0,3,1097,0,0,3,1097,0,0
27:78:14:c7:4f:8d,0,3,216,0,0,3,216,0,0
b3:81:cb:25:b5:55,0,1,70,0,0,0,0,1,70
3c:f7:b8:de:1b:21,0,3,216,0,0,3,216,0,0
46:14:6c:3f:51:cb,0,1,76,0,0,1,76,0,0
46:14:6c:3f:3c:da,0,2,146,0,0,2,146,0,0
ea:42:27:6e:9b:98,0,1,76,0,0,1,76,0,0
ea:42:27:6e:00:3c,0,1,76,0,0,1,76,0,0
ea:42:27:6e:f9:a2,0,2,152,0,0,2,152,0,0
ff:ff:ff:ff:f9:59,0,1,84,0,0,1,84,0,0
bc:09:63:1e:27:40,0,7,1466,0,0,7,1466,0,0
33:33:ff:9a:17:cd,0,4,720,0,0,0,0,4,720
3c:f7:b8:de:91:4e,0,3,216,0,0,3,216,0,0
05:00:90:ec:ff:ff,0,1,84,0,0,1,84,0,0
2c:e6:76:d9:b5:55,0,2,146,0,0,0,0,2,146
c2:e8:39:cd:b5:55,0,1,70,0,0,1,70,0,0
04:00:80:ec:03:00,0,1,88,0,0,1,88,0,0
33:33:ff:b9:29:b0,0,2,360,0,0,0,0,2,360
46:14:6c:3f:7a:f1,0,2,146,0,0,2,146,0,0
0a:7d:d4:cb:63:7b,0,2,146,0,0,2,146,0,0
18:3e:ef:d0:12:76,0,23,14894,0,0,23,14894,0,0
bd:6c:44:38:a8:8d,0,2,146,0,0,2,146,0,0
d5:4e:de:f8:8d:f9,0,2,146,0,0,2,146,0,0
c4:f9:24:87:a6:cb,0,1,220,0,0,1,220,0,0
b2:8e:c1:9f:6d:25,0,1,220,0,0,0,0,1,220
ca:85:04:00:00:13,0,1,88,0,0,1,88,0,0
8b:72:1d:0b:b8:ac,0,2,146,0,0,2,146,0,0
cb:25:b5:55:67:8c,0,1,76,0,0,1,76,0,0
b4:00:ec:00:d4:8a,0,1,76,0,0,0,0,1,76
a7:f3:b5:55:67:8c,0,1,70,0,0,1,70,0,0
c4:00:c6:00:c4:0a,0,1,70,0,0,0,0,1,70
8b:72:1d:0b:e2:31,0,1,76,0,0,1,76,0,0
8b:72:1d:0b:a2:9b,0,2,146,0,0,2,146,0,0
8d:f4:10:ad:7d:e9,0,2,146,0,0,2,146,0,0
f4:02:28:0c:ca:98,0,18,3707,0,0,18,3707,0,0
33:33:ff:8c:06:b0,0,1,180,0,0,0,0,1,180
39:57:2e:d2:38:b5,0,1,76,0,0,0,0,1,76
39:57:2e:d2:b3:91,0,1,70,0,0,1,70,0,0
40:e9:2e:d2:38:b5,0,1,70,0,0,0,0,1,70
bb:ea:49:9e:27:40,0,2,146,0,0,2,146,0,0
bb:ea:49:9e:80:93,0,2,146,0,0,2,146,0,0
cf:a7:ff:e6:ca:80,0,1,70,0,0,1,70,0,0
b5:55:04:00:80:ec,0,13,1126,0,0,13,1126,0,0
0a:7d:d4:cb:a5:6e,0,2,146,0,0,2,146,0,0
04:00:80:ec:3f:00,0,1,88,0,0,1,88,0,0
d1:0c:b4:c3:3f:00,0,2,146,0,0,2,146,0,0
04:00:d0:6c:ff:ff,0,1,88,0,0,1,88,0,0
5c:ed:d7:18:17:05,0,1,166,0,0,1,166,0,0
01:50:3d:b8:c7:18,0,1,166,0,0,0,0,1,166
0a:7d:d4:cb:ca:98,0,2,146,0,0,2,146,0,0
5c:ed:24:67:21:96,0,1,166,0,0,1,166,0,0
a8:c3:9f:75:ce:fc,0,1,711,0,0,1,711,0,0
03:90:2f:33:ba:cf,0,1,711,0,0,0,0,1,711
88:27:5b:53:40:b8,0,2,146,0,0,2,146,0,0
04:00:80:ec:ff:7f,0,1,88,0,0,1,88,0,0
62:5f:4e:0b:ff:7f,0,2,146,0,0,2,146,0,0
b5:55:73:e2:8a:c3,0,2,140,0,0,0,0,2,140
04:00:80:ec:ff:ff,0,14,1232,0,0,14,1232,0,0
00:27:4c:24:ac:3c,0,1,683,0,0,0,0,1,683
62:5f:4e:0b:2c:09,0,2,146,0,0,2,146,0,0
b5:55:21:91:aa:e7,0,2,140,0,0,0,0,2,140
5c:ed:f4:80:c4:71,0,1,166,0,0,1,166,0,0
54:a1:d9:2d:66:27,0,1,76,0,0,1,76,0,0
a5:b6:ae:79:e4:d6,0,2,146,0,0,2,146,0,0
88:27:5b:53:ff:ff,0,4,292,0,0,4,292,0,0
0a:7d:d4:cb:9f:c5,0,2,146,0,0,2,146,0,0
71:ec:d4:87:00:00,0,1,70,0,0,1,70,0,0
0a:7d:d4:cb:ff:ff,0,8,590,0,0,8,590,0,0
b5:55:f4:bf:0d:c2,0,2,140,0,0,0,0,2,140
62:5f:4e:0b:ff:ff,0,2,146,0,0,2,146,0,0
ff:ff:ff:ff:3f:00,0,2,176,0,0,2,176,0,0
0a:7d:d4:cb:cb:cc,0,2,146,0,0,2,146,0,0
ff:94:45:2c:79:8f,0,1,76,0,0,1,76,0,0
be:39:02:60:69:96,0,2,146,0,0,2,146,0,0
70:31:7f:60:2c:f8,0,9,1772,0,0,9,1772,0,0
0a:7d:d4:cb:73:51,0,2,146,0,0,2,146,0,0
80:0a:0c:07:ac:3c,0,1,166,0,0,0,0,1,166
62:5f:4e:0b:36:d7,0,2,146,0,0,2,146,0,0
cc:59:57:e1:ff:ff,0,2,146,0,0,0,0,2,146
b5:55:e7:36:64:75,0,1,70,0,0,0,0,1,70
bd:6c:44:38:00:3c,0,4,292,0,0,4,292,0,0
5c:ed:f4:75:c7:a5,0,1,190,0,0,1,190,0,0
8f:04:0c:07:ac:3c,0,1,190,0,0,0,0,1,190
a6:e3:e8:21:a3:51,0,2,146,0,0,2,146,0,0
93:a8:f7:4a:ff:ff,0,4,292,0,0,4,292,0,0
62:5f:4e:0b:e8:5a,0,2,146,0,0,2,146,0,0
b5:55:32:4c:2b:97,0,2,140,0,0,0,0,2,140
e7:62:8c:b2:b5:55,0,1,70,0,0,1,70,0,0
0a:7d:d4:cb:4f:8d,0,2,146,0,0,2,146,0,0
b5:55:04:00:90:ec,0,1,88,0,0,1,88,0,0
76:0b:29:80:c4:71,0,1,184,0,0,1,184,0,0
88:49:2c:00:c4:0a,0,1,184,0,0,0,0,1,184
b5:55:04:00:a0:ec,0,1,88,0,0,1,88,0,0
88:27:5b:53:45:62,0,2,146,0,0,2,146,0,0
cc:08:fa:61:22:46,0,19,7106,0,0,19,7106,0,0
0a:7d:d4:cb:00:3c,0,2,146,0,0,2,146,0,0
62:5f:4e:0b:28:ea,0,2,146,0,0,2,146,0,0
62:5f:4e:0b:2c:f8,0,2,146,0,0,2,146,0,0
b5:55:a2:dd:7b:3b,0,1,70,0,0,0,0,1,70
52:9a:28:c3:08:8b,0,15,3540,0,0,15,3540,0,0
33:33:ff:b9:3e:82,0,1,180,0,0,0,0,1,180
33:33:ff:e8:2b:0a,0,2,360,0,0,0,0,2,360
04:00:60:ed:ff:ff,0,1,88,0,0,1,88,0,0
0a:7d:d4:cb:78:7a,0,2,146,0,0,2,146,0,0
0a:7d:d4:cb:b8:7a,0,2,146,0,0,2,146,0,0
0a:7d:d4:cb:97:31,0,2,146,0,0,2,146,0,0
04:00:a0:ed:ff:ff,0,1,88,0,0,1,88,0,0
a5:b6:ae:79:07:e3,0,2,146,0,0,2,146,0,0
04:00:b0:ed:ff:ff,0,1,88,0,0,1,88,0,0
04:00:c0:ed:ff:ff,0,1,88,0,0,1,88,0,0
be:39:02:60:ff:ff,0,2,146,0,0,2,146,0,0
0a:7d:d4:cb:5e:47,0,2,146,0,0,2,146,0,0
0a:7d:d4:cb:63:6b,0,4,298,0,0,4,298,0,0
04:00:00:ee:ff:ff,0,1,88,0,0,1,88,0,0
79:48:d2:1d:b5:55,0,1,70,0,0,1,70,0,0
61:c2:7f:e8:00:3c,0,2,146,0,0,2,146,0,0
b5:55:67:1e:eb:f0,0,1,70,0,0,0,0,1,70
04:00:60:ee:ff:ff,0,1,88,0,0,1,88,0,0
33:33:ff:22:d9:59,0,3,540,0,0,0,0,3,540
0a:7d:d4:cb:22:56,0,2,146,0,0,2,146,0,0
cc:69:fa:5d:ce:df,0,5,1385,0,0,5,1385,0,0
0a:7d:d4:cb:38:99,0,2,146,0,0,2,146,0,0
c9:8a:1c:1f:ee:38,0,1,76,0,0,1,76,0,0
88:27:5b:53:fe:0e,0,2,146,0,0,2,146,0,0
0a:7d:d4:cb:91:35,0,2,146,0,0,2,146,0,0
cb:25:b5:55:62:5f,0,1,76,0,0,0,0,1,76
cb:25:b5:55:79:48,0,1,70,0,0,1,70,0,0
d2:1d:b5:55:62:5f,0,1,70,0,0,0,0,1,70
04:00:b0:ef:ff:ff,0,1,88,0,0,1,88,0,0
fd:a3:6a:92:ca:81,0,1,70,0,0,1,70,0,0
d6:92:d1:ee:c7:71,0,1,70,0,0,1,70,0,0
b6:e2:7f:d2:cf:ab,0,2,146,0,0,2,146,0,0
04:00:f0:ef:ff:ff,0,1,88,0,0,1,88,0,0
04:00:10:f0:ff:ff,0,1,88,0,0,1,88,0,0
04:00:20:f0:ff:ff,0,1,88,0,0,1,88,0,0
cb:25:b5:55:eb:0f,0,1,76,0,0,1,76,0,0
b4:00:48:01:5c:ed,0,1,76,0,0,0,0,1,76
0d:c2:b5:55:eb:0f,0,1,70,0,0,1,70,0,0
c4:00:1c:01:c4:0a,0,1,70,0,0,0,0,1,70
b5:55:94:8a:4f:34,0,1,70,0,0,0,0,1,70
04:00:90:f0:ff:ff,0,1,88,0,0,1,88,0,0
0a:7d:d4:cb:ba:20,0,2,146,0,0,2,146,0,0
04:00:a0:f0:ff:ff,0,1,88,0,0,1,88,0,0
04:00:b0:f0:ff:ff,0,1,88,0,0,1,88,0,0
04:00:d0:f0:ff:ff,0,1,88,0,0,1,88,0,0
0a:7d:d4:cb:19:76,0,2,146,0,0,2,146,0,0
35:eb:42:c4:c7:71,0,1,70,0,0,1,70,0,0
dd:c2:1f:5c:b5:55,0,1,70,0,0,1,70,0,0
0a:7d:d4:cb:6f:13,0,2,146,0,0,2,146,0,0
04:00:c0:6d:ff:ff,0,1,88,0,0,1,88,0,0
04:00:90:6e:ff:ff,0,5,386,0,0,5,386,0,0
0a:7d:d4:cb:dc:d3,0,1,76,0,0,1,76,0,0
04:00:00:f1:ff:ff,0,1,88,0,0,1,88,0,0
04:00:10:f1:ff:ff,0,1,88,0,0,1,88,0,0
93:a8:f7:4a:00:3c,0,2,146,0,0,2,146,0,0
62:5f:4e:0b:7f:dc,0,2,146,0,0,2,146,0,0
62:5f:4e:0b:4f:8d,0,2,146,0,0,2,146,0,0
1c:36:87:6a:8c:f7,0,2,146,0,0,2,146,0,0
2c:e6:76:d9:00:3c,0,2,146,0,0,2,146,0,0
04:00:90:f1:ff:ff,0,1,88,0,0,1,88,0,0
04:00:a0:f1:ff:ff,0,1,88,0,0,1,88,0,0
0a:7d:d4:cb:6d:0e,0,2,146,0,0,2,146,0,0
c9:8a:1c:1f:b9:01,0,2,146,0,0,2,146,0,0
4f:ce:bb:21:d7:94,0,2,146,0,0,2,146,0,0
c5:4f:49:0b:28:ea,0,2,146,0,0,2,146,0,0
04:00:00:f2:ff:ff,0,1,88,0,0,1,88,0,0
62:5f:4e:0b:b9:07,0,2,146,0,0,2,146,0,0
0a:7d:d4:cb:91:71,0,2,146,0,0,2,146,0,0
88:27:5b:53:51:cb,0,2,146,0,0,2,146,0,0
9f:6d:a2:5e:91:71,0,2,146,0,0,2,146,0,0
0a:7d:d4:cb:4c:a5,0,2,146,0,0,2,146,0,0
82:f5:69:97:b5:54,0,2,146,0,0,0,0,2,146
e4:1b:e9:35:e1:ef,0,1,76,0,0,1,76,0,0
e4:1b:e9:35:34:25,0,2,146,0,0,2,146,0,0
c9:8a:1c:1f:cb:fa,0,2,146,0,0,2,146,0,0
0a:7d:d4:cb:8c:f7,0,2,146,0,0,2,146,0,0
33:33:ff:e2:f6:9d,0,1,180,0,0,0,0,1,180
05:e5:84:6e:a5:6e,0,2,146,0,0,2,146,0,0
0a:7d:d4:cb:d8:46,0,2,146,0,0,2,146,0,0
c7:71:e4:80:5b:fb,0,1,70,0,0,0,0,1,70
04:00:70:d8:ff:05,0,1,88,0,0,1,88,0,0
04:00:70:d8:ff:0d,0,1,88,0,0,1,88,0,0
04:00:70:d8:ff:1f,0,1,88,0,0,1,88,0,0
04:00:50:f3:ff:ff,0,1,88,0,0,1,88,0,0
0a:7d:d4:cb:a7:33,0,2,146,0,0,2,146,0,0
be:39:02:60:fc:7e,0,2,146,0,0,2,146,0,0
aa:c2:5a:0f:22:78,0,1,176,0,0,1,176,0,0
e0:05:c1:93:18:17,0,2,152,0,0,2,152,0,0
38:7d:a5:5e:18:17,0,2,146,0,0,2,146,0,0
38:7d:a5:5e:b9:9b,0,2,146,0,0,2,146,0,0
b5:55:00:0a:49:45,0,1,70,0,0,0,0,1,70
75:15:b7:06:9b:c6,0,1,76,0,0,1,76,0,0
d3:93:15:46:c7:71,0,1,70,0,0,1,70,0,0
0a:7d:d4:cb:03:93,0,2,146,0,0,2,146,0,0
8a:5d:53:73:82:78,0,2,146,0,0,2,146,0,0
85:b6:44:80:c1:6d,0,2,146,0,0,2,146,0,0
b5:54:04:00:40:7e,0,1,88,0,0,1,88,0,0
9c:28:f7:e7:64:a8,0,1,164,0,0,1,164,0,0
74:ab:2e:6e:81:c8,0,1,76,0,0,1,76,0,0
b5:54:04:00:50:6f,0,1,88,0,0,1,88,0,0
b5:54:04:00:70:6f,0,4,316,0,0,4,316,0,0
37:b1:1d:27:b5:54,0,1,166,0,0,0,0,1,166
b5:54:04:00:90:6f,0,1,88,0,0,1,88,0,0
b5:54:04:00:b0:6f,0,2,158,0,0,2,158,0,0
b5:54:04:00:d0:6f,0,1,88,0,0,1,88,0,0
17:3b:89:04:30:bf,0,1,166,0,0,1,166,0,0
c4:d4:e6:5a:62:52,0,1,166,0,0,0,0,1,166
04:00:50:70:ff:ff,0,1,88,0,0,1,88,0,0
33:33:ff:8d:8c:42,0,4,720,0,0,0,0,4,720
c8:89:f3:ab:5b:d2,0,9,3483,0,0,9,3483,0,0
f8:89:d2:e6:43:cb,0,1,154,0,0,1,154,0,0
33:33:ff:ee:b5:32,0,1,180,0,0,0,0,1,180
33:33:ff:e1:a8:df,0,1,180,0,0,0,0,1,180
c0:44:42:55:04:b3,0,2,640,0,0,2,640,0,0
ad:6d:d3:cb:16:ce,0,2,146,0,0,2,146,0,0
04:00:20:f4:ff:ff,0,1,88,0,0,1,88,0,0
33:33:ff:43:90:ee,0,1,172,0,0,0,0,1,172
04:00:60:f4:ff:ff,0,1,88,0,0,1,88,0,0
04:00:70:f4:ff:ff,0,1,88,0,0,1,88,0,0
04:00:80:f4:ff:ff,0,1,88,0,0,1,88,0,0
c7:71:d3:93:15:46,0,1,70,0,0,0,0,1,70
75:15:b7:06:00:3c,0,2,146,0,0,2,146,0,0
04:00:b0:f4:ff:ff,0,1,88,0,0,1,88,0,0
33:33:ff:62:43:00,0,1,180,0,0,0,0,1,180
6e:9a:1b:1f:b9:07,0,2,146,0,0,2,146,0,0
04:00:c0:f4:ff:ff,0,1,88,0,0,1,88,0,0
bc:89:a7:53:37:38,0,7,1528,0,0,7,1528,0,0
d2:71:18:d5:46:f8,0,2,140,0,0,2,140,0,0
ef:d1:0c:07:ac:28,0,1,70,0,0,0,0,1,70
d2:71:18:d5:00:af,0,1,76,0,0,0,0,1,76
ef:d1:18:d5:00:af,0,1,70,0,0,0,0,1,70
8b:5d:18:d5:00:af,0,1,70,0,0,0,0,1,70
8e:43:7b:d5:23:7a,0,2,146,0,0,2,146,0,0
17:96:58:54:f4:a8,0,2,146,0,0,2,146,0,0
04:00:e0:93:ff:ff,0,1,88,0,0,1,88,0,0
04:30:e0:63:00:00,0,1,88,0,0,1,88,0,0
b0:6e:72:d5:16:01,0,22,3999,0,0,22,3999,0,0
5c:c9:d1:c4:19:97,0,2,146,0,0,2,146,0,0
cb:25:b5:54:5c:c9,0,1,76,0,0,1,76,0,0
b4:00:b9:00:f8:89,0,1,76,0,0,0,0,1,76
cb:25:b5:54:d8:42,0,1,76,0,0,1,76,0,0
b4:00:ac:01:f8:89,0,1,76,0,0,0,0,1,76
00:8f:b5:54:d8:42,0,1,70,0,0,1,70,0,0
c4:00:82:01:c4:0a,0,1,70,0,0,0,0,1,70
6b:85:99:15:ab:fd,0,1,76,0,0,1,76,0,0
d2:c7:07:75:dc:d2,0,1,70,0,0,1,70,0,0
8d:29:cb:25:b5:55,0,1,70,0,0,0,0,1,70
8c:76:b5:54:04:00,0,1,70,0,0,0,0,1,70
00:3a:32:36:b8:ac,0,3,222,0,0,3,222,0,0
8c:7a:aa:e4:ef:c5,0,11,4432,0,0,11,4432,0,0
2d:ab:c7:1c:19:79,0,2,146,0,0,2,146,0,0
b5:54:96:6e:a6:f5,0,1,70,0,0,0,0,1,70
b5:54:ec:e5:45:b7,0,1,70,0,0,0,0,1,70
1c:36:87:6a:b9:07,0,2,146,0,0,2,146,0,0
1c:36:87:6a:9f:c5,0,1,76,0,0,1,76,0,0
8a:f7:db:75:9f:c5,0,2,146,0,0,2,146,0,0
c4:26:4c:29:fd:d6,0,1,171,0,0,1,171,0,0
59:31:e3:9d:21:56,0,1,171,0,0,0,0,1,171
b5:54:04:00:60:71,0,1,88,0,0,1,88,0,0
a6:e3:e8:21:66:27,0,2,146,0,0,2,146,0,0
f3:f2:60:88:b5:55,0,1,70,0,0,1,70,0,0
a2:a1:82:1a:78:7a,0,2,146,0,0,2,146,0,0
ee:a4:cb:25:b5:55,0,1,70,0,0,0,0,1,70
b5:54:04:00:a0:71,0,2,158,0,0,2,158,0,0
ce:45:3d:75:06:75,0,1,166,0,0,1,166,0,0
00:00:ec:07:63:cf,0,1,166,0,0,0,0,1,166
b5:54:04:00:d0:71,0,1,88,0,0,1,88,0,0
6e:9e:4a:f3:31:cc,0,1,166,0,0,1,166,0,0
b8:41:30:02:f6:21,0,1,166,0,0,0,0,1,166
46:14:6c:3f:fe:6e,0,4,298,0,0,4,298,0,0
46:14:6c:3f:7d:e9,0,2,146,0,0,2,146,0,0
ff:ff:ff:ff:ae:7b,0,1,84,0,0,1,84,0,0
46:14:6c:3f:88:47,0,2,146,0,0,2,146,0,0
31:a7:72:40:31:4e,0,2,146,0,0,2,146,0,0
33:33:ff:4d:fa:64,0,1,180,0,0,0,0,1,180
7f:15:2d:22:b5:51,0,1,70,0,0,1,70,0,0
5d:9b:c0:26:d9:61,0,3,222,0,0,3,222,0,0
09:fc:2a:0c:b5:53,0,1,70,0,0,1,70,0,0
46:14:6c:3f:51:12,0,1,76,0,0,1,76,0,0
da:96:bf:11:4b:56,0,4,1246,0,0,4,1246,0,0
46:14:6c:3f:a1:62,0,4,304,0,0,4,304,0,0
46:14:6c:3f:d3:c2,0,2,152,0,0,2,152,0,0
07:b9:2b:73:16:ce,0,2,146,0,0,2,146,0,0
46:14:6c:3f:d2:41,0,2,146,0,0,2,146,0,0
b5:54:04:00:30:7f,0,1,88,0,0,1,88,0,0
33:33:ff:d5:f5:65,0,1,180,0,0,0,0,1,180
46:14:6c:3f:b9:07,0,1,76,0,0,1,76,0,0
46:14:6c:3f:bb:ab,0,3,222,0,0,3,222,0,0
bc:f7:30:0a:ba:c0,0,16,2464,0,0,16,2464,0,0
5d:9b:c0:26:a8:8d,0,1,76,0,0,1,76,0,0
05:00:f0:ee:ff:ff,0,1,88,0,0,1,88,0,0
60:6e:e8:df:f0:37,0,1,164,0,0,1,164,0,0
1c:bf:c0:0c:17:79,0,18,10263,0,0,18,10263,0,0
33:33:ff:78:2c:81,0,15,2696,0,0,0,0,15,2696
5d:9b:c0:26:60:35,0,1,76,0,0,1,76,0,0
ac:c9:06:9d:30:3d,0,18,7762,0,0,18,7762,0,0
5d:9b:c0:26:a1:62,0,2,146,0,0,2,146,0,0
33:33:ff:0c:58:13,0,2,360,0,0,0,0,2,360
8b:5d:ff:78:2c:81,0,2,140,0,0,0,0,2,140
50:c2:e8:16:5c:63,0,4,934,0,0,4,934,0,0
e4:84:d3:38:d3:4d,0,14,2148,0,0,14,2148,0,0
5d:9b:c0:26:e2:8d,0,2,146,0,0,2,146,0,0
5d:9b:c0:26:a4:6f,0,2,146,0,0,2,146,0,0
2d:d0:a3:f2:13:3b,0,1,70,0,0,1,70,0,0
e4:86:cb:25:b5:55,0,1,70,0,0,0,0,1,70
88:a3:03:2d:4b:2b,0,1,164,0,0,1,164,0,0
a4:cc:b9:03:e4:5b,0,19,3018,0,0,19,3018,0,0
46:14:6c:3f:00:3c,0,3,222,0,0,3,222,0,0
2c:a7:ef:54:42:b9,0,8,1772,0,0,8,1772,0,0
b5:54:04:00:c0:7f,0,1,88,0,0,1,88,0,0
d0:04:01:5b:36:22,0,14,2384,0,0,14,2384,0,0
04:00:00:07:ff:ff,0,1,88,0,0,1,88,0,0
33:33:ff:0e:a9:62,0,9,1620,0,0,0,0,9,1620
a4:55:90:36:9f:d2,0,2,488,0,0,2,488,0,0
be:c7:eb:34:3e:a7,0,1,70,0,0,1,70,0,0
9e:a7:c0:05:e7:99,0,2,146,0,0,2,146,0,0
04:00:80:73:ff:ff,0,2,176,0,0,2,176,0,0
4c:6b:e8:aa:30:42,0,6,1524,0,0,6,1524,0,0
33:33:ff:24:83:67,0,1,180,0,0,0,0,1,180
ca:83:18:da:e4:5b,0,2,146,0,0,2,146,0,0
04:00:d0:73:ff:ff,0,1,88,0,0,1,88,0,0
2a:28:de:59:0a:e6,0,1,76,0,0,1,76,0,0
c8:89:f3:c0:d6:93,0,11,9920,0,0,11,9920,0,0
fa:a7:f1:67:64:3b,0,2,146,0,0,2,146,0,0
5d:9b:c0:26:8f:2f,0,2,146,0,0,2,146,0,0
ff:ff:ff:ff:9d:e1,0,1,84,0,0,1,84,0,0
13:22:f8:f4:3c:57,0,1,76,0,0,1,76,0,0
46:14:6c:3f:c4:aa,0,2,146,0,0,2,146,0,0
33:33:ff:f8:9c:55,0,1,180,0,0,0,0,1,180
5d:9b:c0:26:35:76,0,1,76,0,0,1,76,0,0
dc:b7:2e:76:30:3c,0,20,7764,0,0,20,7764,0,0
04:00:20:07:ff:ff,0,1,88,0,0,1,88,0,0
64:0c:db:d5:b5:53,0,1,70,0,0,1,70,0,0
1e:6c:73:52:ba:c0,0,2,146,0,0,2,146,0,0
b5:54:04:00:40:80,0,1,88,0,0,1,88,0,0
f0:65:ae:97:ba:f8,0,1,164,0,0,1,164,0,0
e3:0c:c5:56:85:23,0,5,362,0,0,5,362,0,0
4e:3c:39:20:1b:04,0,2,152,0,0,2,152,0,0
4e:3c:39:20:78:05,0,1,76,0,0,1,76,0,0
46:14:6c:3f:6c:15,0,3,222,0,0,3,222,0,0
d5:12:9c:65:19:97,0,4,292,0,0,4,292,0,0
d5:12:9c:65:80:3e,0,3,222,0,0,3,222,0,0
4e:3c:39:20:9c:57,0,2,152,0,0,2,152,0,0
50:49:b0:1e:a8:2b,0,14,2248,0,0,14,2248,0,0
4e:3c:39:20:ee:38,0,1,76,0,0,1,76,0,0
2a:28:de:59:6a:ef,0,2,152,0,0,2,152,0,0
35:b9:5a:e6:6a:ef,0,1,76,0,0,1,76,0,0
33:33:ff:9b:13:db,0,3,540,0,0,0,0,3,540
35:b9:5a:e6:7a:06,0,1,76,0,0,1,76,0,0
4e:3c:39:20:69:96,0,1,76,0,0,1,76,0,0
35:b9:5a:e6:88:7e,0,1,76,0,0,1,76,0,0
35:b9:5a:e6:47:8d,0,3,222,0,0,3,222,0,0
35:b9:5a:e6:1e:a8,0,3,222,0,0,3,222,0,0
2a:28:de:59:01:b7,0,2,152,0,0,2,152,0,0
3e:0c:3e:1a:01:d2,0,1,76,0,0,1,76,0,0
2a:28:de:59:29:dc,0,2,146,0,0,2,146,0,0
74:ab:2e:6e:38:99,0,2,152,0,0,2,152,0,0
8f:30:77:30:13:4c,0,2,146,0,0,2,146,0,0
ed:7a:7c:56:07:75,0,1,179,0,0,1,179,0,0
88:41:49:00:44:74,0,1,179,0,0,0,0,1,179
b5:54:04:00:80:74,0,1,88,0,0,1,88,0,0
f4:41:86:61:13:4c,0,2,146,0,0,2,146,0,0
f4:41:86:61:bc:0a,0,2,146,0,0,2,146,0,0
71:58:24:ee:b8:ac,0,2,146,0,0,2,146,0,0
cb:25:b5:54:9a:b2,0,1,76,0,0,1,76,0,0
b4:00:93:01:f8:89,0,1,76,0,0,0,0,1,76
ba:51:b5:54:9a:b2,0,1,70,0,0,1,70,0,0
c4:00:69:01:c4:0a,0,1,70,0,0,0,0,1,70
cb:25:b5:54:09:2a,0,1,70,0,0,1,70,0,0
76:8b:b5:54:ab:2f,0,1,70,0,0,0,0,1,70
8f:30:77:30:19:97,0,2,146,0,0,2,146,0,0
b5:54:04:00:a0:74,0,1,88,0,0,1,88,0,0
99:ef:11:b7:b5:6b,0,4,292,0,0,4,292,0,0
b5:54:11:33:21:f4,0,2,140,0,0,0,0,2,140
b5:54:9e:1d:14:44,0,1,70,0,0,0,0,1,70
43:e8:41:f3:b5:52,0,1,70,0,0,1,70,0,0
5d:9b:c0:26:e5:e8,0,1,76,0,0,1,76,0,0
5d:9b:c0:26:ad:95,0,5,374,0,0,5,374,0,0
5d:9b:c0:26:d7:55,0,4,304,0,0,4,304,0,0
5d:9b:c0:26:6f:13,0,2,146,0,0,2,146,0,0
5d:9b:c0:26:09:72,0,1,76,0,0,1,76,0,0
5d:9b:c0:26:c1:ab,0,3,228,0,0,3,228,0,0
bd:6c:44:38:ad:95,0,2,146,0,0,2,146,0,0
a6:e3:e8:21:2e:d2,0,2,146,0,0,2,146,0,0
5d:9b:c0:26:36:8b,0,1,76,0,0,1,76,0,0
5d:9b:c0:26:9f:c5,0,2,146,0,0,2,146,0,0
a6:e3:e8:21:4c:60,0,2,146,0,0,2,146,0,0
1d:64:96:88:bf:5b,0,2,146,0,0,2,146,0,0
1d:64:96:88:7d:42,0,2,146,0,0,2,146,0,0
6b:85:99:15:7d:42,0,1,76,0,0,1,76,0,0
ab:2f:54:70:34:25,0,2,146,0,0,2,146,0,0
46:14:6c:3f:19:97,0,2,146,0,0,2,146,0,0
33:33:ff:28:f5:90,0,1,180,0,0,0,0,1,180
46:14:6c:3f:14:ca,0,2,146,0,0,2,146,0,0
46:14:6c:3f:1a:67,0,3,228,0,0,3,228,0,0
46:14:6c:3f:c6:85,0,3,222,0,0,3,222,0,0
db:d1:0a:88:b5:54,0,1,70,0,0,1,70,0,0
ff:ff:ff:ff:62:d6,0,1,84,0,0,1,84,0,0
a0:91:d2:d9:ca:85,0,1,70,0,0,1,70,0,0
5d:9b:c0:26:e2:ee,0,1,76,0,0,1,76,0,0
14:d4:24:19:96:2d,0,12,2134,0,0,12,2134,0,0
5d:9b:c0:26:91:4e,0,1,76,0,0,1,76,0,0
d5:12:9c:65:0d:12,0,3,216,0,0,3,216,0,0
04:00:90:75:ff:ff,0,1,88,0,0,1,88,0,0
cb:25:b5:54:f1:cd,0,3,228,0,0,0,0,3,228
ff:ff:ff:ff:af:f8,0,1,84,0,0,1,84,0,0
46:14:6c:3f:6f:13,0,2,146,0,0,2,146,0,0
cb:25:e6:35:2a:97,0,1,76,0,0,0,0,1,76
04:fa:83:85:78:77,0,2,308,0,0,2,308,0,0
d8:56:80:e0:8c:6b,0,1,76,0,0,1,76,0,0
33:33:ff:42:55:08,0,2,360,0,0,0,0,2,360
75:12:87:a5:46:a4,0,1,76,0,0,1,76,0,0
1e:9d:ac:99:81:8c,0,6,2038,0,0,6,2038,0,0
04:00:10:db:0f:00,0,1,88,0,0,1,88,0,0
04:00:10:db:1f:00,0,1,88,0,0,1,88,0,0
04:00:10:db:3f:00,0,1,88,0,0,1,88,0,0
04:00:10:db:7f:00,0,1,88,0,0,1,88,0,0
b5:54:04:00:70:80,0,3,228,0,0,3,228,0,0
33:33:ff:9a:52:5f,0,1,180,0,0,0,0,1,180
d8:b0:53:57:68:35,0,13,4092,0,0,13,4092,0,0
0c:e4:41:ec:d8:a9,0,2,600,0,0,2,600,0,0
7d:5a:ff:92:9b:f7,0,1,76,0,0,1,76,0,0
04:00:10:db:ff:01,0,1,88,0,0,1,88,0,0
7d:5a:ff:92:b8:ac,0,3,216,0,0,3,216,0,0
5d:9b:c0:26:ba:c8,0,2,146,0,0,2,146,0,0
06:14:54:a3:d3:6d,0,1,76,0,0,1,76,0,0
9c:28:f7:db:5d:52,0,5,1056,0,0,5,1056,0,0
06:14:54:a3:5d:52,0,1,76,0,0,1,76,0,0
06:14:54:a3:31:21,0,2,146,0,0,2,146,0,0
06:14:54:a3:8b:b0,0,1,76,0,0,1,76,0,0
04:00:00:d1:ff:ff,0,1,88,0,0,1,88,0,0
e8:5f:02:0e:e7:d7,0,15,4314,0,0,15,4314,0,0
04:00:20:d1:ff:ff,0,1,88,0,0,1,88,0,0
04:00:10:db:ff:07,0,1,88,0,0,1,88,0,0
33:33:ff:21:84:7c,0,1,180,0,0,0,0,1,180
55:b7:e2:96:00:3c,0,1,76,0,0,1,76,0,0
33:33:ff:0e:4f:f5,0,2,360,0,0,0,0,2,360
04:00:e0:07:ff:ff,0,1,88,0,0,1,88,0,0
74:a4:88:88:99:1b,0,2,146,0,0,2,146,0,0
bc:f7:30:1f:19:9a,0,4,800,0,0,4,800,0,0
33:33:ff:1f:63:3e,0,1,180,0,0,0,0,1,180
17:96:58:54:b9:01,0,2,146,0,0,2,146,0,0
8e:43:7b:d5:5d:52,0,2,146,0,0,2,146,0,0
16:03:cd:38:3e:a7,0,1,70,0,0,1,70,0,0
33:33:ff:90:b9:9f,0,1,180,0,0,0,0,1,180
0f:c7:a0:3f:ca:80,0,1,70,0,0,1,70,0,0
ac:52:c4:a1:ca:81,0,1,70,0,0,1,70,0,0
33:33:ff:8f:29:30,0,1,180,0,0,0,0,1,180
33:33:ff:2c:56:eb,0,2,360,0,0,0,0,2,360
